	0	1
0	723.8	6.230811893389724e-09
1	654.8	5.323577694065847e-09
2	814.8	7.130653293480356e-09
3	868.2	6.8559462794935984e-09
4	760.9	5.851041670710322e-09
5	758.0	4.874173401666643e-09
6	688.2	5.87856193517322e-09
7	648.0	6.339670134673476e-09
8	747.6	5.99977805003389e-09
9	707.1	6.287687072016046e-09
10	673.9	6.607705384919513e-09
11	830.1	6.7609148942147115e-09
12	805.1	5.1600946404005276e-09
13	748.6	7.0070423552026846e-09
14	670.1	5.361377170621657e-09
15	895.0	6.6904995331131064e-09
16	702.7	7.642427102452286e-09
17	805.9	6.692730940349024e-09
18	778.6	5.5030124903172524e-09
19	639.8	7.1926387376293585e-09
20	738.3	5.338241134920057e-09
21	703.6	5.404163200225195e-09
22	764.5	6.684938343563974e-09
23	727.6	7.394422307677478e-09
24	707.6	7.140953805569417e-09
25	719.3	7.56123958843441e-09
26	792.2	5.606233063381497e-09
27	782.6	5.313069267655196e-09
28	744.5	6.667680458334827e-09
29	638.9	5.154988084314173e-09
30	669.1	6.101712225380801e-09
31	763.1	6.625671636891827e-09
32	791.2	7.063633686814786e-09
33	785.9	6.797298529007225e-09
34	695.4	6.974220051672589e-09
35	653.2	6.654904387791986e-09
36	704.6	6.254944342838366e-09
37	718.0	5.0915624506011995e-09
38	742.2	6.118210295526523e-09
39	686.8	5.639944957140104e-09
40	795.6	6.380822105067307e-09
41	758.2	7.774206663108992e-09
42	861.4	6.938746508906395e-09
43	834.4	6.691746668757112e-09
44	787.8	5.98703452746476e-09
45	807.7	6.747497618848174e-09
46	769.4	5.726106094622964e-09
47	739.3	5.236950946324624e-09
48	647.6	6.322209612184165e-09
49	785.3	7.960373257419708e-09
50	3171.3	6.88418204245823e-09
51	3156.0	7.151105437477488e-09
52	3097.0	6.258405277955055e-09
53	3116.0	7.497801787625906e-09
54	3291.1	6.115743900606251e-09
55	3008.2	6.962924071812163e-09
56	3117.5	6.132085576441887e-09
57	3169.4	6.635886295847597e-09
58	3053.1	7.3721442052193106e-09
59	2998.9	5.898792917168398e-09
60	3081.6	7.268092812792915e-09
61	2894.6	8.197260356125537e-09
62	3294.0	5.8469779255923384e-09
63	3181.4	6.049945357232553e-09
64	3098.0	7.94053049970358e-09
65	3147.8	6.5098002638144325e-09
66	3181.9	7.50891803250603e-09
67	3074.7	5.217914844483321e-09
68	3203.5	5.851478018307528e-09
69	3153.5	7.251035974520341e-09
70	3041.4	6.450462733313519e-09
71	3165.9	6.982880966773112e-09
72	3034.8	6.113916570890908e-09
73	3070.9	4.618053144242813e-09
74	3088.2	7.243655123049274e-09
75	3074.5	7.169937540668745e-09
76	3120.1	5.372659833050584e-09
77	3062.7	6.3800371411187075e-09
78	3152.9	6.84753073885654e-09
79	3120.2	5.504999561017787e-09
80	3113.0	6.398282405594721e-09
81	3031.5	5.497181744589047e-09
82	3019.9	6.4996518857352275e-09
83	3095.2	6.343121898938396e-09
84	3203.7	6.4459975458690835e-09
85	3041.0	6.3248609353203846e-09
86	3155.1	6.574561948196534e-09
87	3099.0	5.54228858883704e-09
88	3010.2	7.379884597682511e-09
89	3096.7	6.759011015003324e-09
90	2857.6	5.27747196295284e-09
91	3101.5	6.461420396150526e-09
92	3149.7	6.280573099385715e-09
93	3053.6	4.968845193255773e-09
94	2921.4	4.429517483848636e-09
95	3232.3	6.12722909865813e-09
96	3159.0	6.5868387443810196e-09
97	2959.5	6.832996625946692e-09
98	3028.2	6.0756297695355605e-09
99	3175.9	7.0962572706208e-09
100	47468.0	1.7909263035150171
101	46442.3	1.7909263030521576
102	45598.0	1.7909263036688867
103	45585.8	1.4401220281781895
104	47325.2	1.9857980294457978
105	38695.0	1.1939508959039682
106	45174.5	1.49243858654595
107	50000.0	2.0894130169005476
108	46105.9	1.7909252959031137
109	43534.7	1.1939508700589758
110	45599.5	1.5919508085969905
111	50000.0	2.6863859231347154
112	50000.0	1.591937472105894
113	50000.0	1.4040669827571848
114	39721.5	1.691429894421463
115	50000.0	2.089413516117223
116	45114.9	2.409730346870351
117	46759.7	1.5919344919469258
118	45429.9	1.6914303978535987
119	50000.0	1.9899181141869318
120	50000.0	1.7909461169622294
121	45458.8	1.7713939683993558
122	45584.5	1.727757271833451
123	45585.1	1.8656484434156497
124	50000.0	1.8904222084772921
125	50000.0	1.7909263027679194
126	46273.7	2.0894135166854984
127	50000.0	1.7909263027681614
128	45501.5	1.8119880910609776
129	50000.0	2.985050599112516
130	50000.0	1.7988594405897715
131	45694.5	1.790926303160266
132	50000.0	1.691430397058592
133	40286.7	1.9899176120517523
134	41417.4	1.890421705947023
135	46286.8	2.288405328818281
136	50000.0	1.8904222086510643
137	42991.2	1.3182242225434853
138	46625.9	1.5919344920350262
139	45931.1	2.7858823410691222
140	50000.0	1.591934491371546
141	45854.9	2.000097066238037
142	50000.0	1.9899181141866165
143	40255.9	1.492438586396026
144	50000.0	1.5626067139871402
145	50000.0	1.8904222084786162
146	35300.4	0.7959877821344472
147	50000.0	2.4506741487393877
148	45149.9	1.5002706595905182
149	40668.8	1.5919344932436226
150	50000.0	5.173784148723675
151	50000.0	4.576809647540207
152	50000.0	3.1838689828342988
153	50000.0	4.752215283274397
154	50000.0	4.576820956364753
155	50000.0	4.8943495262676375
156	50000.0	3.8803534138941833
157	50000.0	3.3828602903766054
158	50000.0	3.18386847896227
159	50000.0	3.8803388133027794
160	45714.9	4.651499921736451
161	50000.0	4.875296860848059
162	50000.0	4.079345377002914
163	50000.0	6.316241078711018
164	50000.0	4.139778342770839
165	50000.0	4.278358091094111
166	50000.0	3.5821193353820133
167	50000.0	4.377849351192522
168	50000.0	4.083194171968367
169	50000.0	3.1838689731335843
170	50000.0	4.974792290028463
171	50000.0	3.28336388084404
172	50000.0	3.880338919934755
173	50000.0	4.67630504942894
174	50000.0	3.1838689985603414
175	50000.0	3.780843566669103
176	50000.0	3.581851931129383
177	50000.0	2.9848775017656615
178	50000.0	3.9798347178306495
179	50000.0	4.079331127094332
180	50000.0	3.1838703297178523
181	50000.0	3.8362824258593493
182	50000.0	4.377818361081721
183	50000.0	6.268235505981164
184	50000.0	4.278322055186196
185	50000.0	5.273279853146937
186	50000.0	3.752413016816545
187	50000.0	3.97983522081154
188	50000.0	3.4823562053645034
189	50000.0	3.6813505495700563
190	50000.0	4.618874856352089
191	50000.0	4.278322512473098
192	50000.0	4.278322434155456
193	50000.0	4.079590795180479
194	50000.0	4.576810128992939
195	50000.0	4.775801458920606
196	50000.0	4.178888007771307
197	50000.0	4.377818354381957
198	50000.0	3.780846443141043
199	50000.0	4.178824004992745
200	107.5	0.0
201	84.0	0.0
202	81.0	0.0
203	95.4	0.0
204	97.8	0.0
205	98.1	0.0
206	97.0	0.0
207	97.8	0.0
208	94.8	0.0
209	132.0	0.0
210	100.9	0.0
211	102.6	0.0
212	89.7	0.0
213	84.0	0.0
214	110.6	0.0
215	90.2	0.0
216	95.4	0.0
217	107.5	0.0
218	89.0	0.0
219	97.8	0.0
220	108.5	0.0
221	106.3	0.0
222	86.7	0.0
223	99.7	0.0
224	91.1	0.0
225	106.1	0.0
226	118.6	0.0
227	97.8	0.0
228	100.3	0.0
229	110.6	0.0
230	106.4	0.0
231	86.5	0.0
232	97.0	0.0
233	108.4	0.0
234	99.1	0.0
235	109.5	0.0
236	88.6	0.0
237	89.7	0.0
238	90.2	0.0
239	99.7	0.0
240	81.0	0.0
241	86.4	0.0
242	133.2	0.0
243	98.8	0.0
244	97.4	0.0
245	86.7	0.0
246	99.7	0.0
247	86.4	0.0
248	109.0	0.0
249	100.9	0.0
250	2112.4	9.016655874542297e-10
251	2165.1	9.089429233483836e-10
252	2005.7	8.937423893807512e-10
253	2222.8	7.882581442619642e-10
254	2253.2	7.475725184494118e-10
255	2226.2	9.350460717824053e-10
256	2260.8	9.92437972878925e-10
257	2490.8	7.643519309552075e-10
258	2036.7	7.891356080084797e-10
259	2234.9	9.565110448840051e-10
260	2189.6	7.447876694650356e-10
261	2227.3	8.525467839226777e-10
262	2458.8	8.55335092772913e-10
263	1967.5	8.224145660675306e-10
264	2168.7	9.195341564513969e-10
265	2048.7	9.314810169116848e-10
266	2166.4	8.744288277215735e-10
267	2271.2	8.421234839184689e-10
268	2257.3	8.173578012159011e-10
269	1950.1	8.80615889053911e-10
270	1789.6	8.47725944155845e-10
271	2311.2	9.184968561409322e-10
272	2133.4	7.82892064244466e-10
273	2323.2	9.304078516539308e-10
274	2442.4	8.958040500561237e-10
275	2158.9	7.813916962680392e-10
276	2184.0	8.430052561329495e-10
277	2004.6	8.451912425014996e-10
278	2220.0	8.6982989529263e-10
279	2111.9	7.497091176687177e-10
280	2159.6	8.238331182160929e-10
281	2069.4	9.067059043289367e-10
282	2125.1	8.887837939273153e-10
283	2091.5	8.003981054929974e-10
284	2106.8	8.900046793107526e-10
285	2044.4	7.703158068981337e-10
286	2270.4	7.981126396251013e-10
287	2191.5	9.242387603364688e-10
288	2362.6	9.196617816233411e-10
289	2171.8	9.878171241461754e-10
290	2125.9	8.871298872210866e-10
291	2119.1	7.988876019345966e-10
292	1964.1	8.925513229158719e-10
293	2141.9	9.796650280233746e-10
294	2023.7	8.488697291185335e-10
295	2088.6	7.665218829097891e-10
296	2185.9	8.894955092623185e-10
297	2098.3	8.46087161071149e-10
298	2053.0	8.673911160971734e-10
299	2115.3	7.641967563025615e-10
300	1314.7	0.0
301	50000.0	92.9400000036361
302	50000.0	35.35000000425434
303	50000.0	3.8200000041622237
304	50000.0	21.750000005988703
305	50000.0	64.79000000495459
306	50000.0	54.07000000549218
307	1580.5	0.0
308	50000.0	22.63000000433066
309	50000.0	15.540000003776612
310	1300.2	0.0
311	50000.0	396.0400000048592
312	50000.0	128.11000000474604
313	3348.6	0.0
314	50000.0	311.01000000430855
315	1457.5	0.0
316	50000.0	29.260000004831067
317	8169.7	0.0
318	50000.0	43.190000004356975
319	50000.0	1000.0000000041169
320	50000.0	290.9700000040544
321	3175.1	0.0
322	1313.2	0.0
323	2113.8	0.0
324	50000.0	412.9200000051407
325	50000.0	216.9400000060793
326	50000.0	117.50000000380598
327	50000.0	53.480000005081976
328	50000.0	7.780000004940862
329	50000.0	72.60000000415981
330	1383.1	0.0
331	50000.0	14.650000003944935
332	2005.2	0.0
333	50000.0	10.21000000371857
334	50000.0	39.06000000522533
335	1252.0	0.0
336	50000.0	263.200000003733
337	50000.0	14.140000006325163
338	50000.0	42.42000000513298
339	50000.0	2.364366775281397
340	1440.2	0.0
341	1491.6	0.0
342	50000.0	675.0100000039178
343	1248.1	0.0
344	1423.5	0.0
345	1029.2	0.0
346	50000.0	56.81000000577014
347	50000.0	42.09000000426354
348	50000.0	45.79000000426493
349	1255.1	0.0
350	8230.7	7.33634201817539e-05
351	4032.0	7.3599401888192406e-09
352	4960.1	5.410090064474938e-09
353	4018.0	5.50442709732998e-09
354	4439.1	6.826099194188969e-09
355	3840.7	7.3200558430759804e-09
356	3928.8	7.212486470958819e-09
357	4007.0	7.707135006659222e-09
358	8679.0	0.00015456557978587852
359	3689.5	7.014043649525933e-09
360	3982.2	7.283567967229817e-09
361	8866.6	1.6482816317527841e-06
362	3774.5	5.9221610755019014e-09
363	3811.3	6.237634244709609e-09
364	4149.8	6.079913956857657e-09
365	4125.8	8.068979435704938e-09
366	3738.5	7.057083922468261e-09
367	3920.3	5.53929958691376e-09
368	8633.7	1.3105691686055788e-06
369	6152.5	6.76105559336489e-09
370	8350.7	1.4570750832750697e-07
371	4000.4	7.366811788583845e-09
372	10883.1	2.1977125931445813e-05
373	3711.1	6.950926397056589e-09
374	8665.8	0.0014415038105291776
375	3972.7	6.70037462293741e-09
376	3864.0	6.730416447758365e-09
377	4216.9	6.781752433891743e-09
378	3960.5	7.001446421006958e-09
379	3866.3	6.934890430638098e-09
380	4165.6	6.548609073081633e-09
381	3681.9	5.739140189972776e-09
382	4373.6	7.132226416877822e-09
383	8620.5	1.9136900270106643e-08
384	8786.0	2.0809947285825838e-05
385	4142.4	6.745435692122479e-09
386	3764.6	7.145222747570908e-09
387	3594.6	5.3288290868119975e-09
388	8427.9	0.0005128537984015113
389	8762.7	0.00719151100431252
390	8716.6	4.03373545120979e-05
391	3587.5	5.9242192084129084e-09
392	4063.3	6.5780209906348e-09
393	4292.8	6.622504198506702e-09
394	4021.9	5.6089269843614175e-09
395	3959.7	7.0758191086222315e-09
396	8783.4	0.0005423503964598153
397	5940.3	7.282552092391413e-09
398	4191.1	6.865588922262285e-09
399	3841.8	6.958424888859108e-09
400	3915.6	6.661295790218999e-09
401	3766.5	6.291785927368185e-09
402	3747.0	7.101512152495178e-09
403	3964.2	6.527648341857768e-09
404	3580.2	6.938307620648345e-09
405	3939.1	6.791720459194225e-09
406	3907.1	6.1969941181966316e-09
407	3761.4	5.104041541199789e-09
408	3209.0	6.885583214880401e-09
409	3302.7	6.211164310981314e-09
410	3446.0	6.0538253320174745e-09
411	3635.2	6.731334162010096e-09
412	3595.5	7.285337240013551e-09
413	3538.7	5.96269320508754e-09
414	3774.0	6.971945557912678e-09
415	4023.5	6.570947895922112e-09
416	3486.7	7.229077432214575e-09
417	3681.9	6.2110827488986116e-09
418	3532.0	5.843278637501292e-09
419	12872.6	5.699957922704677e-06
420	3619.9	6.5134021469778875e-09
421	3972.1	5.048810143498014e-09
422	3967.1	5.518639654240416e-09
423	3504.5	6.054481332687929e-09
424	4145.8	5.3229877085962265e-09
425	3805.2	5.669777517081927e-09
426	3646.4	7.204164170050596e-09
427	3618.7	6.503410880423942e-09
428	3717.9	7.209226482589278e-09
429	3926.2	6.925480138776418e-09
430	8417.0	9.623672681108044e-05
431	4124.6	7.499024215765197e-09
432	3481.6	6.132383149930572e-09
433	3463.6	6.845474684469506e-09
434	3421.2	8.19797429561307e-09
435	3609.1	6.788629039273192e-09
436	3666.6	5.9445363652043315e-09
437	3275.1	5.705259595068232e-09
438	3402.4	6.062134633317475e-09
439	8780.9	0.006926555579373087
440	3555.2	6.310491763767582e-09
441	3620.3	7.912017734463971e-09
442	3450.4	5.7785560576845285e-09
443	3806.2	6.2747602293149645e-09
444	4014.2	7.312058136108225e-09
445	3789.5	4.953029776689507e-09
446	3773.9	5.456345631875551e-09
447	3837.1	6.6981640151651215e-09
448	3522.6	6.9788803643210606e-09
449	3872.8	5.880923203803297e-09
450	3065.2	5.452669922296892e-09
451	3124.0	5.773211456500982e-09
452	3216.1	6.018691631961398e-09
453	2944.0	6.159801941892113e-09
454	3084.3	6.023766789933135e-09
455	3200.8	6.443168500531205e-09
456	2912.5	6.335575754447276e-09
457	3248.5	6.942730925910394e-09
458	3184.1	6.0276678749315705e-09
459	2968.0	7.207633260856761e-09
460	3006.5	6.760415378184164e-09
461	2984.7	7.37869966117177e-09
462	2965.6	6.5458255138643835e-09
463	3067.9	6.9155556317588364e-09
464	2975.3	6.463008080732213e-09
465	3053.5	5.552028877700311e-09
466	3079.1	6.676527294921507e-09
467	3155.4	5.735550298392514e-09
468	3047.9	7.125611096374845e-09
469	3105.7	6.570932108790648e-09
470	2880.2	5.8793518606800975e-09
471	3132.8	6.769519085579528e-09
472	3180.0	6.63216889522626e-09
473	2943.9	5.176716994521252e-09
474	3147.4	7.078150357062794e-09
475	3112.2	6.3868795485318355e-09
476	3066.0	5.9407167431450425e-09
477	3503.8	6.060894131380052e-09
478	3131.6	6.398869534845241e-09
479	3210.0	6.856730286860724e-09
480	3250.1	6.242408330080996e-09
481	3163.7	5.909445617962215e-09
482	3085.0	6.219322088261847e-09
483	3011.7	6.339029487428346e-09
484	3134.6	7.576373583773242e-09
485	3147.1	6.262507446768835e-09
486	3015.1	5.4657359602307e-09
487	3026.9	7.55687977706402e-09
488	3053.9	5.86656296041679e-09
489	3035.7	6.294730005090545e-09
490	3047.1	5.070463509003863e-09
491	3160.7	5.776720430993351e-09
492	3125.1	5.888721101850642e-09
493	3161.6	5.696086561405312e-09
494	3166.1	5.436975718234697e-09
495	3111.5	6.80573152936944e-09
496	3030.1	7.054784945626249e-09
497	3173.5	5.569683084586281e-09
498	3107.5	7.347290337686295e-09
499	3168.2	6.7472663942834645e-09
500	3495.6	6.275590449633563e-09
501	3478.1	6.485967608790925e-09
502	3846.1	5.359077761170891e-09
503	3486.3	5.496459413647207e-09
504	3631.5	6.459086026608479e-09
505	3752.5	5.823703382418996e-09
506	3614.1	6.860562939067205e-09
507	3483.4	6.272979427941187e-09
508	3797.2	6.5290059181052005e-09
509	3858.7	7.938966736900129e-09
510	3500.8	5.407910758303408e-09
511	3523.3	6.1305115151668605e-09
512	3443.4	6.767257914741762e-09
513	3538.3	6.082085534852841e-09
514	3446.7	6.464278071647259e-09
515	3539.3	6.94650363720917e-09
516	3402.7	6.465725648696554e-09
517	3903.3	6.509197204666559e-09
518	3479.0	4.913250965428461e-09
519	3410.0	6.719392364182312e-09
520	3779.1	5.781560091669154e-09
521	3297.3	6.736280257608987e-09
522	3395.1	5.040028582520668e-09
523	3707.6	6.7421802803836695e-09
524	3656.8	6.8885669141299205e-09
525	3560.7	5.677257487882755e-09
526	3383.6	7.139207474100012e-09
527	4260.8	6.487604476465926e-09
528	3487.5	6.202519931673177e-09
529	3546.7	5.510875277640141e-09
530	3913.7	6.339347224282948e-09
531	3450.4	6.367790904187557e-09
532	3307.3	7.336685029226631e-09
533	3834.7	5.841773087325779e-09
534	3376.2	6.252321364544939e-09
535	3374.8	7.258779521646293e-09
536	4195.7	6.354336774101266e-09
537	3860.2	6.9094223970479635e-09
538	3517.9	7.579303226152363e-09
539	3618.7	6.9044499158157335e-09
540	3383.5	6.8442739894052015e-09
541	3540.6	6.315034833323909e-09
542	3445.3	6.901720700501282e-09
543	3473.6	7.665731745593512e-09
544	3607.3	6.856247993969207e-09
545	3836.9	6.2003306477753395e-09
546	3523.2	6.790841607462068e-09
547	3790.6	6.908750205476304e-09
548	3690.7	6.831513744572355e-09
549	3394.5	6.685127811126844e-09
550	24924.9	6.042937160657862e-05
551	11673.3	4.4695180738890396e-07
552	4396.0	7.946613996375623e-09
553	21098.3	2.603957141696373e-06
554	4812.4	6.338228294674885e-09
555	4401.5	7.466786497347552e-09
556	24597.7	8.540579242470144e-06
557	3800.1	6.936607952484485e-09
558	20843.3	1.7527345064493997e-05
559	3770.1	7.842289763788916e-09
560	3710.6	7.0816374560710544e-09
561	15353.4	2.7742408187267928e-05
562	3967.4	7.562865064539228e-09
563	3765.6	7.616884181820632e-09
564	28873.3	0.005355700038341843
565	16269.0	0.002333928474978895
566	20951.0	1.6231326599984695e-05
567	11917.5	5.755729019680245e-06
568	32991.1	0.001436917213630998
569	16507.6	0.0026378977791912447
570	15985.9	6.503967381418735e-05
571	15907.3	2.1412588574698236e-06
572	33083.4	0.01475726396162819
573	16830.6	2.2225606121156712e-05
574	16953.2	3.430548943747276e-06
575	12465.1	1.661537948421492e-08
576	3724.3	7.0332935397900064e-09
577	3916.2	7.674795385804411e-09
578	25321.6	0.00010372644640455383
579	15301.1	2.261967383670361e-06
580	13916.0	0.01708768200026307
581	33036.9	0.00012364764237268066
582	28401.2	0.0006661124522642678
583	12266.5	2.3257570556587263e-08
584	5527.6	7.56993833550598e-09
585	8736.5	8.661152815535017e-09
586	32685.2	3.5434567886149936e-05
587	8245.1	4.506885386612113e-07
588	20162.3	0.0009695787284439763
589	12741.2	4.729434695750726e-06
590	13993.0	0.0010257542231577388
591	10735.0	3.442639616305415e-06
592	3711.7	6.407664783870105e-09
593	29278.1	0.0013661542899706613
594	6360.2	8.498059759933295e-09
595	19024.9	3.7266120266676324e-07
596	12723.5	9.191355118413256e-09
597	20847.1	0.00012247565361821588
598	10607.1	4.81035585070014e-07
599	5865.2	7.936971708942037e-09
600	18617.9	2.725338321439679e-07
601	37243.7	4.466505173808984e-06
602	29097.7	1.6901320628391176e-06
603	18946.8	7.539792459728401e-07
604	23600.6	3.607202260503355e-06
605	36922.7	6.37215065756449e-06
606	32447.9	9.30334662235941e-07
607	32011.2	2.2079116730025325e-07
608	23597.3	1.068069281432248e-06
609	27482.0	5.37531249411563e-07
610	23399.7	4.584083649724047e-06
611	27223.2	1.1588836482630334e-06
612	15220.5	5.000221984583484e-08
613	18695.2	9.983673903834073e-07
614	19444.5	2.5579591318528906e-06
615	15769.0	3.7941343709613756e-07
616	23176.5	2.2882767004783508e-07
617	19361.5	4.5194158633713065e-08
618	28589.3	3.0694241359793145e-07
619	18945.7	7.440978399704915e-06
620	23849.7	4.129984177394264e-07
621	15875.6	3.2664061185318174e-06
622	27323.7	2.4802649110797203e-06
623	40907.8	4.277333937319031e-05
624	19815.1	2.009439291360321e-06
625	32654.5	8.913737616900897e-06
626	27965.5	7.487300951512389e-07
627	15073.4	2.0029012544524287e-06
628	14847.7	1.0125892917198423e-07
629	19068.0	8.019832461289e-08
630	36363.0	1.0016210239183039e-05
631	23875.4	8.263660056462661e-07
632	32000.7	2.9281017705575273e-05
633	23448.9	7.564459867013817e-06
634	19418.8	6.363108595995641e-08
635	32369.8	4.575551765419201e-06
636	27490.4	3.4908800374194607e-06
637	23589.0	9.79491299534185e-06
638	41454.3	0.0004494745289089179
639	40921.9	9.85215688977696e-06
640	10501.1	4.427589459957026e-07
641	20263.8	7.380325767190919e-07
642	19624.5	3.787805092206672e-08
643	13965.7	8.842799460981576e-07
644	14915.2	7.114177733767372e-07
645	28369.9	0.00011567714058051545
646	32215.9	1.5268056407241112e-06
647	18881.5	1.6109247817440834e-06
648	18952.1	1.0954261118573336e-06
649	28781.1	3.440312265553375e-08
650	4282.8	8.510133634325224e-09
651	4111.1	8.766474722364427e-09
652	4040.0	8.489348326423568e-09
653	4029.5	8.302831875950272e-09
654	4365.5	8.843041956497449e-09
655	4090.0	8.06250145228978e-09
656	3918.5	8.065991265542963e-09
657	4226.6	9.056312945634387e-09
658	4219.2	9.302982645784085e-09
659	4329.5	9.034704126861163e-09
660	4336.9	8.91569572347782e-09
661	4268.5	8.596876398143752e-09
662	4289.2	8.466191424476777e-09
663	4250.7	8.812432616801258e-09
664	3960.6	9.251745358456204e-09
665	4244.9	8.642508161029283e-09
666	4238.1	8.278443390057202e-09
667	4179.3	9.40460031807945e-09
668	4208.4	9.045906931290379e-09
669	4342.6	9.333906279116462e-09
670	3986.3	8.941240523591589e-09
671	3794.6	9.04068624519011e-09
672	4027.7	8.665326751209265e-09
673	4144.0	8.855436877681897e-09
674	4268.9	8.3672042965753e-09
675	4008.7	9.484090562476741e-09
676	3935.6	8.3231348225849e-09
677	4160.5	8.975280677542926e-09
678	4094.3	7.886901935322683e-09
679	4390.6	8.269356070407344e-09
680	4032.1	8.552746401511796e-09
681	3956.3	8.575229485017798e-09
682	4096.7	8.798715409558039e-09
683	4191.1	8.340590222398595e-09
684	4350.6	9.139339837981453e-09
685	4202.4	8.414391128779009e-09
686	4170.9	8.83972838672292e-09
687	4410.6	8.589821416180778e-09
688	4189.1	8.702735048144466e-09
689	4221.5	9.204571103627722e-09
690	4073.1	8.750437901548028e-09
691	4045.3	9.40685319189686e-09
692	4183.3	8.403799786685886e-09
693	3997.6	8.9913539337755e-09
694	4431.4	9.08728101334086e-09
695	4151.9	9.347306345854434e-09
696	4101.9	8.939592336373681e-09
697	4229.2	7.77416311193743e-09
698	4280.2	8.74276701365252e-09
699	4465.5	8.76234788482998e-09
700	46992.9	1.492438586488873
701	45178.1	1.293446774778182
702	40290.2	1.1939508705703137
703	41196.4	1.9899176113288184
704	40097.7	1.2934508620531429
705	43273.9	1.6914303983209007
706	50000.0	2.38790123324199
707	50000.0	1.5919339877749612
708	45579.1	1.1939508694286587
709	39572.0	1.193950870849815
710	47014.1	1.691430397468507
711	50000.0	1.6914303977937102
712	42993.9	1.492438586500964
713	50000.0	1.4924385856399467
714	45954.4	1.691430397443762
715	45617.7	1.2934467746486074
716	50000.0	2.089414053315041
717	45534.2	1.6584516721181053
718	50000.0	1.5919344913492721
719	42032.1	1.5919344923873449
720	46394.1	1.392942680526122
721	50000.0	1.492438585639936
722	50000.0	1.4924385864373442
723	45152.8	1.1939508691249687
724	42427.7	1.1939508702261752
725	32356.8	1.0342401752674912
726	45145.0	1.6914303975143814
727	42083.8	1.3929426816734252
728	50000.0	1.7909263027679247
729	45875.7	1.4598948335803772
730	45167.4	1.9900880297267864
731	41885.9	1.1939508740362785
732	36182.8	1.3929426816067165
733	50000.0	1.5920312134444412
734	50000.0	1.1939508685197495
735	43175.6	1.4924385869072365
736	50000.0	1.6914298932768819
737	45169.5	1.591934492047895
738	41225.6	1.1939514418437747
739	50000.0	1.69143142288939
740	50000.0	1.7909263028017741
741	46933.7	1.5919344920627887
742	41314.1	1.392944362821223
743	46335.7	1.691430397803853
744	45192.4	1.678304373839064
745	45614.4	1.3929428771730297
746	50000.0	1.9899252755278287
747	50000.0	1.4924385856400242
748	46932.4	1.5919344918455072
749	50000.0	1.492438585642761
750	50000.0	3.7778568559069448
751	50000.0	3.720317265236763
752	50000.0	1.734512892419963
753	50000.0	3.7881907780064097
754	50000.0	5.316140366989275
755	50000.0	5.175483781059466
756	50000.0	3.0438423362544347
757	50000.0	2.192812327676369
758	50000.0	1.9875053933761109
759	50000.0	3.51789746294299
760	50000.0	3.073074341402802
761	50000.0	4.041515726652092
762	50000.0	1.939685349491826
763	50000.0	4.590831222402803
764	50000.0	5.063749334416299
765	50000.0	1.7262588572615087
766	50000.0	3.6438464994448503
767	50000.0	5.993688332467345
768	50000.0	4.675272222749656
769	50000.0	3.8084065235444937
770	50000.0	5.083727576764606
771	50000.0	4.389495653007339
772	50000.0	2.532096366848956
773	50000.0	1.3092435904810054
774	50000.0	4.354239789079556
775	50000.0	2.8784438330656155
776	50000.0	4.266208148292242
777	50000.0	1.9835727948563875
778	50000.0	3.1148712051252145
779	50000.0	6.543124440791781
780	50000.0	2.3782434252975393
781	50000.0	3.055766556947338
782	50000.0	4.5662160471080915
783	50000.0	3.2319623480517485
784	50000.0	3.188205206097055
785	50000.0	4.900737050864313
786	50000.0	1.6596219192741088
787	50000.0	4.01174304072213
788	50000.0	2.078527090778812
789	50000.0	3.18567453965088
790	50000.0	3.9371374445288465
791	50000.0	2.8867661940925466
792	50000.0	2.348885673275485
793	50000.0	1.4812057553848084
794	50000.0	3.5429187071014363
795	50000.0	2.3488219462166975
796	50000.0	5.212727512790136
797	50000.0	4.378689961614321
798	50000.0	5.185532530435858
799	50000.0	3.1733386353143986
800	50000.0	5.349692708204573
801	50000.0	7.115468949358754
802	50000.0	3.0751541271063223
803	50000.0	6.7141437989541375
804	50000.0	12.285119540661958
805	50000.0	5.728505959693672
806	50000.0	5.203129233313984
807	50000.0	6.179825036206016
808	50000.0	7.406650238092126
809	50000.0	14.271789488689203
810	50000.0	7.644519606069538
811	50000.0	9.23453127785191
812	50000.0	10.148425130241135
813	50000.0	9.091982220216408
814	50000.0	9.4841731426173
815	50000.0	7.015812386117356
816	50000.0	15.555955947375958
817	50000.0	8.445626227030553
818	50000.0	9.121582341110345
819	50000.0	10.20466155414011
820	50000.0	7.147062645714129
821	50000.0	9.243313635624975
822	50000.0	6.540351049303679
823	50000.0	2.8169642649322175
824	50000.0	7.117695816209104
825	50000.0	7.408153686785971
826	50000.0	6.91594823130301
827	50000.0	3.446100479733478
828	50000.0	6.574081214016195
829	50000.0	3.780136409132072
830	50000.0	5.534313864284701
831	50000.0	7.502783424970751
832	50000.0	4.609411563983217
833	50000.0	4.0565228903356445
834	50000.0	2.3411105227075915
835	50000.0	3.2963514973892165
836	50000.0	8.855091677717846
837	50000.0	4.775240940635681
838	50000.0	13.711505937465446
839	50000.0	3.1381778081483134
840	50000.0	6.0225090282644995
841	50000.0	5.346333430754827
842	50000.0	7.7891229476563995
843	50000.0	4.660703373676503
844	50000.0	6.0799657218874685
845	50000.0	15.042451742208268
846	50000.0	9.204226574504846
847	50000.0	7.052128968749225
848	50000.0	6.294163468450877
849	50000.0	6.608206366633868
850	50000.0	22.204297009590636
851	50000.0	28.23370105465211
852	50000.0	4.929116000904478
853	50000.0	26.539475367931495
854	50000.0	34.18904598172435
855	50000.0	20.28096633052984
856	50000.0	21.8363374399017
857	50000.0	27.2750186965316
858	50000.0	30.03200916944931
859	50000.0	51.83956182777514
860	50000.0	26.278394379450987
861	50000.0	35.68763067292163
862	50000.0	21.427242059164428
863	50000.0	26.716401249913098
864	50000.0	32.632718383768065
865	50000.0	21.81628826922544
866	50000.0	47.742562856543856
867	50000.0	24.060229484101548
868	50000.0	24.491007271071293
869	50000.0	21.762840966717633
870	50000.0	29.092209593386343
871	50000.0	35.45373111560465
872	50000.0	15.638624086634954
873	50000.0	12.144243624169315
874	50000.0	19.85793533354637
875	50000.0	16.93162284753382
876	50000.0	13.927884442259971
877	50000.0	10.952537023370766
878	50000.0	26.15802934354744
879	50000.0	12.463189928391126
880	50000.0	20.888964825046315
881	50000.0	28.765871462498076
882	50000.0	19.024016525302887
883	50000.0	11.763326500523842
884	50000.0	9.263559176826721
885	50000.0	12.216225537958906
886	50000.0	30.664324854577416
887	50000.0	18.245117598929593
888	50000.0	40.17463270745082
889	50000.0	15.155560402714375
890	50000.0	16.657417714855626
891	50000.0	23.072555587443116
892	50000.0	20.658437958850833
893	50000.0	16.79177183821027
894	50000.0	25.30762160819325
895	50000.0	48.004293438850695
896	50000.0	26.07307044451814
897	50000.0	23.438281977246582
898	50000.0	18.88782777580999
899	50000.0	21.79516995623061
900	50000.0	0.12263497206142997
901	50000.0	0.06477326730596396
902	50000.0	0.10440862519110965
903	50000.0	0.0642168473412518
904	50000.0	0.11320405974399037
905	45294.3	0.07053307783784728
906	50000.0	0.08789296544104168
907	50000.0	0.09932216108686891
908	50000.0	0.092278701032898
909	46325.5	0.047333491878789144
910	50000.0	0.10905269399073791
911	50000.0	0.1170996861899086
912	50000.0	0.0855278557234687
913	50000.0	0.066369641648091
914	50000.0	0.1213844290179095
915	50000.0	0.1566496055984709
916	50000.0	0.06541175231002878
917	50000.0	0.07996682463816729
918	50000.0	0.10086834577354242
919	50000.0	0.10587062838247423
920	46727.2	0.10979189585035343
921	50000.0	0.0898002283592156
922	50000.0	0.08166347547411199
923	50000.0	0.13973013572291784
924	50000.0	0.09843964961022902
925	50000.0	0.08350015814234268
926	50000.0	0.08762643464960629
927	46977.2	0.07274431534054937
928	50000.0	0.08127834267136577
929	50000.0	0.08311181467702741
930	50000.0	0.0810578036006266
931	50000.0	0.11129884401246262
932	50000.0	0.0787487617280922
933	50000.0	0.09284799543420856
934	50000.0	0.11660498783255005
935	46473.3	0.06486087875401854
936	50000.0	0.09983753835150377
937	50000.0	0.09663846115800556
938	47403.4	0.11869880819727782
939	50000.0	0.08451559321133288
940	50000.0	0.06653284202278993
941	50000.0	0.08222486168294889
942	50000.0	0.0643918165171847
943	50000.0	0.09954518366031646
944	47034.3	0.055447625187354535
945	50000.0	0.08035012576787466
946	50000.0	0.09822527945179385
947	50000.0	0.1086369716694751
948	50000.0	0.11926133902918287
949	50000.0	0.08388525022947721
950	50000.0	0.7540726817521849
951	46455.9	0.6277428610114782
952	50000.0	0.7501275111911077
953	50000.0	0.8867352981309476
954	46500.7	0.6356299971663736
955	50000.0	0.681908591726268
956	41539.0	0.7264494854748647
957	50000.0	0.765912110362803
958	50000.0	0.6587960012229666
959	50000.0	0.7975118691525298
960	50000.0	0.6988192361536301
961	50000.0	0.8172570288819209
962	45598.7	0.7619603602871396
963	50000.0	0.7947188726383535
964	50000.0	0.7856617289058978
965	46723.7	0.7659137985198077
966	42112.0	0.5250798825654639
967	50000.0	0.7501214727815959
968	50000.0	0.6430025923493774
969	46794.0	0.6553636837765865
970	46605.9	0.7619784131373015
971	42180.3	0.5882480827116772
972	46574.0	0.6968508568450521
973	45838.6	0.6289991218718461
974	50000.0	1.0514103494796043
975	50000.0	0.8053943317935822
976	47022.5	0.6711680237372201
977	50000.0	0.7613984043348164
978	46143.6	0.8133213415080046
979	50000.0	0.8629242874919798
980	50000.0	0.7777559977861042
981	47066.0	0.686950501001669
982	50000.0	0.6500516408069128
983	50000.0	0.7738162501591637
984	50000.0	0.7738080559324101
985	50000.0	0.8494913322494713
986	50000.0	0.8409452376908494
987	50000.0	0.8922562840209827
988	45539.1	0.544838524900239
989	50000.0	0.8087541162215685
990	50000.0	0.8290863496054263
991	50000.0	0.8211926334421442
992	50000.0	0.7777532264935271
993	46494.1	0.7152379100142208
994	50000.0	0.8290863496054263
995	50000.0	0.7146099816586411
996	45630.0	0.8922495963616248
997	50000.0	0.9080403413429503
998	50000.0	0.7264332640000882
999	50000.0	0.7255938787602785
1000	50000.0	2.113219918786901
1001	50000.0	1.245255535304286
1002	50000.0	4.6804791687271035
1003	45067.2	2.69985658643547
1004	50000.0	2.0213760400060066
1005	50000.0	2.9963803885134843
1006	50000.0	2.6364159833854535
1007	30634.5	1.132672793263606
1008	45087.5	2.4267568370130284
1009	50000.0	3.793350191955935
1010	45061.5	5.962837168715346
1011	50000.0	4.426927660742512
1012	50000.0	2.2644503152519078
1013	45061.7	4.376719852196713
1014	50000.0	3.1716768155403003
1015	624.7	4.091716719108281e-09
1016	50000.0	1.245255535304286
1017	31966.2	3.5373772049230765
1018	50000.0	2.650523535495569
1019	50000.0	5.276725610401741
1020	45075.5	7.0709260783622145
1021	40154.6	3.519726256635881
1022	35239.3	4.479427171346057
1023	50000.0	1.1394412345727374
1024	50000.0	2.409572505705513
1025	12245.7	0.28104918660009004
1026	45055.9	4.60574321052687
1027	10511.5	0.7769749302147625
1028	45072.8	4.941938456162112
1029	10481.0	0.24905111094452903
1030	18342.1	1.0714926019016215
1031	50000.0	1.5700044680785294
1032	45102.3	2.6425908967997223
1033	25420.8	0.6216161387431809
1034	50000.0	3.0488230492143837
1035	5589.4	0.4713722175574899
1036	504.8	3.8586162255521055e-09
1037	50000.0	3.4671335338732794
1038	11014.3	0.20950996731961363
1039	40178.0	1.973289042457095
1040	50000.0	1.5757080458162696
1041	41641.1	1.5351640361495997
1042	31372.0	3.754238826981343
1043	45066.0	1.9963615591189998
1044	26665.2	1.1645049747127114
1045	50000.0	2.1186349280202337
1046	40160.0	2.787639833299825
1047	45054.4	1.12072998220366
1048	36098.8	3.244411190709324
1049	50000.0	1.8335488377481108
1050	30500.4	1.111035589456345
1051	12874.9	0.0716908381551299
1052	46954.5	2.1408282961698757
1053	40228.7	1.4376848933807318
1054	50000.0	6.694039117530524
1055	37439.9	0.9903521971143757
1056	50000.0	1.128944965715563
1057	25598.4	2.442614239005387
1058	42419.1	0.9289245303506478
1059	45126.1	1.745292788939039
1060	35356.7	1.584774538798502
1061	40273.4	6.441237032894359
1062	50000.0	1.070799495691229
1063	50000.0	10.20855649131971
1064	50000.0	13.836778875396906
1065	45143.3	5.224737076345994
1066	50000.0	1.6726382482155386
1067	50000.0	2.5905477300896895
1068	50000.0	8.996724770791474
1069	50000.0	7.9010497597497436
1070	16254.4	0.6000454234493227
1071	50000.0	2.3998830689197734
1072	45129.1	3.5918589936139873
1073	45116.5	7.527324348390573
1074	50000.0	2.999170592725088
1075	50000.0	6.271858013862557
1076	50000.0	8.039700032879802
1077	36643.6	3.3634765063817667
1078	5999.0	0.19549988902247245
1079	35303.7	0.969855501320402
1080	50000.0	6.62726505537542
1081	40224.0	1.2706934565676289
1082	50000.0	1.071595074971344
1083	2477.6	5.053684621502124e-09
1084	50000.0	4.334709471368696
1085	50000.0	3.5331480654494514
1086	41251.0	1.4538233213596228
1087	50000.0	0.6918569111917574
1088	50000.0	0.6918569111917574
1089	40192.8	3.9636534277445974
1090	50000.0	2.3371237611433093
1091	18169.2	0.17750214074812778
1092	50000.0	5.062737456429821
1093	45121.4	1.0597592749085396
1094	46084.2	4.945679165572328
1095	20638.9	0.19933662997357732
1096	50000.0	3.014966446338442
1097	50000.0	7.263224160543413
1098	17120.3	0.014642014884211596
1099	50000.0	4.750193374633875
1100	50000.0	0.2181082259014117
1101	50000.0	0.07795773923785661
1102	50000.0	0.060338409542641955
1103	50000.0	0.146775767565579
1104	50000.0	0.14792910643684096
1105	50000.0	0.17027413317591272
1106	50000.0	0.302109861910202
1107	50000.0	0.14238476245892548
1108	50000.0	0.11329755189975774
1109	50000.0	0.1557844078223085
1110	50000.0	0.24055367372133468
1111	50000.0	0.16334523168086007
1112	50000.0	0.10052477560282976
1113	50000.0	0.29135095961087076
1114	50000.0	0.1838847439856592
1115	50000.0	0.11278938062433094
1116	50000.0	0.0698175850714797
1117	50000.0	0.2081660173043714
1118	50000.0	0.17419140246589207
1119	50000.0	0.07391654389171917
1120	50000.0	0.2713757830804846
1121	50000.0	0.13733309540248095
1122	50000.0	0.15916740614151287
1123	50000.0	0.07065130663966317
1124	50000.0	0.1755213433501267
1125	50000.0	0.09398561965946269
1126	50000.0	0.08419686877710046
1127	50000.0	0.17828821981340093
1128	50000.0	0.12561213730428733
1129	50000.0	0.39050297518790406
1130	50000.0	0.26735455198104635
1131	50000.0	0.19508566461553095
1132	50000.0	0.04393939157813358
1133	50000.0	0.15986113761952456
1134	50000.0	0.06882326366442108
1135	50000.0	0.19967304381935486
1136	50000.0	0.08218860649151785
1137	50000.0	0.11036436505011879
1138	50000.0	0.08560688228221477
1139	50000.0	0.22273629427596586
1140	50000.0	0.1800501699098645
1141	50000.0	0.3130853273486359
1142	50000.0	0.22358403309073815
1143	50000.0	0.14462451716143024
1144	50000.0	0.18188138351684682
1145	50000.0	0.11041894381625635
1146	50000.0	0.11230236739117674
1147	50000.0	0.19475862748854922
1148	50000.0	0.31479019143326886
1149	50000.0	0.2852729665772532
1150	50000.0	6.355009612253497
1151	50000.0	6.132414922153143
1152	50000.0	6.031215876118007
1153	50000.0	4.469614306184974
1154	50000.0	5.6606913391917475
1155	50000.0	2.854615204524917
1156	50000.0	4.28592588249335
1157	50000.0	6.082354687162128
1158	50000.0	3.8150516745119796
1159	50000.0	5.124809157184257
1160	50000.0	6.986561485615306
1161	50000.0	4.619983708199349
1162	50000.0	6.920040439502668
1163	50000.0	3.8890631229607235
1164	50000.0	4.112820182965198
1165	50000.0	3.359297332558884
1166	50000.0	3.1752275926094384
1167	50000.0	3.211395344587981
1168	50000.0	6.633484236607492
1169	50000.0	4.509395572637838
1170	50000.0	6.42173186996804
1171	50000.0	4.36831378661916
1172	50000.0	2.4879043101917517
1173	50000.0	6.432810592854002
1174	50000.0	6.684362341367779
1175	50000.0	5.945739626186121
1176	50000.0	2.968140286912534
1177	50000.0	2.8533174894479947
1178	50000.0	4.743905272856408
1179	50000.0	2.6693173163543866
1180	50000.0	7.184950715291402
1181	50000.0	6.037775056181135
1182	50000.0	3.8947186863582153
1183	50000.0	6.734117635423902
1184	50000.0	3.814913873573597
1185	50000.0	6.236802925921546
1186	50000.0	5.653720180888515
1187	50000.0	6.728977268145547
1188	50000.0	3.806939683481344
1189	50000.0	4.1891051320576285
1190	50000.0	4.35928695886815
1191	50000.0	6.22949827203232
1192	50000.0	4.199767518107755
1193	50000.0	6.133020059100199
1194	50000.0	7.040953484151008
1195	50000.0	3.71858324852586
1196	50000.0	2.697889224966508
1197	50000.0	4.465658881705686
1198	50000.0	6.900236743161808
1199	50000.0	5.391050208963059
