	0	1
0	519.6	5.679313054703339e-09
1	526.8	6.698613606014013e-09
2	604.8	5.774436157528255e-09
3	554.4	5.3978031012170605e-09
4	522.0	6.461322903703739e-09
5	537.6	7.724324757673991e-09
6	547.2	5.775450894768951e-09
7	477.6	7.058602712692918e-09
8	504.0	6.549718681586842e-09
9	558.0	6.554237921040737e-09
10	501.6	6.043753724791605e-09
11	565.2	6.817430434400319e-09
12	529.2	5.669066598793311e-09
13	531.6	6.288389333944065e-09
14	487.2	6.190242063272413e-09
15	541.2	6.498675859845347e-09
16	526.8	5.754849246676039e-09
17	554.4	6.563454502799277e-09
18	556.8	6.8977668479969e-09
19	549.6	5.7002813341205535e-09
20	560.4	5.3272835282893955e-09
21	498.0	7.246832582172196e-09
22	526.8	5.453273544544251e-09
23	556.8	4.63935986889678e-09
24	507.6	7.444103086112775e-09
25	530.4	5.974686898698042e-09
26	560.4	5.49642066230844e-09
27	538.8	4.797444120724084e-09
28	534.0	7.3386527347265944e-09
29	474.0	4.819274097965927e-09
30	478.8	6.418945922324009e-09
31	520.8	6.6155889955931895e-09
32	555.6	5.894305827793998e-09
33	534.0	6.604707301745061e-09
34	532.8	5.0900392126053546e-09
35	505.2	7.28609309203461e-09
36	493.2	6.084673550164988e-09
37	520.8	5.941696992822691e-09
38	531.6	6.2319096683884774e-09
39	535.2	6.018937705607053e-09
40	580.8	6.4973576551779646e-09
41	552.0	7.281509300433284e-09
42	535.2	5.352487726023567e-09
43	576.0	6.057608069270435e-09
44	520.8	6.026300419121151e-09
45	553.2	5.511206382947865e-09
46	560.4	6.414606483564878e-09
47	547.2	6.576538386505956e-09
48	471.6	6.4506719830780575e-09
49	572.4	6.367365492968581e-09
50	2816.4	5.740009815982583e-09
51	2798.4	5.392540563400872e-09
52	2676.0	6.670809706140536e-09
53	2803.2	6.834640854258808e-09
54	2883.6	6.36368327185944e-09
55	2616.0	6.86399932369097e-09
56	2917.2	5.936359723684111e-09
57	2731.2	4.797988129032209e-09
58	2679.6	4.9407087599026415e-09
59	2763.6	6.905742530679047e-09
60	2842.8	6.041590876429698e-09
61	2844.0	5.828490089498808e-09
62	2835.6	5.654294744118899e-09
63	2766.0	5.295541600755458e-09
64	2868.0	7.924807954030562e-09
65	2835.6	6.992242520131847e-09
66	2850.0	6.336563088367175e-09
67	2710.8	5.192474767418764e-09
68	2793.6	6.3372679426129654e-09
69	2780.4	5.765707640091775e-09
70	2779.2	5.664088496103092e-09
71	2793.6	5.031365430427316e-09
72	2696.4	5.559764242750286e-09
73	2746.8	7.4298740571948324e-09
74	2750.4	7.074611757070006e-09
75	2757.6	6.452704307402117e-09
76	2804.4	5.927619051872574e-09
77	2776.8	6.124581342602569e-09
78	2857.2	5.342981849597524e-09
79	2820.0	6.421594311166012e-09
80	2665.2	5.497143568233489e-09
81	2763.6	6.8062462938192235e-09
82	2665.2	5.551353289879294e-09
83	2686.8	5.009831593156922e-09
84	2938.8	6.587530518554267e-09
85	2800.8	5.809737217853294e-09
86	2870.4	6.940970406080629e-09
87	2779.2	7.621734356020977e-09
88	2527.2	6.8213716855741774e-09
89	2860.8	5.6115083890435756e-09
90	2560.8	5.2867793922280405e-09
91	2596.8	5.283708039906744e-09
92	2802.0	4.786865509710442e-09
93	2851.2	6.811860451253704e-09
94	2689.2	5.60468124964404e-09
95	2820.0	3.876396172224028e-09
96	2877.6	5.213378772566626e-09
97	2666.4	6.615498048367896e-09
98	2868.0	7.56213135280566e-09
99	2682.0	5.537747546785344e-09
100	46097.2	2.0894135175285955
101	45080.4	2.288405328280596
102	50000.0	1.5919344913571771
103	40169.6	1.293446272931967
104	50000.0	2.8853802580067223
105	41190.4	1.8904222094156524
106	50000.0	1.5919344913493043
107	50000.0	1.6914303970585898
108	43980.4	1.4924385865213368
109	49138.8	1.392942680718432
110	50000.0	2.089414019895937
111	50000.0	3.1838654516813634
112	47019.6	2.2884048240931785
113	50000.0	2.885380258006723
114	48530.4	1.691429894239242
115	49767.6	1.989917611003944
116	50000.0	1.989917610404678
117	49951.2	2.501146928622725
118	48165.6	1.989918115169668
119	49808.4	1.1939508687571476
120	45314.0	1.4924385881364266
121	50000.0	1.9899181141865774
122	46017.6	1.3929426800931712
123	49862.4	1.6914303979677352
124	48856.8	1.1939508693422536
125	44904.4	1.7909258007017421
126	50000.0	2.0894140198959055
127	49794.4	1.6914303980394425
128	46116.0	2.288405327813387
129	46246.8	1.890421705141278
130	46082.4	1.5919344921014909
131	48019.6	1.7909263047105584
132	47269.2	1.9899181149523595
133	50000.0	4.9747872158683055
134	50000.0	1.5919344913492686
135	45087.6	4.875291814413459
136	50000.0	1.3929426799306017
137	50000.0	1.9899181141865756
138	46042.8	1.094454963046438
139	50000.0	3.1838654516813896
140	49918.8	1.989917632237147
141	50000.0	2.188909421823328
142	49809.6	2.288404824233913
143	45917.2	0.7959672471099892
144	50000.0	2.5868930446606426
145	47294.8	1.989917611123932
146	50000.0	1.3929426799306477
147	49982.4	1.7909258810054696
148	50000.0	2.1889099256052367
149	45091.6	1.7909258004544166
150	50000.0	5.37277588561232
151	50000.0	5.173784074193697
152	50000.0	4.576810151283702
153	50000.0	5.733149755218163
154	50000.0	6.367733431376891
155	50000.0	4.875297364629502
156	50000.0	5.1737845779756055
157	50000.0	5.671263602740308
158	50000.0	4.694172148687072
159	50000.0	5.173784074193664
160	50000.0	5.216185592478631
161	50000.0	5.47227227374854
162	50000.0	5.074289176048157
163	50000.0	5.870254910377058
164	50000.0	5.969750816086386
165	50000.0	4.576809647501546
166	50000.0	6.2533173594069655
167	50000.0	5.472272295103562
168	50000.0	5.2732804836849
169	50000.0	6.069246218013838
170	50000.0	4.875296860969247
171	50000.0	5.671263602740307
172	50000.0	4.576809647501534
173	50000.0	6.168743136672217
174	50000.0	4.9747932703388615
175	50000.0	4.331959983833285
176	50000.0	4.079331126532494
177	50000.0	4.576809650513376
178	50000.0	6.467227821179679
179	50000.0	4.775801962702068
180	50000.0	5.2732804836849
181	50000.0	5.969750312304479
182	50000.0	4.97479327033882
183	50000.0	7.2631935555085985
184	50000.0	4.377817332300947
185	50000.0	7.7606705606019
186	50000.0	6.168742123723137
187	50000.0	6.566725242778544
188	50000.0	2.586893548442561
189	50000.0	7.145620218503727
190	50000.0	5.870255414158968
191	50000.0	6.069246721795718
192	50000.0	5.571767193249103
193	50000.0	5.173785081757509
194	50000.0	6.010350978365148
195	50000.0	6.055994948820418
196	50000.0	5.372776389394269
197	50000.0	4.477314749355994
198	50000.0	4.178827032228003
199	50000.0	7.462181833987145
200	135.6	0.0
201	117.6	0.0
202	140.4	0.0
203	132.0	0.0
204	111.6	0.0
205	114.0	0.0
206	123.6	0.0
207	111.6	0.0
208	114.0	0.0
209	146.4	0.0
210	132.0	0.0
211	114.0	0.0
212	132.0	0.0
213	117.6	0.0
214	121.2	0.0
215	126.0	0.0
216	132.0	0.0
217	135.6	0.0
218	132.0	0.0
219	111.6	0.0
220	117.6	0.0
221	121.2	0.0
222	132.0	0.0
223	123.6	0.0
224	145.2	0.0
225	116.4	0.0
226	127.2	0.0
227	111.6	0.0
228	122.4	0.0
229	121.2	0.0
230	116.4	0.0
231	138.0	0.0
232	123.6	0.0
233	121.2	0.0
234	121.2	0.0
235	121.2	0.0
236	118.8	0.0
237	132.0	0.0
238	126.0	0.0
239	123.6	0.0
240	140.4	0.0
241	114.0	0.0
242	146.4	0.0
243	111.6	0.0
244	121.2	0.0
245	132.0	0.0
246	123.6	0.0
247	114.0	0.0
248	169.2	0.0
249	136.8	0.0
250	2810.4	9.069515233865808e-10
251	2820.0	9.274611117967427e-10
252	3153.6	8.880857552937229e-10
253	3075.6	7.706802854839715e-10
254	3194.4	8.729406464370159e-10
255	3423.6	7.026017490087154e-10
256	3116.4	8.784077975575867e-10
257	3441.6	9.785091785693037e-10
258	3318.0	8.664020320320126e-10
259	2695.2	8.430724050768391e-10
260	3044.4	7.893459965063125e-10
261	3217.2	9.58265542548748e-10
262	3237.6	9.540544937016475e-10
263	3138.0	8.793405453703131e-10
264	3326.4	7.946751271115791e-10
265	3355.2	8.752660317661727e-10
266	2943.6	9.129167780223693e-10
267	2918.4	8.661439304857695e-10
268	2982.0	7.269181358547316e-10
269	2990.4	8.533996478452886e-10
270	3032.4	8.886667884050983e-10
271	3280.8	8.250262005762733e-10
272	2961.6	8.621861300246417e-10
273	3060.0	8.811943491802725e-10
274	3117.6	6.816492511432374e-10
275	2796.0	7.851258363218191e-10
276	2954.4	8.49937283519751e-10
277	3054.0	7.24792892770359e-10
278	3266.4	9.598862381938603e-10
279	3122.4	7.76827281113393e-10
280	3214.8	9.74197558438805e-10
281	3236.4	9.58342534092027e-10
282	3454.8	9.262208216878875e-10
283	3159.6	8.560601900337163e-10
284	2919.6	8.044674305393999e-10
285	2895.6	8.510697483871659e-10
286	3338.4	8.617997685358207e-10
287	3066.0	9.419556018160384e-10
288	3290.4	8.227548107920007e-10
289	3075.6	8.457252346283851e-10
290	3127.2	8.597517306640366e-10
291	2932.8	6.156290494312747e-10
292	3050.4	9.092514357614347e-10
293	3074.4	6.91786743114499e-10
294	3012.0	9.259365038558687e-10
295	3103.2	8.732638650821352e-10
296	3332.4	8.5472993558978e-10
297	3049.2	8.618365355532769e-10
298	3063.6	7.255118792499951e-10
299	3102.0	8.152232103038828e-10
300	2598.0	0.0
301	50000.0	92.94000000313035
302	50000.0	35.35000000623447
303	50000.0	3.820000003090418
304	50000.0	21.750000004472458
305	50000.0	64.79000000486869
306	50000.0	54.07000000367683
307	3672.0	0.0
308	50000.0	22.63000000563813
309	50000.0	15.540000004726924
310	2308.8	0.0
311	50000.0	396.04000000319974
312	50000.0	128.11000000583311
313	5288.4	0.0
314	50000.0	311.0100000038594
315	3868.8	0.0
316	50000.0	29.26000000473143
317	7244.4	0.0
318	50000.0	43.190000004181954
319	50000.0	1000.0000000037762
320	50000.0	290.9700000036918
321	4034.4	0.0
322	1870.8	0.0
323	4344.0	0.0
324	50000.0	412.92000000438566
325	50000.0	216.94000000381544
326	50000.0	117.50000000515301
327	50000.0	53.480000003864575
328	50000.0	7.78000000313813
329	50000.0	72.60000000342303
330	2683.2	0.0
331	50000.0	14.650000005227918
332	2737.2	0.0
333	50000.0	10.21000000351494
334	50000.0	39.06000000423461
335	2223.6	0.0
336	50000.0	263.20000000425523
337	50000.0	14.140000004094968
338	50000.0	42.420000005262764
339	50000.0	2.3500000049348713
340	2233.2	0.0
341	1737.6	0.0
342	50000.0	675.0100000034715
343	1587.6	0.0
344	5011.2	0.0
345	2395.2	0.0
346	50000.0	56.810000005911505
347	50000.0	42.090000005019235
348	50000.0	45.7900000036996
349	2884.8	0.0
350	2469.6	6.026495661973385e-09
351	3502.8	6.252772249771885e-09
352	12637.2	4.984682819351799e-09
353	2497.2	7.1810259803163886e-09
354	2610.0	6.965566995380798e-09
355	2733.6	6.135223181732288e-09
356	3594.0	6.497061437731284e-09
357	2385.6	7.393763233048673e-09
358	2509.2	4.607977821392546e-09
359	2574.0	6.847255034266561e-09
360	2624.4	5.196729370325545e-09
361	2638.8	5.320306315085885e-09
362	3340.8	8.097721754189993e-09
363	2371.2	6.108590944630686e-09
364	2277.6	7.0203767188289505e-09
365	2442.0	6.636378025433962e-09
366	4532.4	6.05475342733908e-09
367	2623.2	6.0230509037442124e-09
368	4188.0	5.969197058699448e-09
369	7909.2	6.209670675757465e-09
370	2521.2	4.72011317193216e-09
371	7278.8	0.06256890822744278
372	3568.8	5.492495254326242e-09
373	2605.2	5.1851009762941085e-09
374	4407.6	6.08409719437465e-09
375	2455.2	4.802993141856125e-09
376	2638.8	5.80669711920729e-09
377	3656.4	7.189443913257089e-09
378	3458.4	6.894354025829304e-09
379	2690.4	5.486429291910818e-09
380	2665.2	7.132647204280006e-09
381	2445.6	7.446819129564543e-09
382	3823.2	7.198506420262815e-09
383	4609.2	6.237490946960016e-09
384	4023.6	5.551412472190073e-09
385	2684.4	6.411664126440706e-09
386	2526.0	5.0774801354284e-09
387	4200.0	5.956419209817793e-09
388	6187.2	6.5514666116224535e-09
389	2472.0	5.305600463934797e-09
390	7197.6	6.09514807337076e-09
391	2316.0	5.962662999823848e-09
392	2455.2	6.203312989020925e-09
393	3512.4	6.649893078135969e-09
394	2566.8	6.029992701273671e-09
395	2484.0	6.866308515023135e-09
396	4486.8	7.075774960026678e-09
397	5367.6	6.561005966812468e-09
398	2512.8	7.4322140733448265e-09
399	2508.0	7.714497461257524e-09
400	2338.8	4.66505711891332e-09
401	2091.6	6.197056214271906e-09
402	2497.2	6.010539851937839e-09
403	2203.2	5.888820233076476e-09
404	2044.8	6.1024548072311724e-09
405	2407.2	5.247822056856376e-09
406	2496.0	6.513360512241371e-09
407	2238.0	5.2321379803266245e-09
408	2016.0	6.68005667673848e-09
409	1707.6	7.114400796578642e-09
410	2056.8	6.649062905999366e-09
411	2372.4	6.326653447150401e-09
412	2298.0	6.411915976869886e-09
413	2299.2	6.452545295197235e-09
414	2172.0	7.704519344492708e-09
415	2394.0	5.943595833148064e-09
416	2274.0	5.324104656687955e-09
417	2167.2	6.558048480059062e-09
418	2300.4	5.7658927629418634e-09
419	2600.4	6.4705859078184136e-09
420	2188.8	5.998483643304982e-09
421	2318.4	5.5818844285262916e-09
422	2290.8	7.307201859039729e-09
423	2096.4	7.234666767324646e-09
424	3373.2	6.310373409387745e-09
425	2594.4	6.324754529008804e-09
426	4513.2	4.765988414200649e-09
427	2385.6	5.855087743896673e-09
428	2294.4	6.235384584626482e-09
429	2414.4	7.13192728525998e-09
430	2458.8	6.782417302531983e-09
431	2335.2	5.641535226600058e-09
432	2133.6	6.710107171957927e-09
433	2467.2	6.0115799789265635e-09
434	2280.0	6.000141759750346e-09
435	4178.4	5.184553946164365e-09
436	2499.6	7.2886902679383815e-09
437	2494.8	6.203776188482921e-09
438	1992.0	6.6487468516912204e-09
439	2460.0	7.150166537872939e-09
440	2426.4	7.518178043163962e-09
441	3066.0	4.979536302204304e-09
442	2220.0	5.900128832428107e-09
443	4572.0	6.567186998903417e-09
444	2481.6	6.187364814994771e-09
445	5438.4	5.324025408013893e-09
446	6212.4	5.460926765555658e-09
447	2460.0	6.290855653487797e-09
448	2122.8	6.148661868094076e-09
449	2029.2	6.649825225911771e-09
450	2833.2	5.286296559576056e-09
451	2751.6	5.9819966770668865e-09
452	2786.4	5.893836134558856e-09
453	2550.0	5.888418737087613e-09
454	2869.2	7.1248920424754494e-09
455	2890.8	6.820113692492334e-09
456	2617.2	4.178093733155147e-09
457	3142.8	6.549059253787858e-09
458	2817.6	5.717160247389949e-09
459	2736.0	7.2003570880593414e-09
460	2845.2	7.4061092546769515e-09
461	2792.4	5.427509719102011e-09
462	2517.6	5.568647065025381e-09
463	2728.8	6.048361396989358e-09
464	2564.4	5.921459568658044e-09
465	2688.0	5.305553158995062e-09
466	2530.8	5.876165125488271e-09
467	2810.4	5.49853128813172e-09
468	2565.6	5.964127776866725e-09
469	2986.8	6.679137741790493e-09
470	2614.8	5.701810887256761e-09
471	2755.2	4.387943759928792e-09
472	2761.2	5.499489795485577e-09
473	2589.6	5.688452478974548e-09
474	2786.4	6.293471627254187e-09
475	2820.0	5.898565986412303e-09
476	2808.0	6.217920715814249e-09
477	3162.0	5.144949139235976e-09
478	2742.0	6.954092611008773e-09
479	2787.6	6.2082712936162226e-09
480	2854.8	6.646356432282598e-09
481	2853.6	6.054186598232645e-09
482	2796.0	4.747697014057252e-09
483	2727.6	6.595414045983639e-09
484	2714.4	6.702914605790348e-09
485	2629.2	6.575374675096824e-09
486	2853.6	7.297030460416294e-09
487	2737.2	6.203124963129418e-09
488	2768.4	6.271154212636685e-09
489	2804.4	5.60050835848182e-09
490	2757.6	6.233611570945127e-09
491	2836.8	6.572007206902384e-09
492	2792.4	6.969084280989752e-09
493	2770.8	6.247057653422398e-09
494	2893.2	7.047026300016219e-09
495	2720.4	6.743481426242308e-09
496	2806.8	5.24578483593569e-09
497	2821.2	6.881269833072e-09
498	2750.4	6.705263055585004e-09
499	2799.6	5.322990850361896e-09
500	3696.0	5.797117848368187e-09
501	3588.0	5.26320779648422e-09
502	3543.6	6.413452725491924e-09
503	3422.4	5.752258531336167e-09
504	3405.6	5.580136724745515e-09
505	3354.0	5.2852781497464485e-09
506	3546.0	6.1265582364415575e-09
507	3621.6	5.977127996812948e-09
508	3607.2	6.748910502755512e-09
509	3358.8	5.935050993650768e-09
510	3577.2	5.2268098164605286e-09
511	4116.0	6.292004132095203e-09
512	3770.4	5.696126449277828e-09
513	3566.4	6.1947143765458655e-09
514	3447.6	6.650054249760134e-09
515	3588.0	7.258803871402333e-09
516	3478.8	5.315720321489136e-09
517	3722.4	6.729706558724247e-09
518	3612.0	6.142589453628201e-09
519	3432.0	5.627418573343533e-09
520	3435.6	4.708806287017051e-09
521	3253.2	5.6729167354998494e-09
522	3304.8	5.598588003637691e-09
523	3328.8	8.312438564662364e-09
524	3745.2	5.842948187789269e-09
525	3579.6	5.418166457266926e-09
526	3594.0	6.461566965984762e-09
527	3498.0	7.686826097208203e-09
528	3530.4	4.7494393886243156e-09
529	3771.6	5.041481957498476e-09
530	3576.0	6.741010629297624e-09
531	3512.4	4.896737566321549e-09
532	3288.0	7.109661247065751e-09
533	3374.4	5.419129630743303e-09
534	3452.4	6.3431739004916564e-09
535	3367.2	6.279383111995997e-09
536	3348.0	7.906479077060884e-09
537	3283.2	7.488162175268743e-09
538	3560.4	5.791656592198762e-09
539	3682.8	6.971556535144842e-09
540	3458.4	5.573389162983816e-09
541	3816.0	6.334240595144223e-09
542	3451.2	5.92541312958084e-09
543	3712.8	5.423372196946891e-09
544	3657.6	6.361184850181798e-09
545	3662.4	5.6343737070551055e-09
546	3718.8	6.290568442095609e-09
547	3432.0	4.978621128812577e-09
548	3421.2	6.768943268316464e-09
549	3565.2	7.492432681730547e-09
550	7963.2	8.333895238702502e-09
551	5990.4	8.345201801519952e-09
552	3122.4	6.307364118672101e-09
553	6808.8	8.852126898587021e-09
554	2847.6	7.214887334713451e-09
555	3063.6	6.613079381942401e-09
556	7676.4	8.965112189688107e-09
557	2379.6	5.8949027089764106e-09
558	8472.0	8.8978740816062e-09
559	2883.6	5.91488340280447e-09
560	2878.8	7.451941885182187e-09
561	8808.0	7.836870520270591e-09
562	2469.6	5.974564809947476e-09
563	2346.0	5.370912577935959e-09
564	14077.2	8.952492135219183e-09
565	9770.4	8.561918492793159e-09
566	11642.4	8.819705134469525e-09
567	6745.2	7.269564203304732e-09
568	8654.4	8.548533011103705e-09
569	9741.6	8.97596994728329e-09
570	5910.0	7.747739436351141e-09
571	6615.6	8.277491016892672e-09
572	9076.8	8.808804150752257e-09
573	11570.4	9.302580422317622e-09
574	6734.4	8.851191305419094e-09
575	5997.6	7.57933460996558e-09
576	2436.0	7.760193417223767e-09
577	2401.2	5.35272544574283e-09
578	8448.0	8.736324397474246e-09
579	7351.2	8.265608953962319e-09
580	11277.6	8.94765791197836e-09
581	9559.2	9.107319173608215e-09
582	7875.6	8.899693736989438e-09
583	6861.6	9.197518561435337e-09
584	3721.2	6.812546663082189e-09
585	10341.6	8.666509133485328e-09
586	7160.4	8.901327722152431e-09
587	2414.4	6.617323793850108e-09
588	8544.0	9.277898833658465e-09
589	6096.0	9.03091917163933e-09
590	8324.4	8.45431961738955e-09
591	5664.0	8.057182108550822e-09
592	2872.8	5.6072234473466456e-09
593	6336.0	9.325969543960933e-09
594	4708.8	7.8566736746191e-09
595	5271.6	7.26158577152623e-09
596	9330.0	8.118951931156253e-09
597	7017.6	8.844639999858245e-09
598	5150.4	8.017179912999622e-09
599	3780.0	7.137197573899574e-09
600	50000.0	1.1956702316558774
601	50000.0	1.7875923688342734
602	50000.0	0.36595383464824566
603	50000.0	0.7089084965517767
604	50000.0	0.2623241085243363
605	50000.0	1.1843900660877056
606	50000.0	0.28171433117407213
607	50000.0	1.1180987428360811
608	50000.0	0.05684015979661002
609	50000.0	0.25919101678616085
610	50000.0	0.02628075965799085
611	45315.6	0.0033695543930585973
612	50000.0	0.8615822618164891
613	49028.4	0.0004185857250757709
614	50000.0	0.4464872379341499
615	50000.0	0.19220219411310752
616	46419.6	0.0868329065723009
617	41192.8	0.00038008151573515217
618	50000.0	0.2283565390455063
619	50000.0	0.22865454220413764
620	50000.0	0.5332183122824901
621	50000.0	2.630545894426701
622	50000.0	3.2067212345489073
623	50000.0	1.9562307248206576
624	41140.0	0.13544771194519198
625	50000.0	0.41821057594154903
626	50000.0	1.383774659975524
627	45618.0	0.008737450081689226
628	50000.0	1.0061072856923459
629	50000.0	0.8641022633139306
630	50000.0	0.6940246307667228
631	48498.0	4.3584066166980384e-05
632	50000.0	0.19509737582064277
633	50000.0	1.957750492519326
634	50000.0	0.6909501751833335
635	50000.0	1.289654378592406
636	50000.0	0.35974629484942144
637	50000.0	0.35453484829489385
638	50000.0	2.1498517457763597
639	50000.0	0.1968432499466979
640	45327.6	0.2215817471958888
641	50000.0	1.5909290693370775
642	39273.2	0.27138649732398457
643	47451.6	0.0039036751170723402
644	50000.0	1.5459870430946248
645	50000.0	0.8070530062079051
646	50000.0	0.6501053310136852
647	50000.0	0.9316485575201485
648	45387.6	0.49388782744491655
649	50000.0	0.9496695447760048
650	3759.6	8.981249754267293e-09
651	3663.6	9.16538446117945e-09
652	3631.2	9.311800537427923e-09
653	3574.8	8.721232826118943e-09
654	3952.8	9.075381602359218e-09
655	3762.0	9.300392221636462e-09
656	3571.2	8.67372214918736e-09
657	3904.8	8.657460919957718e-09
658	3723.6	8.222420828457982e-09
659	3658.8	8.501822074872113e-09
660	3790.8	8.690951680964194e-09
661	3529.2	9.072615153042043e-09
662	3769.2	8.840903189151588e-09
663	3717.6	9.069115846063927e-09
664	3685.2	9.06274353558303e-09
665	3698.4	9.045994043257475e-09
666	3784.8	7.659026202691465e-09
667	3885.6	9.09039349780174e-09
668	3618.0	8.963392537807339e-09
669	3768.0	8.524448958657301e-09
670	3350.4	8.657213815105957e-09
671	3668.4	8.885987594385075e-09
672	3670.8	8.925341999547301e-09
673	3578.4	8.45100197182812e-09
674	3810.0	8.333909521960381e-09
675	3645.6	8.784378300438999e-09
676	3706.8	8.851230924191473e-09
677	3741.6	9.374539761203024e-09
678	3619.2	8.847386892314982e-09
679	3800.4	8.547207994218685e-09
680	3403.2	8.323637733576212e-09
681	3421.2	8.978691505821798e-09
682	3783.6	8.916547740768334e-09
683	3624.0	8.289814166987836e-09
684	3741.6	9.038052612748041e-09
685	3742.8	8.899084201222538e-09
686	3670.8	8.633703412549628e-09
687	3776.4	8.936336105660888e-09
688	3950.4	8.96626775711605e-09
689	3667.2	9.345906150801515e-09
690	3810.0	8.725942716476356e-09
691	3732.0	9.267763157610744e-09
692	3692.4	9.101304099828303e-09
693	3675.6	9.31817216007661e-09
694	3603.6	9.240813374025023e-09
695	3540.0	9.260893687418952e-09
696	3487.2	8.578381595854096e-09
697	3710.4	9.017841854226241e-09
698	4027.2	9.054845017353438e-09
699	3652.8	8.579116253900896e-09
700	46106.4	1.094454963481289
701	50000.0	1.2934467742213263
702	48930.0	1.591934491725334
703	44305.6	1.7909263041748418
704	50000.0	2.5868925408787353
705	50000.0	2.0894135161140275
706	48076.8	1.3929448295771498
707	49860.0	1.2934467749869059
708	46920.4	1.1939508693720762
709	48868.8	1.293446774371631
710	50000.0	1.1939508685119848
711	50000.0	1.4924385868867929
712	32911.6	0.8954631546294902
713	38104.4	1.4924385878504487
714	50000.0	1.5919344913492655
715	50000.0	1.1939508685119742
716	34460.4	0.9949590591824837
717	46822.0	1.4924385869517667
718	50000.0	1.8904217046953526
719	43054.0	1.0944549643487527
720	41107.6	1.2934467748449276
721	48044.4	1.3929426808749663
722	39219.2	0.7959672471568757
723	48834.0	1.7909263037256509
724	47129.2	1.790926303589884
725	49150.8	1.2934467745269942
726	42202.4	1.1939508710491964
727	50000.0	1.890422208477257
728	47026.8	1.2934467747793872
729	50000.0	1.3929426799306068
730	42938.0	1.0767097068509983
731	50000.0	1.691430397058641
732	47095.2	1.7909263033055194
733	50000.0	1.9899181141865765
734	50000.0	1.5919345103079101
735	47007.6	1.1939523913530228
736	45070.8	1.2934467746130252
737	44898.4	1.5919344928949255
738	50000.0	1.3929426799306455
739	50000.0	1.4924385856399616
740	48466.0	1.1939508695275238
741	50000.0	1.0944549628026465
742	50000.0	1.3929426799306057
743	47025.6	1.0944549632944036
744	45096.0	1.492438586081731
745	43130.8	1.3929426813699872
746	47895.6	2.2884053281398513
747	50000.0	1.3929426799306053
748	46153.2	1.6914303979245553
749	48939.6	1.3929426807169176
750	50000.0	3.8247777354365473
751	50000.0	3.374326899856863
752	50000.0	1.7943254853230552
753	50000.0	3.796588657056315
754	50000.0	5.599387316233578
755	50000.0	2.847455189425685
756	50000.0	3.1526953863101417
757	50000.0	2.9856312722682232
758	50000.0	2.937373343284043
759	50000.0	2.9638266620509848
760	50000.0	2.7384841545437277
761	50000.0	3.606717228015121
762	50000.0	2.3955857059280956
763	50000.0	4.758029130419712
764	50000.0	4.312385797668215
765	50000.0	2.7463944697812583
766	50000.0	3.771070623141339
767	50000.0	5.1908987273964495
768	50000.0	4.469097462386219
769	50000.0	4.654009683626495
770	50000.0	5.4050514504525164
771	50000.0	4.241407748568802
772	50000.0	1.9344477352310776
773	50000.0	2.115285421541908
774	50000.0	4.727790358316891
775	50000.0	2.2431668226989268
776	50000.0	4.831524881748448
777	50000.0	1.7222307993713215
778	50000.0	4.294324386159008
779	50000.0	6.316118014841198
780	50000.0	3.1013214827079425
781	50000.0	3.0799495458317576
782	50000.0	4.3891704015656785
783	50000.0	3.9609433639972904
784	50000.0	3.790514869247829
785	50000.0	4.527800775319561
786	50000.0	2.805382817110801
787	50000.0	4.489753469377808
788	50000.0	3.284037874983685
789	50000.0	3.4654577452889455
790	50000.0	4.365572835170224
791	50000.0	3.0029214381057514
792	50000.0	2.3583623156290834
793	50000.0	2.182955609982284
794	50000.0	3.0223320035776875
795	50000.0	3.6691643508190936
796	50000.0	5.209764409697204
797	50000.0	4.180648221945819
798	50000.0	5.859186846319334
799	50000.0	2.5572286500419463
800	50000.0	5.349692702542951
801	50000.0	6.8954495006540295
802	50000.0	3.1709293084549985
803	50000.0	6.71414377272946
804	50000.0	11.199185241658693
805	50000.0	5.728505962278918
806	50000.0	5.203129242219978
807	50000.0	6.209123336658946
808	50000.0	7.3358106361225
809	50000.0	13.933849662537956
810	50000.0	7.644519605079279
811	50000.0	9.301534536033495
812	50000.0	9.928778116884297
813	50000.0	9.091982213616568
814	50000.0	9.484173135230725
815	50000.0	7.015812409458354
816	50000.0	15.158381381639334
817	50000.0	8.145868890897399
818	50000.0	8.79441390702326
819	50000.0	9.954229918666629
820	50000.0	6.890815027922159
821	50000.0	9.225304021498994
822	50000.0	6.712073368145832
823	50000.0	2.827391508842177
824	50000.0	7.079909060117802
825	50000.0	7.4081537068826435
826	50000.0	7.765449804870164
827	50000.0	3.446100480026259
828	50000.0	6.574081220227775
829	50000.0	3.888834807467018
830	50000.0	5.534313849805047
831	50000.0	7.502783425744084
832	50000.0	4.641640609334019
833	50000.0	4.05652289047529
834	50000.0	2.333476809894326
835	50000.0	3.296351495507751
836	50000.0	8.739498722338674
837	50000.0	4.7169606373953386
838	50000.0	13.382275384430889
839	50000.0	3.156309049040263
840	50000.0	6.0245489992956065
841	50000.0	5.346333441507317
842	50000.0	7.759741801885696
843	50000.0	4.660703369823972
844	50000.0	6.079965721660756
845	50000.0	15.459828688606773
846	50000.0	9.009955122308147
847	50000.0	7.052128946470917
848	50000.0	6.4074676987327575
849	50000.0	6.6082063648302
850	50000.0	21.518504796647484
851	50000.0	27.48499402893848
852	50000.0	5.580357109321319
853	50000.0	26.69109603988955
854	50000.0	31.261130639658557
855	50000.0	19.246071035272017
856	50000.0	21.10888380256609
857	50000.0	26.59314363119165
858	50000.0	30.1638223496669
859	50000.0	51.39963579589388
860	50000.0	26.4410286678315
861	50000.0	34.468393307637214
862	50000.0	22.292503061564855
863	50000.0	23.886964660884143
864	50000.0	34.17881622169448
865	50000.0	21.611683032557163
866	50000.0	46.53918436689154
867	50000.0	24.376123848362287
868	50000.0	24.688620995335732
869	50000.0	20.440519790417817
870	50000.0	29.378712120564096
871	50000.0	34.76035306518514
872	50000.0	14.78532728970497
873	50000.0	12.130191194961547
874	50000.0	17.422403272976645
875	50000.0	16.79592569452286
876	50000.0	12.484983247467767
877	50000.0	10.13508923849275
878	50000.0	25.562323245994804
879	50000.0	12.125459682411302
880	50000.0	20.582685680158058
881	50000.0	28.433613137965402
882	50000.0	18.861849665165924
883	50000.0	11.631359721621413
884	50000.0	8.662210544993235
885	50000.0	11.956136108826556
886	50000.0	29.21819123852444
887	50000.0	18.035338897016977
888	50000.0	38.88001615207806
889	50000.0	14.000525354982937
890	50000.0	16.24991698993706
891	50000.0	22.50596073749495
892	50000.0	20.001546750840305
893	50000.0	17.924127917769795
894	50000.0	25.288961975505867
895	50000.0	47.34780792316547
896	50000.0	24.357379096854675
897	50000.0	22.903302831482176
898	50000.0	18.66323192995828
899	50000.0	20.492755378247004
900	46358.4	0.03193406192850858
901	50000.0	0.053665790619149514
902	50000.0	0.06552231604099568
903	50000.0	0.07578394008108677
904	49112.4	0.04539380306073308
905	50000.0	0.05231708174483156
906	50000.0	0.05257808791265539
907	50000.0	0.09347246565967797
908	50000.0	0.06948261424853452
909	50000.0	0.0816691488924226
910	50000.0	0.049514171649548896
911	50000.0	0.09835803443481499
912	50000.0	0.09583101216626844
913	50000.0	0.06790431285286491
914	50000.0	0.07284604268815524
915	45129.6	0.07047917969619544
916	50000.0	0.055761234296675434
917	46050.0	0.04010883008437034
918	50000.0	0.07202687661333088
919	50000.0	0.0633231874737497
920	47070.0	0.06838576701206076
921	50000.0	0.058770646245970504
922	50000.0	0.09756974230983832
923	47199.6	0.06821260176010621
924	50000.0	0.09174793607896951
925	50000.0	0.07796341888464528
926	45156.0	0.06622515884606876
927	50000.0	0.10343617594170826
928	46964.4	0.050462091269065826
929	50000.0	0.08254778274082941
930	50000.0	0.06453212416791132
931	50000.0	0.07692852819916407
932	50000.0	0.08031281808848068
933	50000.0	0.028197265614854316
934	50000.0	0.04584462206601483
935	46232.8	0.028630223722244885
936	46294.8	0.05211287765186281
937	50000.0	0.05239490125961481
938	49585.2	0.06773431680501982
939	50000.0	0.09156342211247281
940	50000.0	0.06315666466327592
941	50000.0	0.05474640889269402
942	50000.0	0.0428094769783927
943	50000.0	0.06128189902451968
944	49068.0	0.05326646602876402
945	50000.0	0.06366201349732137
946	50000.0	0.12379316980713409
947	50000.0	0.06435232420796311
948	50000.0	0.05158736143847413
949	50000.0	0.09769661294330448
950	50000.0	1.2509950726265253
951	50000.0	1.5132050937558155
952	50000.0	1.4453670794431686
953	50000.0	1.5640886157249445
954	50000.0	1.4480117443326133
955	50000.0	1.2254242525523409
956	50000.0	1.5720972791868424
957	50000.0	1.3003181294208705
958	50000.0	1.3827626828661694
959	50000.0	1.3731905506138984
960	50000.0	1.4969798715950138
961	50000.0	1.4025085526348895
962	50000.0	1.3728076311355157
963	50000.0	1.3116757024716594
964	50000.0	1.3542005384660916
965	50000.0	1.3558351944686744
966	50000.0	1.376271350118229
967	50000.0	1.479840674221218
968	50000.0	1.415294065417229
969	50000.0	1.3515466774406355
970	50000.0	1.4616941009529456
971	50000.0	1.4399655179037936
972	50000.0	1.427136369779085
973	50000.0	1.5798220825022173
974	50000.0	1.4956700219764922
975	50000.0	1.3051081939669844
976	50000.0	1.4240549655671395
977	50000.0	1.2406845179430102
978	50000.0	1.422926559104755
979	50000.0	1.33316313459208
980	50000.0	1.3826689070034646
981	50000.0	1.2262840382856606
982	50000.0	1.3313201418851455
983	50000.0	1.3780297513955788
984	50000.0	1.46144556934034
985	50000.0	1.14633488014084
986	50000.0	1.4969972153905104
987	50000.0	1.3262508735409122
988	50000.0	1.404764170180958
989	48760.8	1.2525865967761836
990	50000.0	1.5155196610264134
991	50000.0	1.437718708934732
992	50000.0	1.5090358610771382
993	50000.0	1.2947836718824706
994	50000.0	1.5155196610264134
995	50000.0	1.4100235086045985
996	50000.0	1.4312952284959688
997	50000.0	1.315396680616594
998	50000.0	1.2105780648236597
999	50000.0	1.473982731329258
1000	50000.0	2.131868033109305
1001	50000.0	1.245255535304286
1002	50000.0	5.722031678875226
1003	45064.8	5.726456143896372
1004	50000.0	2.0805405942813953
1005	50000.0	3.1698055872966586
1006	50000.0	2.727326150213792
1007	50000.0	2.0131251354347084
1008	50000.0	2.7779884071349663
1009	50000.0	4.271052721588758
1010	40134.4	5.085944006976677
1011	50000.0	6.385905631031042
1012	50000.0	3.273463680499014
1013	45945.6	7.56561548688082
1014	50000.0	3.334446565918204
1015	420.0	5.095685040834789e-09
1016	50000.0	1.245255535304286
1017	45046.8	8.522484461710395
1018	50000.0	2.32208618346137
1019	50000.0	4.592981226249203
1020	50000.0	7.856584531404768
1021	35195.6	7.62425813084968
1022	35139.2	8.124733621346325
1023	50000.0	1.3915730577557675
1024	50000.0	2.010776585888377
1025	22887.2	0.8611709430274189
1026	45051.6	9.601337359527111
1027	20252.0	2.191775065948193
1028	45075.6	4.536500494104037
1029	35124.8	1.6221323119372848
1030	40176.4	6.05088144396783
1031	50000.0	3.7457363434052944
1032	50000.0	5.173517228223079
1033	30253.2	2.394141927294201
1034	50000.0	4.247954211177067
1035	3146.4	3.8699222098708936e-09
1036	381.6	4.251054174431341e-09
1037	50000.0	3.83786422888954
1038	6404.0	0.31698056204023084
1039	50000.0	6.6004656715791326
1040	40199.2	1.5219737002185063
1041	47632.8	7.173050590453075
1042	47114.8	5.08877640601383
1043	44732.8	2.2471287723801097
1044	25237.6	0.9794623109877957
1045	50000.0	2.118634928020234
1046	40098.4	3.1534110859973934
1047	50000.0	1.245255535304304
1048	45062.4	3.796887985939668
1049	50000.0	2.4204395344747014
1050	40260.4	23.552849620100112
1051	1039.2	4.322975026494842e-09
1052	50000.0	2.4105600006319556
1053	36200.0	1.3684992024218097
1054	50000.0	7.271629193626576
1055	37040.0	4.078926667812642
1056	50000.0	3.3143852383345918
1057	25440.4	3.431886580770155
1058	40207.6	6.2849451178660845
1059	50000.0	1.954998859523298
1060	20591.6	0.5875245524077009
1061	50000.0	7.328414695594377
1062	50000.0	1.1971136905243829
1063	50000.0	11.1256184504082
1064	50000.0	30.050418039754682
1065	50000.0	5.608110859715042
1066	45097.2	1.6231615239869512
1067	50000.0	2.5905477300896895
1068	50000.0	11.125618450408194
1069	40218.4	8.099126763844943
1070	10813.6	2.225123694737524
1071	50000.0	2.392882493327231
1072	40183.6	10.335540227588023
1073	40236.4	14.763613144989815
1074	48529.2	6.4488926845549175
1075	50000.0	5.125822726366376
1076	50000.0	16.46203984986518
1077	39974.4	7.376098820099846
1078	20618.0	3.497100216006126
1079	20547.2	1.3136625799021049
1080	50000.0	8.686813056216465
1081	50000.0	1.9549988595232999
1082	50000.0	3.002769811656528
1083	34742.4	2.395137291084
1084	50000.0	2.8260298465083666
1085	50000.0	4.3546531985870685
1086	50000.0	1.8286846646901485
1087	50000.0	0.6918569111917574
1088	50000.0	0.6918569111917574
1089	35313.2	6.915669794457765
1090	50000.0	2.5269928430330952
1091	13511.2	1.527669846791486
1092	50000.0	5.06273745642982
1093	45097.2	1.0597592747320614
1094	50000.0	5.920028316779599
1095	15612.0	0.16870934428103976
1096	50000.0	7.764663414933007
1097	50000.0	7.271629193626575
1098	14342.8	1.012547495578475
1099	50000.0	5.184165344840773
1100	50000.0	0.26974417233572173
1101	50000.0	0.8227797469239443
1102	50000.0	0.3251070831913769
1103	50000.0	0.4031720584700862
1104	50000.0	0.34817300821698005
1105	50000.0	0.48004517178047806
1106	50000.0	0.2392972036329811
1107	50000.0	0.4536351637654182
1108	50000.0	0.20587198678176755
1109	50000.0	0.26272507345940677
1110	50000.0	0.385263021965857
1111	50000.0	0.3801811766323401
1112	50000.0	0.5719413343384638
1113	50000.0	0.4197613177864931
1114	50000.0	0.4523590021300749
1115	50000.0	0.5262170151137492
1116	50000.0	0.6096408706964006
1117	50000.0	0.30042389528661567
1118	50000.0	0.3586920795511297
1119	50000.0	0.2951383085458711
1120	50000.0	0.3784631894208351
1121	50000.0	0.4275554477044312
1122	50000.0	0.39304480612311055
1123	50000.0	0.25987096792193637
1124	50000.0	0.4352388916523496
1125	50000.0	0.3659785038996271
1126	50000.0	0.3523457014171017
1127	50000.0	0.5689185555966847
1128	50000.0	0.21698978418871992
1129	50000.0	0.36580738000211815
1130	50000.0	0.3584477874340283
1131	50000.0	0.3914848913164362
1132	50000.0	0.4466175081485246
1133	50000.0	0.4355739455923155
1134	50000.0	0.25095995839637864
1135	50000.0	0.3359965300818912
1136	50000.0	0.43049948383891784
1137	50000.0	0.3051053179465107
1138	50000.0	0.43495702146533094
1139	50000.0	0.39643956283448795
1140	50000.0	0.36159299311745624
1141	50000.0	0.32519429008821704
1142	50000.0	0.6580391873396214
1143	50000.0	0.6403811928650018
1144	50000.0	0.3727886905236628
1145	50000.0	0.2873237339158867
1146	50000.0	0.5517308889720757
1147	50000.0	0.6521571069299391
1148	50000.0	0.5574544104959724
1149	50000.0	0.19155451556817948
1150	50000.0	6.7431468848245855
1151	50000.0	6.12025672493921
1152	50000.0	5.328388146942727
1153	50000.0	4.382380530088935
1154	50000.0	6.643809098753001
1155	50000.0	2.887511618440965
1156	50000.0	4.516199429419553
1157	50000.0	6.158090399338478
1158	50000.0	5.536778397211606
1159	50000.0	5.750693335224161
1160	50000.0	7.005772174942362
1161	50000.0	7.196315866896422
1162	50000.0	6.694105397366441
1163	50000.0	6.68489643218656
1164	50000.0	4.078179815140303
1165	50000.0	3.9651227483613773
1166	50000.0	3.878468825444591
1167	50000.0	2.8347136608912407
1168	50000.0	7.648289314378012
1169	50000.0	5.854620529643238
1170	50000.0	5.2894171952559335
1171	50000.0	5.65787753589615
1172	50000.0	3.066846233042549
1173	50000.0	7.5627743915935595
1174	50000.0	6.56921182020957
1175	50000.0	3.9026376194381234
1176	50000.0	2.9557319325600435
1177	50000.0	1.8940034219789017
1178	50000.0	4.560901267084721
1179	50000.0	2.312964717112197
1180	50000.0	6.787977980350557
1181	50000.0	5.240108876760006
1182	50000.0	4.121631664580853
1183	50000.0	6.592933261542264
1184	50000.0	2.480810687159825
1185	50000.0	5.867866605204536
1186	50000.0	6.927767405855822
1187	50000.0	6.865776672292434
1188	50000.0	2.5944296458290648
1189	50000.0	5.477156198414592
1190	50000.0	5.3589019085048895
1191	50000.0	5.540428680046593
1192	50000.0	3.585335692899206
1193	50000.0	5.332320633203311
1194	50000.0	7.533275770381526
1195	50000.0	3.994714751305319
1196	50000.0	4.876699396409064
1197	50000.0	3.6945435493487464
1198	50000.0	6.9260956000537846
1199	50000.0	4.923232894665196
