	0	1
0	30638.4	3.0850515549320266e-08
1	32385.6	1.1265876085460748e-07
2	33839.2	8.8233319628811e-07
3	21403.2	1.0062808336269913e-08
4	27021.0	2.0693562921227355e-08
5	26016.2	1.2436823326178473e-07
6	29886.2	1.3671174972617344e-08
7	22562.8	1.629894780257134e-08
8	26881.4	3.0180233471898985e-07
9	34216.4	6.208204972244719e-08
10	28745.2	1.2296054268877203e-07
11	18952.0	9.108512334461718e-09
12	27394.6	1.5155666716158431e-07
13	25874.8	7.064159138795909e-08
14	35475.8	5.6382360826856904e-08
15	33135.0	1.2690499002258502e-07
16	28982.6	4.6839056832489654e-08
17	24869.6	3.14407974247857e-07
18	36251.6	9.184474270750703e-07
19	28750.6	1.5525811031981995e-07
20	33509.0	7.691423439040941e-08
21	37952.0	1.2732555092307122e-07
22	26360.0	3.4610060337438753e-07
23	35319.2	1.0485863109800543e-08
24	28726.8	6.43780303394524e-08
25	26376.6	3.039848647516447e-08
26	34085.4	1.0153484551593728e-07
27	27694.8	1.3837706485664168e-07
28	29075.8	3.883655273923305e-07
29	28184.4	4.805003173602044e-08
30	23454.2	1.507530685431991e-08
31	30521.6	1.851662773823214e-07
32	23668.8	7.941320522229959e-09
33	32329.6	1.6568562853307994e-07
34	18637.4	8.291820359927708e-09
35	28534.8	1.5859234752718153e-08
36	33108.0	3.212854931593919e-08
37	37787.4	1.9485336043948083e-07
38	33028.0	4.120248670990671e-08
39	25562.8	3.6440657342280285e-08
40	45104.4	5.260053785786733e-07
41	21569.2	1.8171313337283912e-08
42	33677.0	1.0756247308999645e-06
43	44933.8	2.749859736310198e-07
44	29361.2	1.1968500470343164e-08
45	34322.4	1.1284263386791368e-07
46	35632.8	7.821101765379181e-08
47	26626.0	7.977953277464772e-08
48	22591.6	5.182823210592576e-08
49	37045.2	1.0681375846014667e-07
50	50000.0	260.14022373466025
51	50000.0	3753.4276587856352
52	50000.0	156.3236469656645
53	50000.0	357.2843509724638
54	50000.0	482.2487696408922
55	50000.0	544.9084881260528
56	50000.0	809.2626567327475
57	50000.0	1916.9022518270722
58	50000.0	240.3162212533469
59	50000.0	3937.7126490178903
60	50000.0	514.5213506466519
61	50000.0	387.0146267019089
62	50000.0	412.51111134104156
63	50000.0	2388.615272613475
64	50000.0	3080.3574599678373
65	50000.0	6562.331522314057
66	50000.0	273.72809504259965
67	50000.0	339.67608902725567
68	50000.0	273.92254056261083
69	50000.0	688.7990107044443
70	50000.0	4168.688459141676
71	50000.0	262.3001623069582
72	50000.0	344.33023727588113
73	50000.0	178.69523631365982
74	50000.0	567.0744612170756
75	50000.0	4787.404091263722
76	50000.0	3430.8486587711873
77	50000.0	2981.7824153936062
78	50000.0	610.9507144481397
79	50000.0	1499.6191536247227
80	50000.0	5922.487966220787
81	50000.0	1940.7057877600187
82	50000.0	181.98542141430215
83	50000.0	3641.191208282043
84	50000.0	740.3815187714082
85	50000.0	1247.3946182588581
86	50000.0	587.9195612021053
87	50000.0	639.9897603360826
88	50000.0	3274.337151814082
89	50000.0	1427.455439420581
90	50000.0	88.28670883484791
91	50000.0	1551.6757607795496
92	50000.0	391.2090883644119
93	50000.0	905.8651230473843
94	50000.0	845.5375800128256
95	50000.0	1420.9655189821292
96	50000.0	648.8871434090014
97	50000.0	2633.3935566085047
98	50000.0	742.5969861383272
99	50000.0	298.28959715171334
100	50000.0	0.6558336067824555
101	50000.0	1.1666231535523885
102	50000.0	0.6540130062111988
103	50000.0	0.6199018156940439
104	50000.0	0.31018975395457593
105	50000.0	1.4664275543276997
106	50000.0	0.7036377224531123
107	50000.0	0.9774825095968607
108	50000.0	0.6080125998692696
109	50000.0	0.9174710820300909
110	50000.0	0.6638632220586109
111	50000.0	1.0691543623849957
112	50000.0	1.1309561717003667
113	50000.0	1.4123582278736917
114	50000.0	1.081161455165544
115	50000.0	0.7066460964371812
116	50000.0	0.5675452428150249
117	50000.0	0.7397763039786824
118	50000.0	1.2077133962636557
119	50000.0	0.8744761051794822
120	50000.0	0.9143230931429909
121	50000.0	1.1248961969760047
122	50000.0	1.0615339317693469
123	50000.0	0.6977690491874168
124	50000.0	0.7742368714099577
125	50000.0	0.5900190697069715
126	50000.0	1.361281946817756
127	50000.0	1.2643385260553655
128	50000.0	1.323912054842893
129	50000.0	0.7507166850772438
130	50000.0	0.4071643068606231
131	50000.0	0.5485348669552972
132	50000.0	1.640868514055476
133	50000.0	3.0055335327265764
134	50000.0	1.0326096224096128
135	50000.0	2.0606009500220717
136	50000.0	0.6937783306939916
137	50000.0	1.2314067763988557
138	50000.0	1.0494899311791124
139	50000.0	2.181503016875984
140	50000.0	1.3476197688652618
141	50000.0	0.7941197267058124
142	50000.0	0.696685386413898
143	50000.0	1.5987988654536849
144	50000.0	0.5916607419351947
145	50000.0	0.8253831227027295
146	50000.0	0.5145781119632825
147	50000.0	1.7799380848043895
148	50000.0	0.8502048359686574
149	50000.0	1.2155604344013633
150	50000.0	6.957029097402016
151	50000.0	6.947647287263057
152	50000.0	6.430649295025813
153	50000.0	9.123765133936736
154	50000.0	8.571914652020888
155	50000.0	7.019463456437289
156	50000.0	7.8553478131230365
157	50000.0	6.216213931134497
158	50000.0	6.558178070446568
159	50000.0	5.427567471157702
160	50000.0	8.020791750116985
161	50000.0	8.174562075161102
162	50000.0	6.604204919863614
163	50000.0	6.376105501558497
164	50000.0	6.167249479632472
165	50000.0	6.917237718277812
166	50000.0	7.331961474307055
167	50000.0	6.461158112207717
168	50000.0	5.447327620050843
169	50000.0	6.8871209562719855
170	50000.0	5.899230925556429
171	50000.0	5.64310579761545
172	50000.0	7.190058165223418
173	50000.0	7.092706351794026
174	50000.0	7.293669152383279
175	50000.0	5.252315952098094
176	50000.0	7.312791446701506
177	50000.0	6.462681887564736
178	50000.0	7.939894005426777
179	50000.0	6.022063806423792
180	50000.0	5.237532137405203
181	50000.0	6.687271225194102
182	50000.0	6.281357412237984
183	50000.0	6.987230424391615
184	50000.0	8.948670389064961
185	50000.0	6.039862477233559
186	50000.0	7.686362348591095
187	50000.0	7.2242173361667215
188	50000.0	3.3625939613115357
189	50000.0	7.858372812982942
190	50000.0	8.84646110109684
191	50000.0	6.064899005407126
192	50000.0	6.506088841541306
193	50000.0	8.922886348730051
194	50000.0	6.822071496328799
195	50000.0	7.0487580146903595
196	50000.0	7.102424804738767
197	50000.0	8.789796357509749
198	50000.0	5.3074230206078274
199	50000.0	7.536216841705963
200	348.0	0.0
201	890.4	0.0
202	466.8	0.0
203	765.6	0.0
204	206.4	0.0
205	662.4	0.0
206	1046.4	0.0
207	612.0	0.0
208	686.4	0.0
209	969.6	0.0
210	685.2	0.0
211	285.6	0.0
212	1136.4	0.0
213	1396.8	0.0
214	386.4	0.0
215	392.4	0.0
216	714.0	0.0
217	348.0	0.0
218	369.6	0.0
219	206.4	0.0
220	220.8	0.0
221	826.8	0.0
222	470.4	0.0
223	716.4	0.0
224	1719.2	0.0
225	784.8	0.0
226	1011.6	0.0
227	206.4	0.0
228	1288.8	0.0
229	386.4	0.0
230	784.8	0.0
231	459.6	0.0
232	1135.2	0.0
233	992.4	0.0
234	826.8	0.0
235	784.8	0.0
236	414.0	0.0
237	1082.4	0.0
238	392.4	0.0
239	290.4	0.0
240	466.8	0.0
241	1041.6	0.0
242	1125.6	0.0
243	819.6	0.0
244	766.8	0.0
245	369.6	0.0
246	285.6	0.0
247	846.0	0.0
248	1419.2	0.0
249	1198.8	0.0
250	50000.0	1.0131898213389738
251	50000.0	1.28849555616523
252	50000.0	2.2286917660875774
253	50000.0	1.4140805454922283
254	50000.0	0.4125639413483465
255	50000.0	1.9521289284165797
256	50000.0	2.5953331607335124
257	50000.0	0.8803973544404343
258	50000.0	1.5084128505707137
259	50000.0	0.47801024318925195
260	50000.0	0.36951503515955225
261	50000.0	0.9066849668766661
262	50000.0	0.6125487749825094
263	50000.0	1.186867175776552
264	50000.0	1.4267342797834057
265	50000.0	1.4985615748391097
266	50000.0	1.8701692720108458
267	50000.0	0.801078430604235
268	50000.0	1.3279657021544413
269	50000.0	3.218185263711497
270	50000.0	0.7800845598746842
271	50000.0	1.9553852572479264
272	50000.0	0.07273137969486743
273	50000.0	1.6560762136162708
274	50000.0	0.5220063060233034
275	50000.0	1.4404297829112385
276	50000.0	1.2817375137786773
277	50000.0	1.2121977219596132
278	50000.0	2.1429430223531365
279	50000.0	1.541181445810265
280	50000.0	2.268472202711705
281	50000.0	1.6194875854867725
282	50000.0	1.0918366806604942
283	50000.0	1.3290695425806018
284	50000.0	2.16379165634367
285	50000.0	1.8452778447758296
286	50000.0	3.6820956653756354
287	50000.0	0.8709080326011206
288	50000.0	1.8248690533633973
289	50000.0	1.2092878118379766
290	50000.0	1.9038410473351752
291	50000.0	1.308299962326405
292	50000.0	1.338612089241296
293	50000.0	0.9394143213900803
294	50000.0	1.4609189060564378
295	50000.0	3.419157142014668
296	50000.0	0.8762485749404473
297	50000.0	0.722841917411271
298	50000.0	1.067377651413063
299	50000.0	1.967565466643751
300	50000.0	0.0
301	50000.0	93.5658269698017
302	50000.0	35.36274903771899
303	50000.0	4.559352130239903
304	50000.0	21.85419477544096
305	50000.0	65.26902569084322
306	50000.0	54.607276260181905
307	50000.0	0.0
308	50000.0	22.6613703014414
309	50000.0	16.385225453855558
310	50000.0	0.0
311	50000.0	397.85983947776856
312	50000.0	129.64893800749314
313	50000.0	0.0
314	50000.0	311.16682947965876
315	50000.0	0.0
316	50000.0	29.373001562055787
317	50000.0	0.0
318	50000.0	43.383670215670385
319	50000.0	1000.2887501284542
320	50000.0	291.1926490494514
321	47540.6	0.0
322	50000.0	0.0
323	50000.0	0.0
324	50000.0	412.92905360023053
325	50000.0	217.57615055173414
326	50000.0	118.51868953235956
327	50000.0	53.6657947038738
328	50000.0	7.905372376655947
329	50000.0	72.79723847196449
330	50000.0	0.0
331	50000.0	14.719579706772617
332	50000.0	0.0
333	50000.0	11.681153825459214
334	50000.0	39.71801806484095
335	50000.0	0.0
336	50000.0	263.60616115372
337	50000.0	14.224857778790735
338	50000.0	42.435479396203746
339	50000.0	2.6068842817580107
340	50000.0	0.0
341	50000.0	0.0
342	50000.0	675.1163884826739
343	50000.0	0.0
344	50000.0	0.0
345	50000.0	0.0
346	50000.0	56.89406715729588
347	50000.0	42.551319930582665
348	50000.0	46.089656586157936
349	50000.0	0.0
350	50000.0	1.0731783669048327
351	50000.0	1.7820990996597303
352	50000.0	2.4303230160800573
353	50000.0	1.7683702872248268
354	50000.0	1.0111354074786758
355	50000.0	2.5950947404246305
356	50000.0	2.384998180095416
357	50000.0	0.9311882779053674
358	50000.0	1.2173194354220813
359	50000.0	2.310928870080788
360	50000.0	1.9313598476610228
361	50000.0	1.717570198450692
362	50000.0	1.7835150014162906
363	50000.0	1.9968094150711408
364	50000.0	1.4946808986177298
365	50000.0	2.347062621102513
366	50000.0	2.2203692845054634
367	50000.0	1.147668574149057
368	50000.0	0.9039846245174074
369	50000.0	1.3701127775597204
370	50000.0	0.9446112995043215
371	50000.0	1.3387300770572836
372	50000.0	1.3858552374046016
373	50000.0	2.3068922545569173
374	50000.0	2.1679740499350686
375	50000.0	2.4161055532184896
376	50000.0	1.6288108125058625
377	50000.0	2.3651433155865322
378	50000.0	1.5286876560086882
379	50000.0	2.164714165197053
380	50000.0	1.6831813194038048
381	50000.0	1.8302732612894943
382	50000.0	2.191143678626258
383	50000.0	2.185909420421655
384	50000.0	1.5132276927031159
385	50000.0	2.3557541243571807
386	50000.0	0.8655304406114691
387	50000.0	0.9950877476276002
388	50000.0	2.2990870623885464
389	50000.0	1.8676541509872582
390	50000.0	2.514277280978513
391	50000.0	2.027963765564434
392	50000.0	1.7057439900895506
393	50000.0	1.6964486566111145
394	50000.0	1.059174181945513
395	50000.0	1.6110112337102158
396	50000.0	2.2510139008830388
397	50000.0	2.022275740313029
398	50000.0	1.902512434402246
399	50000.0	2.0549742998442637
400	50000.0	1.8900224891033166
401	50000.0	0.8150592364976088
402	50000.0	1.7179031007418704
403	50000.0	1.6773753225324355
404	50000.0	0.5604636029835157
405	50000.0	2.024464650861302
406	50000.0	1.8993182549285677
407	50000.0	1.008439898222623
408	50000.0	0.04492635160455132
409	50000.0	0.2256560668874738
410	50000.0	0.638491132917655
411	50000.0	2.101461929147475
412	50000.0	1.6501659857552018
413	50000.0	1.4582883263567747
414	50000.0	2.101205285630696
415	50000.0	2.021759813864427
416	50000.0	1.6605104326175646
417	50000.0	1.3275412804392324
418	50000.0	1.9051147652913472
419	50000.0	2.1757244056822302
420	50000.0	1.1204953615159146
421	50000.0	1.8528168222773238
422	50000.0	1.879250994020889
423	50000.0	0.718690397039115
424	50000.0	2.3628395550746433
425	50000.0	2.1823712274871676
426	50000.0	1.909523912064035
427	50000.0	0.9737316633314899
428	50000.0	1.643440015472482
429	50000.0	1.7741398378865179
430	50000.0	2.0731500756129946
431	50000.0	1.6490493055620359
432	50000.0	1.1989142188429491
433	50000.0	2.044093073167421
434	50000.0	1.5139850366813739
435	50000.0	1.075214699493675
436	50000.0	2.407754750184159
437	50000.0	2.313273368553003
438	50000.0	1.1743225988999086
439	50000.0	2.3081136332008625
440	50000.0	1.7855873087485836
441	50000.0	1.212798489128605
442	50000.0	1.5297826981419413
443	50000.0	2.1472834255806412
444	50000.0	1.2983195208543072
445	50000.0	1.8706237621644024
446	50000.0	1.30553517408856
447	50000.0	1.1943158596973569
448	50000.0	1.345401808396328
449	50000.0	0.6171452426119856
450	50000.0	2777.2778003219623
451	50000.0	3448.1702632075526
452	50000.0	326.4487384697247
453	50000.0	1369.3312205937825
454	50000.0	1348.8084251255018
455	50000.0	843.9125805130185
456	50000.0	562.4565218352791
457	50000.0	1170.6312560733454
458	50000.0	550.1533933868711
459	50000.0	4652.213272444636
460	50000.0	3574.590060727114
461	50000.0	12631.906126042762
462	50000.0	445.9663893774141
463	50000.0	523.0320406531876
464	50000.0	876.6751527858174
465	50000.0	1823.4140396108262
466	50000.0	145.91369769735508
467	50000.0	397.78624772035585
468	50000.0	3303.748686746831
469	50000.0	808.8124468609132
470	50000.0	1782.2670690257069
471	50000.0	519.726202892107
472	50000.0	829.6278154708849
473	50000.0	1495.95688267013
474	50000.0	821.1524238664045
475	50000.0	147.35820867907984
476	50000.0	112.71588576666008
477	50000.0	425.0709151012614
478	50000.0	2280.4161529465523
479	50000.0	249.95572826729534
480	50000.0	229.7566276377699
481	50000.0	543.9699229347982
482	50000.0	545.9288625518584
483	50000.0	1034.4416185772307
484	50000.0	704.3087942722469
485	50000.0	3064.4515578124033
486	50000.0	5643.9782478845245
487	50000.0	239.29479499815073
488	50000.0	186.55356508125038
489	50000.0	4345.429741202817
490	50000.0	120.72494403854826
491	50000.0	106.53604797588305
492	50000.0	2647.162655988911
493	50000.0	9308.76453155656
494	50000.0	393.73760796278
495	50000.0	969.8957767979118
496	50000.0	2134.285804527602
497	50000.0	198.67837163020323
498	50000.0	2179.716790551998
499	50000.0	192.95873573912905
500	50000.0	15.95488104315518
501	50000.0	9.502611741662296
502	50000.0	16.865457502736806
503	50000.0	3.6802881816470907
504	50000.0	22.43060609300975
505	50000.0	15.804174863375305
506	50000.0	32.138090813211655
507	50000.0	6.557978863720817
508	50000.0	34.69328062975467
509	50000.0	27.497886000330162
510	50000.0	6.039300000780918
511	50000.0	7.71113083059538
512	50000.0	11.771737421599568
513	50000.0	6.276257023748456
514	50000.0	13.466450804101925
515	50000.0	9.489008802060543
516	50000.0	22.139494174905465
517	50000.0	6.051630765126883
518	50000.0	7.2398013919479896
519	50000.0	31.14282006557
520	50000.0	21.996236013499992
521	50000.0	4.860247244752618
522	50000.0	13.48374895229243
523	50000.0	12.135297349046395
524	50000.0	17.422772998096978
525	50000.0	9.142837070117332
526	50000.0	11.000643933557264
527	50000.0	17.67569022127315
528	50000.0	1.6322350342120466
529	50000.0	16.068905402209626
530	50000.0	3.2418182932887625
531	50000.0	22.358995857943125
532	50000.0	34.723364947280544
533	50000.0	16.943348925890078
534	50000.0	17.181078836645412
535	50000.0	7.935466514227707
536	50000.0	13.558123640760005
537	50000.0	19.561068378884038
538	50000.0	19.410877039491275
539	50000.0	5.760627128482616
540	50000.0	30.313961981941326
541	50000.0	7.910310051778177
542	50000.0	3.3364226328023947
543	50000.0	9.27841430044858
544	50000.0	9.881123645156066
545	50000.0	32.14604481352477
546	50000.0	13.381990059661828
547	50000.0	12.550356413022184
548	50000.0	5.4576984050402
549	50000.0	9.031990849961488
550	50000.0	0.2748559998699473
551	50000.0	1.4714984895809453
552	50000.0	0.3411340717188952
553	50000.0	0.4123880953409489
554	50000.0	0.183569079565626
555	50000.0	0.3125093680988463
556	50000.0	0.1757430722861169
557	50000.0	4.37378958831073
558	50000.0	0.09412280627999335
559	50000.0	1.2881341123408894
560	50000.0	1.937566913112422
561	50000.0	0.20227854298178288
562	50000.0	6.066650687373054
563	50000.0	2.211806071682832
564	50000.0	0.175600666960871
565	50000.0	0.2690560542600041
566	50000.0	0.14729094822851718
567	50000.0	2.36381550842602
568	50000.0	11.715689308571099
569	50000.0	0.17507439513774806
570	50000.0	0.5731728399852103
571	50000.0	0.248526941181283
572	50000.0	1.0894292910056427
573	50000.0	0.02426479058478831
574	50000.0	0.02889268152414448
575	50000.0	5.21850563290169
576	50000.0	0.7178836660502982
577	50000.0	2.597229300383019
578	50000.0	0.08428130379789602
579	50000.0	0.28811630808655975
580	50000.0	0.08821508981913112
581	50000.0	0.05192735647556124
582	50000.0	0.021406398430843583
583	50000.0	0.9598640374640002
584	50000.0	13.44730096971053
585	50000.0	0.12905233713720937
586	50000.0	0.1724377563126255
587	50000.0	1.8823719789227549
588	50000.0	0.063600525360767
589	50000.0	0.09456720897264244
590	50000.0	0.12597149835388777
591	50000.0	0.1342380200528685
592	50000.0	0.45530274669271337
593	50000.0	0.17379173001026155
594	50000.0	0.21561058884027334
595	50000.0	0.22576351218098717
596	50000.0	0.07514280360746024
597	50000.0	3.45986883293626
598	50000.0	0.5888834612722076
599	50000.0	7.621619208553989
600	50000.0	0.6698925822990328
601	50000.0	1.811360972297588
602	50000.0	0.6154103481521119
603	50000.0	2.2384703777372685
604	50000.0	0.5498046664969577
605	50000.0	0.8498076818049753
606	50000.0	1.885486355906694
607	50000.0	0.40807208394592154
608	50000.0	1.0233236970180706
609	50000.0	1.5841964511281403
610	50000.0	1.3294820545384172
611	50000.0	4.39925606726833
612	50000.0	2.970476606660087
613	50000.0	3.247294310856206
614	50000.0	1.7333421490140182
615	50000.0	1.3943002264367976
616	50000.0	0.3253319009170784
617	50000.0	4.8031334901503095
618	50000.0	0.36455544215246377
619	50000.0	0.4793035501325519
620	50000.0	3.868705308865625
621	50000.0	1.3088821876734629
622	50000.0	2.2297434918054333
623	50000.0	1.79487783949968
624	50000.0	0.6131135040729513
625	50000.0	0.7447209178300687
626	50000.0	0.9965319487853996
627	50000.0	0.6328412127183959
628	50000.0	0.5573120922574708
629	50000.0	0.17904575909488415
630	50000.0	0.1812651851088342
631	50000.0	6.501430794150136
632	50000.0	0.46544736377693513
633	50000.0	0.42930904021540606
634	50000.0	0.7890089101217873
635	50000.0	1.0882590411715145
636	50000.0	0.1422435271717661
637	50000.0	1.0630709677711818
638	50000.0	0.3162684575632029
639	50000.0	1.9399455514926132
640	50000.0	0.8315331881307231
641	50000.0	0.8777819694793101
642	50000.0	0.3060735106806171
643	50000.0	11.922875129426256
644	50000.0	0.5256613920209274
645	50000.0	0.6087887062351172
646	50000.0	0.6223204231972848
647	50000.0	0.7166122034771855
648	50000.0	1.6669000775536815
649	50000.0	1.1255951236722377
650	50000.0	0.0008783207723735496
651	50000.0	0.0009077161379946701
652	50000.0	0.0008454107150315526
653	50000.0	0.0008840957334805888
654	50000.0	0.0017252456153818373
655	50000.0	0.0007635273011561076
656	50000.0	0.0011944750511530574
657	50000.0	0.0009595202626595043
658	50000.0	0.0005657916549978967
659	50000.0	0.0008362773058528188
660	50000.0	0.0011392471945685524
661	50000.0	0.0008319090783955126
662	50000.0	0.001466340087669721
663	50000.0	0.0012127516221378176
664	50000.0	0.0010562309612253038
665	50000.0	0.0008857943290202424
666	50000.0	0.0011077870904264758
667	50000.0	0.0009684065141467132
668	50000.0	0.0009404896171254224
669	50000.0	0.0007957691173668801
670	50000.0	0.0006310640250604591
671	50000.0	0.0009144278543711905
672	50000.0	0.0009108321407221241
673	50000.0	0.0008903489148389029
674	50000.0	0.0011128953324295947
675	50000.0	0.0010607293924873007
676	50000.0	0.0007886922785788023
677	50000.0	0.0007064068930415688
678	50000.0	0.0008718195675838176
679	50000.0	0.001390798806817604
680	50000.0	0.0004804096362973131
681	50000.0	0.0009871254056754886
682	50000.0	0.0008368634505406356
683	50000.0	0.0013620038008673098
684	50000.0	0.0013098251218204892
685	50000.0	0.0012067204624875943
686	50000.0	0.0005730716350750488
687	50000.0	0.0011007488741412877
688	50000.0	0.0010234040901918617
689	50000.0	0.001180274217187296
690	50000.0	0.0011512893291143681
691	50000.0	0.0009700553341325347
692	50000.0	0.0010260941130594069
693	50000.0	0.0007133356228399654
694	50000.0	0.0008479602553857045
695	50000.0	0.0007853353227040754
696	50000.0	0.001003264494072532
697	50000.0	0.0016319471131312218
698	50000.0	0.0014035950098163178
699	50000.0	0.0008436654120553293
700	50000.0	0.9442852479457434
701	50000.0	0.18890489824944115
702	50000.0	1.8060819920227544
703	50000.0	0.9528801567245508
704	50000.0	0.8401549929937285
705	50000.0	2.17319032735096
706	50000.0	0.6420278315440584
707	50000.0	0.8397685159741514
708	50000.0	0.7382103772558569
709	50000.0	0.46793332399911824
710	50000.0	0.3588651560812126
711	50000.0	0.6393232118505624
712	50000.0	0.35680975778602886
713	50000.0	0.25627764254733026
714	50000.0	1.0684602100737117
715	50000.0	1.2214268821279126
716	50000.0	0.9759795822049016
717	50000.0	0.5986810702525316
718	50000.0	0.20195048884225608
719	50000.0	0.9066678426402843
720	50000.0	0.6487574263963739
721	50000.0	0.4443662363076242
722	50000.0	0.34744730885994485
723	50000.0	0.8874495574632586
724	50000.0	0.9671940949869547
725	50000.0	0.6155287429612081
726	50000.0	0.664170252863236
727	50000.0	1.35090316707369
728	50000.0	0.9591917623734798
729	50000.0	0.6661868249150923
730	50000.0	1.373308763915119
731	50000.0	0.7328305729382734
732	50000.0	0.2662384382499948
733	50000.0	0.9228276319718427
734	50000.0	0.6933810289465101
735	50000.0	0.6136268145864924
736	50000.0	0.5625579284918931
737	50000.0	0.5149096072558199
738	50000.0	0.8040211331026533
739	50000.0	0.41438970768854383
740	50000.0	0.6778799603710058
741	50000.0	0.4556164517742107
742	50000.0	0.8219345552672366
743	50000.0	0.5584006025246154
744	50000.0	0.6316137108749645
745	50000.0	0.5635510601804309
746	50000.0	1.191848791979356
747	50000.0	0.8635061542539644
748	50000.0	1.339693827670859
749	50000.0	1.1046361997872285
750	50000.0	4.322465107830237
751	50000.0	4.591097890171158
752	50000.0	3.567185780240249
753	50000.0	3.3626534429143717
754	50000.0	6.040887286504528
755	50000.0	5.004228040954265
756	50000.0	4.374068977888235
757	50000.0	4.386486504390317
758	50000.0	5.041944064721794
759	50000.0	5.121429870340145
760	50000.0	3.5373941350044142
761	50000.0	3.0492938230068085
762	50000.0	3.8362763972350864
763	50000.0	5.19349567146072
764	50000.0	6.454774567474712
765	50000.0	3.0336233061982263
766	50000.0	2.845803758678087
767	50000.0	6.418885286847164
768	50000.0	5.375390045224804
769	50000.0	4.519601978984339
770	50000.0	5.8847546693034
771	50000.0	5.981227861281918
772	50000.0	4.067471785571591
773	50000.0	2.7707366413047843
774	50000.0	5.529252481182979
775	50000.0	2.811478978157534
776	50000.0	5.490228387692797
777	50000.0	4.674428438611423
778	50000.0	4.235626198408372
779	50000.0	5.842906211352054
780	50000.0	3.7377726222828622
781	50000.0	3.7831314086151786
782	50000.0	3.785343965076206
783	50000.0	4.2961763329418465
784	50000.0	4.361909999301532
785	50000.0	5.841651603301271
786	50000.0	2.8649432544093902
787	50000.0	5.159456721858202
788	50000.0	5.089270667961956
789	50000.0	5.14653214932066
790	50000.0	4.841387983703866
791	50000.0	4.275022170511786
792	50000.0	2.921518789237814
793	50000.0	1.6493892019600846
794	50000.0	4.3330995708198135
795	50000.0	3.8349724551783844
796	50000.0	5.86423229043627
797	50000.0	4.482943644374632
798	50000.0	5.936028010624054
799	50000.0	3.5457018980051855
800	50000.0	5.350041026782181
801	50000.0	7.237355941047758
802	50000.0	3.10524808162492
803	50000.0	6.713549814305234
804	50000.0	10.632271477938557
805	50000.0	5.736945404715413
806	50000.0	5.203471545508009
807	50000.0	6.152313410323068
808	50000.0	7.091273870887544
809	50000.0	13.64788857879916
810	50000.0	7.643733933795318
811	50000.0	9.251420682215777
812	50000.0	10.080948294449723
813	50000.0	9.10446736136588
814	50000.0	9.520877536729179
815	50000.0	7.030945364061752
816	50000.0	15.564519675073518
817	50000.0	8.393649783253682
818	50000.0	9.236323242351054
819	50000.0	10.301630558649704
820	50000.0	6.674766484695114
821	50000.0	9.237679428879046
822	50000.0	7.041227096979748
823	50000.0	2.8501275798679053
824	50000.0	7.394234739107935
825	50000.0	7.424866882523358
826	50000.0	7.676094184036718
827	50000.0	3.4476036314707166
828	50000.0	6.592096671720628
829	50000.0	3.8443175699263845
830	50000.0	5.536320057214875
831	50000.0	7.511082269960933
832	50000.0	4.610067663517701
833	50000.0	4.059057522656398
834	50000.0	2.3215918028426135
835	50000.0	3.2952486878889706
836	50000.0	8.87509433803535
837	50000.0	4.803968520961254
838	50000.0	13.856207942227133
839	50000.0	3.105795415453909
840	50000.0	6.063030279720874
841	50000.0	5.35148472260666
842	50000.0	7.829430651113258
843	50000.0	4.670844004329923
844	50000.0	6.0799504608621735
845	50000.0	14.245167669691474
846	50000.0	8.397273896588507
847	50000.0	7.054982031931192
848	50000.0	6.2981494182955915
849	50000.0	6.664337091209132
850	50000.0	22.062894790513376
851	50000.0	26.913634469454212
852	50000.0	5.734292403016877
853	50000.0	25.818422792125283
854	50000.0	32.61923875084124
855	50000.0	20.126694726994756
856	50000.0	21.050317196422036
857	50000.0	26.500527083593674
858	50000.0	28.58400224466525
859	50000.0	51.0250320985868
860	50000.0	26.394129745240264
861	50000.0	35.76948894256211
862	50000.0	21.584496909512296
863	50000.0	25.223247298541214
864	50000.0	32.79132101061094
865	50000.0	21.135644081165047
866	50000.0	47.651199244005184
867	50000.0	25.084329004127973
868	50000.0	24.143891061183716
869	50000.0	19.562012739953186
870	50000.0	29.622127750987794
871	50000.0	35.23291981614798
872	50000.0	14.957178828169068
873	50000.0	13.413693248016596
874	50000.0	17.823058546574963
875	50000.0	16.46814688292678
876	50000.0	13.737172205606328
877	50000.0	9.967057732952151
878	50000.0	24.873100968961246
879	50000.0	12.151613691169237
880	50000.0	20.279334948181656
881	50000.0	28.180323928771323
882	50000.0	19.482574253549274
883	50000.0	11.252115808683694
884	50000.0	9.010210073569533
885	50000.0	11.783350314162806
886	50000.0	28.403071536188087
887	50000.0	17.865180182392823
888	50000.0	42.47010659023111
889	50000.0	14.235724125828597
890	50000.0	15.272104978787732
891	50000.0	22.715372170598705
892	50000.0	20.18412170554171
893	50000.0	18.241981137488114
894	50000.0	25.067645737742726
895	50000.0	45.98912275010042
896	50000.0	25.774495035485955
897	50000.0	23.111289309498837
898	50000.0	18.240579990754114
899	50000.0	21.416927108593008
900	50000.0	0.09833038609856341
901	50000.0	0.08228113757691222
902	50000.0	0.09055947502963235
903	50000.0	0.06319439141886515
904	50000.0	0.09012227475181493
905	50000.0	0.09436165028309543
906	50000.0	0.08732598710874573
907	50000.0	0.09063359594000034
908	50000.0	0.097285222564126
909	50000.0	0.05899408722262063
910	50000.0	0.09537457392000484
911	50000.0	0.08524946513677936
912	50000.0	0.1040788680374792
913	50000.0	0.08455027258434349
914	50000.0	0.08340512023964983
915	50000.0	0.11315239355879303
916	50000.0	0.06392627258954561
917	50000.0	0.05430585682837119
918	50000.0	0.09698641655149629
919	50000.0	0.10325708663282462
920	50000.0	0.0779122536552654
921	50000.0	0.11651497617411373
922	50000.0	0.10330907847591408
923	50000.0	0.07206577907545811
924	50000.0	0.07760275825748816
925	50000.0	0.08699639955622089
926	50000.0	0.10089195560322377
927	50000.0	0.10814619160600766
928	50000.0	0.08178370054922084
929	50000.0	0.08825413585917766
930	50000.0	0.09189644879295962
931	50000.0	0.0808897002140263
932	50000.0	0.06485704130487555
933	50000.0	0.08422658349124408
934	50000.0	0.08865740181476359
935	50000.0	0.07063258463241287
936	50000.0	0.05112187677798019
937	50000.0	0.0854991802801397
938	50000.0	0.0798651081267435
939	50000.0	0.1249900123074978
940	50000.0	0.08709134851589173
941	50000.0	0.10474065880094371
942	50000.0	0.11523063706067962
943	50000.0	0.06727832768076318
944	50000.0	0.051277726557608004
945	50000.0	0.08488963684486812
946	50000.0	0.10055515530129729
947	50000.0	0.09523120208310036
948	50000.0	0.13755748301305157
949	50000.0	0.08146373901885422
950	50000.0	1.7149276004229486
951	50000.0	1.6951229285695195
952	50000.0	1.567676966257591
953	50000.0	1.6556620590515199
954	50000.0	1.6783783187695853
955	50000.0	1.6038715744231333
956	50000.0	1.5417868024663277
957	50000.0	1.6637764044969767
958	50000.0	1.541293301036724
959	50000.0	1.4395071358510614
960	50000.0	1.5963934271756868
961	50000.0	1.6235122553220875
962	50000.0	1.4584029539083319
963	50000.0	1.4588949359073236
964	50000.0	1.5943033408333094
965	50000.0	1.6844889626340112
966	50000.0	1.4908263266052573
967	50000.0	1.6500859242769839
968	50000.0	1.541293301036724
969	50000.0	1.655631958823689
970	50000.0	1.6310305335369109
971	50000.0	1.5308358681695038
972	50000.0	1.5675423120908738
973	50000.0	1.49447056763957
974	50000.0	1.7431410714934716
975	50000.0	1.6229316540076941
976	50000.0	1.657458302852725
977	50000.0	1.6229328132474197
978	50000.0	1.5879488611643524
979	50000.0	1.6022549308612848
980	50000.0	1.613120834563206
981	50000.0	1.622933461328558
982	50000.0	1.610383212298549
983	50000.0	1.6229322567266107
984	50000.0	1.6998002874614997
985	50000.0	1.5955501386589317
986	50000.0	1.6405145979124491
987	50000.0	1.7006135559864723
988	50000.0	1.555759923438792
989	50000.0	1.6131206408203411
990	50000.0	1.5874201131999643
991	50000.0	1.6545512581826844
992	50000.0	1.6087962297396299
993	50000.0	1.575812390825178
994	50000.0	1.5874201131999643
995	50000.0	1.6637764044963117
996	50000.0	1.6811549299194308
997	50000.0	1.6662954949061972
998	50000.0	1.694663377250625
999	50000.0	1.6779296988861359
1000	50000.0	1.1738495007134673
1001	50000.0	1.2452556612087973
1002	50000.0	2.5976703209198027
1003	50000.0	1.215427101240478
1004	50000.0	0.5972964186181524
1005	49661.2	1.3490564625129955
1006	50000.0	2.474293922753804
1007	50000.0	0.6324475220946834
1008	50000.0	1.8393250830358938
1009	50000.0	2.214215345633424
1010	45970.6	1.1937873420653338
1011	50000.0	1.2609642993680605
1012	50000.0	0.6473867090863662
1013	50000.0	0.5527081068138455
1014	50000.0	1.2273543941826976
1015	34609.0	6.657164373203265e-07
1016	50000.0	1.2452559405627517
1017	48515.4	0.06101319356518046
1018	50000.0	2.7876858941382876
1019	50000.0	3.395167860568344
1020	50000.0	3.7747026517910918
1021	50000.0	0.7429641513027289
1022	46956.2	0.001424519883184297
1023	50000.0	0.6335985184203705
1024	50000.0	1.3372309770692394
1025	40324.4	3.146006868043413e-05
1026	46896.2	3.410932480614838
1027	50000.0	3.987396537098025e-05
1028	50000.0	3.1163987469426844
1029	46032.0	0.00027640733136741316
1030	47995.2	7.965539986275567e-05
1031	50000.0	2.0951613158350026
1032	50000.0	2.8770809480128277
1033	44204.0	0.009273404199128744
1034	50000.0	1.0985055845638454
1035	44833.2	0.0009687272497910512
1036	27473.2	7.950502476334678e-09
1037	50000.0	1.608486232081562
1038	46374.4	8.565456046981108e-05
1039	50000.0	1.6821610040483563
1040	50000.0	0.796796149873517
1041	50000.0	1.2417654080107101
1042	50000.0	1.2965857165439485
1043	50000.0	1.0178745095508055
1044	50000.0	0.31494469334221264
1045	50000.0	2.0046679790105193
1046	42676.0	0.35265082490126515
1047	50000.0	1.104206097389954
1048	50000.0	2.267147013405376
1049	50000.0	1.622143014635165
1050	50000.0	0.899953053256408
1051	50000.0	0.007266050531613113
1052	50000.0	1.4226737119819002
1053	50000.0	0.4477876572571974
1054	50000.0	5.963821832785449
1055	50000.0	0.3684995191642064
1056	50000.0	0.6918584976977281
1057	50000.0	0.016717183463585156
1058	50000.0	0.6767926291967767
1059	50000.0	0.7144562206786336
1060	50000.0	0.2316989958360128
1061	50000.0	4.605494068546628
1062	50000.0	0.669926484252218
1063	50000.0	8.053398148777504
1064	50000.0	13.22651426622637
1065	50000.0	0.9535288777312513
1066	50000.0	0.7103298102679552
1067	50000.0	2.5906549816314546
1068	50000.0	10.736548501861925
1069	50000.0	5.449663901243652
1070	50000.0	0.046542569104327344
1071	50000.0	1.9884819389704134
1072	50000.0	1.611761736199479
1073	50000.0	1.8890200152622476
1074	50000.0	2.0191203284933574
1075	50000.0	2.654945877528546
1076	50000.0	12.122849697990677
1077	50000.0	5.730724136133722
1078	50000.0	0.028564833823169
1079	50000.0	0.8288675941278656
1080	50000.0	3.8058053594326346
1081	50000.0	0.6402073132988543
1082	50000.0	0.5745280450641235
1083	50000.0	0.20306477662469175
1084	50000.0	1.3184353984258477
1085	50000.0	1.1106337450324157
1086	50000.0	1.830994463933156
1087	50000.0	0.6918570062874927
1088	50000.0	0.6990920466377449
1089	50000.0	2.0625871750007336
1090	50000.0	2.021318442224049
1091	50000.0	0.297550167125992
1092	50000.0	4.981885604826024
1093	50000.0	0.655731017391211
1094	50000.0	3.0178060724855107
1095	50000.0	0.23599363414036634
1096	50000.0	1.484139833641956
1097	50000.0	3.5809129844649012
1098	50000.0	0.0390370201030933
1099	50000.0	1.8449538192331663
1100	50000.0	0.5247741282905944
1101	50000.0	0.8599803927113859
1102	50000.0	0.6788289483263457
1103	50000.0	0.500517245548051
1104	50000.0	0.587079977081677
1105	50000.0	0.7174770164469495
1106	50000.0	0.5137506669222184
1107	50000.0	0.5198132457971261
1108	50000.0	0.6439208727688762
1109	50000.0	0.441887268513269
1110	50000.0	0.5732785271642782
1111	50000.0	0.6993770894445004
1112	50000.0	0.7724785283841737
1113	50000.0	0.4584501745616002
1114	50000.0	0.5590241609081789
1115	50000.0	0.621856543051393
1116	50000.0	0.9017212756771592
1117	50000.0	0.5992512700093031
1118	50000.0	0.5485444122741877
1119	50000.0	0.6390642271534277
1120	50000.0	0.653960367612107
1121	50000.0	0.6523506013675017
1122	50000.0	0.5223057356580793
1123	50000.0	0.5129240192715013
1124	50000.0	0.6452447386353534
1125	50000.0	0.6675907840746962
1126	50000.0	0.506149618105196
1127	50000.0	0.48246424346383154
1128	50000.0	0.5859940022910118
1129	50000.0	0.531553204095857
1130	50000.0	0.4056055708111418
1131	50000.0	0.8410202522299937
1132	50000.0	0.6195295619622552
1133	50000.0	0.6106425232185723
1134	50000.0	0.4908853007791416
1135	50000.0	0.5655030661943852
1136	50000.0	0.3418560605772181
1137	50000.0	0.3013795875569628
1138	50000.0	0.6470865996746695
1139	50000.0	0.436075714928561
1140	50000.0	0.6114702181342848
1141	50000.0	0.45901847888666153
1142	50000.0	0.6204342534724362
1143	50000.0	0.539745630035265
1144	50000.0	0.6540868705156264
1145	50000.0	0.3875168609495046
1146	50000.0	0.7812372176131422
1147	50000.0	0.6551359947493508
1148	50000.0	0.6919543009124225
1149	50000.0	0.6899668577981943
1150	50000.0	7.469956660443513
1151	50000.0	5.511369275315053
1152	50000.0	6.999684951789885
1153	50000.0	2.5256650367287783
1154	50000.0	6.008604100207095
1155	50000.0	2.7630514714236947
1156	50000.0	5.1642878266852765
1157	50000.0	7.762012156011626
1158	50000.0	4.288963216306395
1159	50000.0	5.338022433764832
1160	50000.0	7.608479637698307
1161	50000.0	6.994249572849827
1162	50000.0	7.827025512114588
1163	50000.0	3.581083670675002
1164	50000.0	3.471722652738972
1165	50000.0	4.1622983800049544
1166	50000.0	2.905347391477069
1167	50000.0	2.7591541850947907
1168	50000.0	7.5485074891676165
1169	50000.0	3.4426217320965136
1170	50000.0	6.141432774451613
1171	50000.0	3.9714391120200467
1172	50000.0	2.938582116441221
1173	50000.0	6.134440435643553
1174	50000.0	7.531327976232758
1175	50000.0	5.947367652609051
1176	50000.0	3.2748845375091795
1177	50000.0	1.949159432095022
1178	50000.0	4.278972495089455
1179	50000.0	2.1653778793531524
1180	50000.0	7.178595613078701
1181	50000.0	6.846799083117405
1182	50000.0	2.3002964780440776
1183	50000.0	7.041778598018017
1184	50000.0	1.8905965488720793
1185	50000.0	7.096528891856127
1186	50000.0	7.331704604743523
1187	50000.0	7.208033053227351
1188	50000.0	3.887593653059583
1189	50000.0	4.312886943244129
1190	50000.0	4.451767030691947
1191	50000.0	6.601332921613114
1192	50000.0	3.998413223109607
1193	50000.0	5.974853862840285
1194	50000.0	7.723273695758726
1195	50000.0	3.4727340994766402
1196	50000.0	4.094025644436065
1197	50000.0	4.4985017777915655
1198	50000.0	7.177853036673602
1199	50000.0	4.137599033835264
