	0	1
0	46562.4	6.260939145993853e-06
1	45081.2	6.410236022410837e-06
2	48290.4	5.262295012018848e-07
3	50000.0	2.7529625815161648e-06
4	50000.0	3.683688680977685e-06
5	49143.6	1.16690019228563e-05
6	48040.8	2.592893685974473e-06
7	47449.2	1.467391028996703e-05
8	48759.6	6.972752347442012e-05
9	50000.0	3.908696532673603e-06
10	47917.2	1.238183373364424e-05
11	48688.0	1.5557005564493467e-05
12	48194.4	1.5108384182792846e-06
13	48380.4	4.939049711450624e-06
14	50000.0	1.8845771905963298e-06
15	42670.0	5.675736818937345e-07
16	50000.0	4.998957429684555e-05
17	50000.0	8.250513673425601e-07
18	50000.0	3.4890616314295597e-06
19	48096.0	2.144984336172475e-06
20	50000.0	3.0890119221447205e-06
21	46666.8	1.7322472035514552e-05
22	46107.6	2.0896413659684605e-05
23	46604.4	8.164907365435866e-07
24	45786.4	6.804105079258e-06
25	49172.4	5.82603048537746e-06
26	49970.4	4.422968670931875e-06
27	46712.4	1.0765522874315409e-06
28	45174.4	1.5512798134335403e-06
29	46594.8	4.490809624923216e-06
30	47346.4	1.6567961553432728e-05
31	50000.0	1.2672730276915972e-05
32	49537.2	1.1386562694365272e-06
33	46497.6	1.1807945421366581e-05
34	45979.2	1.4956232998788933e-06
35	49304.4	7.786205610602877e-05
36	50000.0	1.490900024969035e-05
37	44657.2	1.3186902121360782e-06
38	46748.4	2.5630789201905543e-06
39	43804.4	2.918003637171949e-05
40	48194.4	5.561183994222894e-07
41	44700.4	9.514946482246322e-07
42	50000.0	4.8382524753540475e-06
43	50000.0	8.607046556850497e-07
44	46048.8	8.151954357916003e-07
45	46409.2	7.727849866829242e-07
46	50000.0	2.6515612844302617e-06
47	44402.8	1.316555624372352e-06
48	43028.0	1.2906514061526833e-05
49	50000.0	3.079427289159761e-06
50	50000.0	0.026076922684568783
51	50000.0	0.0014192194403839713
52	50000.0	0.2792948153126275
53	50000.0	0.04271105905397379
54	50000.0	0.06335217036148567
55	50000.0	0.0023599540434465706
56	50000.0	0.010956357805576642
57	50000.0	0.028719637587689268
58	50000.0	0.012594292510639937
59	50000.0	0.06098545204588916
60	50000.0	0.27183209036032613
61	50000.0	0.10611496936138987
62	50000.0	0.0012831027996408118
63	50000.0	0.004036264924041232
64	50000.0	0.001366221156997843
65	50000.0	0.02901991395058572
66	50000.0	0.010728203402019205
67	50000.0	0.04295190354756619
68	50000.0	0.09960676275544689
69	50000.0	0.014820540174112875
70	50000.0	0.009022254108720233
71	50000.0	0.03709433576553582
72	50000.0	0.45121591944953476
73	50000.0	0.009040981071350188
74	50000.0	0.08324402980480594
75	50000.0	0.014749591622758292
76	50000.0	0.018851614873575482
77	50000.0	0.0011849927906420626
78	50000.0	0.006841860972024882
79	50000.0	1.9912303701875484
80	50000.0	0.007777060865029434
81	50000.0	0.0010256907618010813
82	50000.0	1.8894104821138675
83	50000.0	0.0014211690579370678
84	50000.0	0.014196190533794983
85	50000.0	0.004727155608849349
86	50000.0	1.8579054714955916
87	50000.0	0.020541272870052352
88	50000.0	0.003565766285540757
89	50000.0	0.23342526547513281
90	50000.0	0.1566562494512138
91	50000.0	0.00013965424487102085
92	50000.0	0.03140520177389264
93	50000.0	0.023850391265018343
94	50000.0	0.014829591829082394
95	50000.0	0.43039146711960036
96	50000.0	0.06750826066203146
97	50000.0	0.024530711205959878
98	50000.0	0.1542207647509553
99	50000.0	0.007411761078007955
100	50000.0	3.025367795362354
101	50000.0	4.507534170232864
102	50000.0	2.8862774315673576
103	50000.0	2.469005691451433
104	50000.0	3.980257015928258
105	50000.0	1.691599874712938
106	50000.0	2.0005995140683215
107	50000.0	2.242279579219618
108	50000.0	3.293557065527345
109	50000.0	3.9809862457947807
110	50000.0	2.8292897236256125
111	50000.0	2.4741314659562
112	50000.0	4.4609130654663165
113	50000.0	4.477484815666147
114	50000.0	2.1376964473368334
115	50000.0	4.188778000323708
116	50000.0	4.075450653148053
117	50000.0	3.503447627188393
118	50000.0	2.3104639448482667
119	50000.0	3.0852213997124527
120	50000.0	2.213589267526413
121	50000.0	3.582046816677812
122	50000.0	3.3828976660202548
123	50000.0	6.763496924791833
124	50000.0	3.1745255689587424
125	50000.0	2.3593493866029442
126	50000.0	4.3778888201178585
127	50000.0	3.6367525613398506
128	50000.0	4.676447539969652
129	50000.0	3.957615045308809
130	50000.0	3.339627168869542
131	50000.0	3.515045510125103
132	50000.0	8.05988635875859
133	50000.0	5.373587874789491
134	50000.0	2.687055603252145
135	50000.0	3.8207153970372816
136	50000.0	3.967646915661554
137	50000.0	4.027892312420964
138	50000.0	2.134518943117163
139	50000.0	7.433631194527985
140	50000.0	4.879721395314713
141	50000.0	2.576425686964724
142	50000.0	3.0904261175028713
143	50000.0	2.049812327907275
144	50000.0	2.585952101347101
145	50000.0	3.475934828325061
146	50000.0	3.0581791487549466
147	50000.0	3.0648024328595596
148	50000.0	3.25899367661697
149	50000.0	3.5831985505942243
150	50000.0	5.422780520435858
151	50000.0	4.462831389143103
152	50000.0	8.016581923922987
153	50000.0	4.894158482311942
154	50000.0	5.524516575496466
155	50000.0	5.514705561141514
156	50000.0	5.113072768359115
157	50000.0	4.991166461420673
158	50000.0	7.642557221426673
159	50000.0	5.651489185764018
160	50000.0	6.8657300306969
161	50000.0	7.3627914004827035
162	50000.0	6.6677755898567685
163	50000.0	5.150509319124176
164	50000.0	4.581736944616482
165	50000.0	6.425278975107912
166	50000.0	6.606268199842839
167	50000.0	4.181048200138824
168	50000.0	5.671288661951595
169	50000.0	5.905827753533485
170	50000.0	4.518117446760488
171	50000.0	5.078274884663017
172	50000.0	5.9157519422051
173	50000.0	5.5225982282872925
174	50000.0	4.477357761500197
175	50000.0	6.226042083698805
176	50000.0	4.782668556023045
177	50000.0	5.9176379400472685
178	50000.0	6.3637766790013055
179	50000.0	4.657689664011021
180	50000.0	7.841839338110947
181	50000.0	4.8606920116577665
182	50000.0	5.572156390965325
183	50000.0	6.964766827337904
184	50000.0	4.620492862706006
185	50000.0	5.384711925287725
186	50000.0	5.467150869942637
187	50000.0	7.185047416742256
188	50000.0	4.098434543343993
189	50000.0	6.482494129849938
190	50000.0	6.053121293213866
191	50000.0	5.7968035691230515
192	50000.0	5.071216052863635
193	50000.0	6.284626401902793
194	50000.0	7.562482812446535
195	50000.0	5.39906309090529
196	50000.0	4.576900548496183
197	50000.0	4.675470875841839
198	50000.0	4.774153908782413
199	50000.0	9.201184243027223
200	130.8	0.0
201	156.0	0.0
202	164.4	0.0
203	133.2	0.0
204	129.6	0.0
205	130.8	0.0
206	144.0	0.0
207	129.6	0.0
208	132.0	0.0
209	180.0	0.0
210	130.8	0.0
211	175.2	0.0
212	146.4	0.0
213	156.0	0.0
214	129.6	0.0
215	141.6	0.0
216	133.2	0.0
217	130.8	0.0
218	142.8	0.0
219	129.6	0.0
220	142.8	0.0
221	138.0	0.0
222	142.8	0.0
223	138.0	0.0
224	124.8	0.0
225	134.4	0.0
226	134.4	0.0
227	129.6	0.0
228	138.0	0.0
229	129.6	0.0
230	134.4	0.0
231	122.4	0.0
232	144.0	0.0
233	138.0	0.0
234	138.0	0.0
235	148.8	0.0
236	175.2	0.0
237	146.4	0.0
238	141.6	0.0
239	138.0	0.0
240	164.4	0.0
241	132.0	0.0
242	180.0	0.0
243	129.6	0.0
244	130.8	0.0
245	142.8	0.0
246	138.0	0.0
247	132.0	0.0
248	130.8	0.0
249	130.8	0.0
250	50000.0	0.001353745150627379
251	46222.8	4.5024778504145137e-07
252	50000.0	9.267724101016712e-07
253	46156.8	0.00032924937027585803
254	50000.0	0.000994247180571378
255	50000.0	0.00017288758396986182
256	50000.0	0.00011147669668220014
257	50000.0	0.0008329541737685598
258	30292.4	4.0783133143238563e-07
259	48290.4	0.0008839492952276605
260	46129.2	0.00021359386121340323
261	50000.0	9.496677408379523e-05
262	46988.4	0.0007998900797748105
263	50000.0	0.0002906577260118442
264	50000.0	4.776748810507315e-06
265	44828.8	2.9679867788270518e-05
266	46088.4	3.4861719622708593e-07
267	50000.0	0.0004890672078758921
268	50000.0	0.00026088626667368877
269	46167.6	1.485425417795728e-07
270	48716.4	7.810255752494438e-07
271	50000.0	0.0003704921452232731
272	50000.0	6.835217646618876e-05
273	48146.4	8.418246954162626e-05
274	50000.0	0.0030987645771971047
275	48242.4	2.8478889638533117e-05
276	38846.0	8.083935571714637e-05
277	45919.2	6.368411977775662e-05
278	50000.0	5.356285452567811e-07
279	44832.4	3.7591668745530164e-07
280	50000.0	0.0002414030627750606
281	50000.0	1.1952969914629704e-05
282	50000.0	8.55207448675036e-05
283	44380.0	1.0622530564135958e-05
284	50000.0	6.044394386599056e-06
285	41849.6	3.268367092139484e-07
286	43154.8	2.1469500473652005e-06
287	46512.0	0.00015091203649523864
288	42721.6	0.0002992922422289598
289	45438.4	2.1890257156522293e-07
290	44240.8	4.286865877884539e-08
291	50000.0	2.7055329389684225e-06
292	37369.2	4.8464086694957774e-05
293	50000.0	0.0010893944934079619
294	46699.6	0.0003515525459328414
295	50000.0	0.00028963113074603275
296	50000.0	1.6081515499768763e-06
297	47124.0	0.00015850051515486959
298	43276.0	8.249246038855351e-06
299	46120.8	3.5220295232896254e-05
300	9170.4	0.0
301	50000.0	92.98584131529114
302	50000.0	35.45942111922109
303	50000.0	3.8249727219849228
304	50000.0	21.750000004394003
305	50000.0	64.79000000525045
306	50000.0	54.07000000590769
307	9654.0	0.0
308	50000.0	22.649621211730402
309	50000.0	15.540000005306661
310	7185.6	0.0
311	50000.0	396.0596901951191
312	50000.0	128.1100000051436
313	8131.2	0.0
314	50000.0	311.0100000483213
315	11569.2	0.0
316	50000.0	29.2600000052653
317	26379.2	0.0
318	50000.0	43.190000004730244
319	50000.0	1000.1300690528802
320	50000.0	290.97000000409884
321	28120.0	0.0
322	9142.8	0.0
323	13395.6	0.0
324	50000.0	412.92000000710675
325	50000.0	216.9568689531098
326	50000.0	117.50000000569169
327	50000.0	53.480000003627254
328	50000.0	7.881542631225909
329	50000.0	72.60000000509392
330	9704.4	0.0
331	50000.0	14.650000004176155
332	11145.6	0.0
333	50000.0	10.210000005235418
334	50000.0	39.06000000594977
335	9560.4	0.0
336	50000.0	263.2000000060245
337	50000.0	14.154709793857261
338	50000.0	42.44608316381821
339	50000.0	2.3500000054349743
340	18376.4	0.0
341	9650.4	0.0
342	50000.0	675.0100000044483
343	9793.2	0.0
344	8295.6	0.0
345	10326.0	0.0
346	50000.0	56.826947878351255
347	50000.0	42.11277721230023
348	50000.0	45.790000003521115
349	6926.4	0.0
350	50000.0	0.006674442431715115
351	50000.0	0.19012127346236488
352	50000.0	0.04776887394341029
353	50000.0	0.1788183476756707
354	48687.6	0.0013270540668137531
355	50000.0	0.01117109247696675
356	48819.6	0.002069306554940537
357	50000.0	0.03235879527024577
358	50000.0	0.03886283504488769
359	50000.0	0.004938916859280351
360	50000.0	0.008270114162869227
361	50000.0	0.0001972375964477038
362	50000.0	0.008964804156634667
363	50000.0	0.0022559890012741977
364	50000.0	0.003384701040645021
365	50000.0	0.014415302044231965
366	50000.0	0.0027107851241726525
367	50000.0	0.007740055818812264
368	50000.0	0.0097307216486848
369	50000.0	0.005019174750686016
370	50000.0	0.026670441727371774
371	50000.0	0.4081976460985948
372	50000.0	0.001042264816660191
373	43910.0	0.00015927869754177077
374	50000.0	0.005014473158515788
375	50000.0	0.06920650615674866
376	50000.0	0.10477729972643321
377	50000.0	0.39464711634745864
378	50000.0	0.024333013057911378
379	50000.0	0.039226749027584315
380	48678.0	0.12699615360122757
381	50000.0	0.0056914510496917075
382	50000.0	0.0009612332789369944
383	50000.0	0.03781762161715746
384	50000.0	0.10436929468283922
385	50000.0	0.03231984682500641
386	50000.0	6.950112821331239e-05
387	50000.0	0.0009069325364022938
388	50000.0	0.0034189561092660427
389	50000.0	0.01603862796203579
390	50000.0	0.009659525759744238
391	50000.0	0.03401232014760035
392	50000.0	0.003746102097023299
393	50000.0	0.011013856572986942
394	50000.0	0.00041801875976505353
395	50000.0	0.05569260338898243
396	50000.0	0.0346622792572855
397	50000.0	0.07403351216435408
398	50000.0	0.39467882270681687
399	50000.0	0.09161642135314245
400	48658.8	0.00038712420571582185
401	50000.0	0.005284185249227494
402	50000.0	0.006822715772843856
403	48505.2	0.04225429116954921
404	50000.0	0.0003269165511901826
405	50000.0	0.0003672195571671455
406	50000.0	0.0002872529798087528
407	50000.0	0.009002047013246086
408	47607.6	0.0002976137918253423
409	50000.0	0.014421553723587022
410	50000.0	0.0023151850404123093
411	50000.0	0.00013900860752039785
412	50000.0	0.007553963426716634
413	50000.0	0.07906247789247549
414	47221.6	0.00019283826528752917
415	50000.0	0.00029228540230589615
416	50000.0	0.00019413879494770088
417	50000.0	0.009034329126456655
418	50000.0	0.004036775167890819
419	50000.0	0.003523139711553674
420	50000.0	0.007756293427876082
421	50000.0	0.0004020575801998146
422	48865.2	0.34961963589249573
423	50000.0	0.0008933804205455215
424	50000.0	0.0012362092918240155
425	50000.0	0.01060437127993116
426	46809.6	0.02111790672454168
427	50000.0	0.005462493477067225
428	50000.0	0.0779387125419158
429	47288.8	0.011610505347278621
430	50000.0	0.0008272502493350154
431	50000.0	0.040527063792349285
432	46991.2	0.00018493686756938132
433	50000.0	0.010569123135129702
434	50000.0	0.00297019291168889
435	50000.0	0.009847455335631953
436	50000.0	0.010520738038772764
437	48610.8	0.011742486366880689
438	50000.0	0.1400024411681146
439	50000.0	0.05787815576072848
440	50000.0	0.005343129250293769
441	50000.0	0.08755220422016467
442	50000.0	0.011914266770134943
443	50000.0	0.0029913923119236616
444	50000.0	0.4398515969961233
445	50000.0	0.0011127521992371448
446	50000.0	0.000528219349574898
447	50000.0	0.006403957934908199
448	44224.0	0.00011678056819100819
449	46220.8	3.538793712702491e-05
450	50000.0	0.020538901398628715
451	50000.0	0.04348400696378469
452	50000.0	0.015557424890946244
453	50000.0	0.0107870795484535
454	50000.0	7.784198028056738
455	50000.0	0.012949276125463777
456	50000.0	0.0620614585575901
457	50000.0	0.37814950531744584
458	50000.0	14.315412339806443
459	50000.0	0.0005883309671964107
460	50000.0	0.012611615883951714
461	50000.0	2.484310076831736
462	50000.0	0.0049077500431155465
463	50000.0	0.04664006654801255
464	50000.0	0.01235853801603806
465	50000.0	0.010844569003277108
466	50000.0	0.06411911718467073
467	50000.0	0.5964102632432577
468	50000.0	0.011651479440751858
469	50000.0	0.04713158710138275
470	50000.0	0.0007943883387254689
471	50000.0	0.0077449227486900765
472	50000.0	0.03444390971860507
473	50000.0	0.0018924862374172444
474	50000.0	0.04942958629284955
475	50000.0	0.38625824983876633
476	50000.0	0.025010467250427566
477	50000.0	0.220242159134112
478	50000.0	0.008797281215205403
479	50000.0	0.009227811595610766
480	50000.0	6.061537756441051
481	50000.0	0.015754410415932615
482	50000.0	0.05383191899577341
483	50000.0	0.011106433342922913
484	50000.0	0.03664329346319146
485	50000.0	0.002722559971355099
486	50000.0	3.5209013667947695
487	50000.0	0.004511507879558563
488	50000.0	1.9683909449127939
489	50000.0	0.012944337498937563
490	50000.0	0.05297654274814153
491	50000.0	0.003250978277799188
492	50000.0	2.090537141933975
493	50000.0	0.031745524336492144
494	50000.0	0.021484582291910997
495	50000.0	0.11565673486939734
496	50000.0	0.011490099288527731
497	50000.0	4.065836685419386
498	50000.0	0.010568257868275994
499	50000.0	0.010624238231946179
500	50000.0	0.0010599577053767638
501	50000.0	0.034729919033955045
502	50000.0	0.022633711916235196
503	50000.0	0.003132316394783902
504	50000.0	0.001261296480629916
505	50000.0	0.0026102845305845464
506	50000.0	0.019595108227864914
507	50000.0	0.025664156335328987
508	50000.0	0.023718568782400456
509	50000.0	0.005034783019137646
510	50000.0	0.0015488866309480056
511	50000.0	0.015886775927038976
512	50000.0	0.001979309607086648
513	50000.0	0.1489379048856644
514	50000.0	0.016479537688087777
515	50000.0	1.5393947382692348
516	50000.0	0.0033256436295303815
517	50000.0	0.00473486881043508
518	50000.0	0.0027090278761688026
519	50000.0	0.0024802272640334646
520	50000.0	0.0022030144026427357
521	50000.0	0.0046432116532185395
522	50000.0	0.0011824369395219366
523	50000.0	0.0004998530159902308
524	50000.0	1.2788495623019203
525	50000.0	0.08210855272811045
526	50000.0	0.7507825993699985
527	50000.0	0.0006991745547387785
528	50000.0	0.0025099583949985457
529	50000.0	0.0011905913030192013
530	50000.0	0.051050575689669864
531	50000.0	0.04287646262253441
532	50000.0	0.003937620083387379
533	50000.0	0.010500090561557698
534	50000.0	0.014704982527414572
535	50000.0	0.007530453187088945
536	50000.0	0.04820398366768726
537	50000.0	0.0001374136674633708
538	50000.0	0.0018093031808845816
539	50000.0	0.20852583683855141
540	50000.0	0.00014282945414885762
541	50000.0	0.8029230915932063
542	50000.0	0.10797756981921791
543	50000.0	0.009782096849347867
544	50000.0	0.018452382250836247
545	50000.0	0.03457755382565072
546	50000.0	2.40790822854099
547	50000.0	0.0035729068158183866
548	50000.0	0.15073538360760846
549	50000.0	0.05470652694339383
550	50000.0	16.506906455082678
551	50000.0	4.101910125643974
552	50000.0	2.537484842075217
553	50000.0	1.908897756690402
554	50000.0	0.6523179963600813
555	50000.0	7.463181430428941
556	50000.0	6.895996383305613
557	50000.0	10.3126084064476
558	50000.0	1.7332757976546795
559	50000.0	0.2431171130110794
560	50000.0	4.625549151438733
561	50000.0	1.3939669131534114
562	50000.0	0.9796895793983265
563	50000.0	3.527446249545612
564	50000.0	20.51429164724547
565	50000.0	7.349587379588348
566	50000.0	0.7753983482945875
567	50000.0	2.707991210222498
568	50000.0	15.095826699026253
569	50000.0	4.63150345173535
570	50000.0	5.2518582176275554
571	50000.0	1.134995931994447
572	50000.0	3.0882058163114343
573	50000.0	3.3573018775309444
574	50000.0	1.7870407779504198
575	50000.0	26.87276637762534
576	50000.0	1.1519999531675684
577	50000.0	4.065831050788643
578	50000.0	2.9214778460702493
579	50000.0	0.4126078817601816
580	50000.0	0.8517068251824874
581	50000.0	46.615563934477
582	50000.0	0.8361977312240407
583	50000.0	8.950903150750499
584	50000.0	1.1944142637675852
585	50000.0	4.6448894570419865
586	50000.0	2.8745762066802283
587	50000.0	0.27544495975076744
588	50000.0	1.0102371059103674
589	50000.0	9.592607528917434
590	50000.0	0.20455662951790665
591	50000.0	0.33929873916135483
592	50000.0	0.12275579499811762
593	50000.0	1.7658598667761212
594	50000.0	9.646828344020186
595	50000.0	2.0387596635620775
596	50000.0	2.140979742620279
597	50000.0	11.116567271027417
598	50000.0	0.8733909185980938
599	50000.0	2.620605196819271
600	18617.9	2.725338321439679e-07
601	37243.7	4.466505173808984e-06
602	29097.7	1.6901320628391176e-06
603	18946.8	7.539792459728401e-07
604	23600.6	3.607202260503355e-06
605	36922.7	6.37215065756449e-06
606	32447.9	9.30334662235941e-07
607	32011.2	2.2079116730025325e-07
608	23597.3	1.068069281432248e-06
609	27482.0	5.37531249411563e-07
610	23399.7	4.584083649724047e-06
611	27223.2	1.1588836482630334e-06
612	15220.5	5.000221984583484e-08
613	18695.2	9.983673903834073e-07
614	19444.5	2.5579591318528906e-06
615	15769.0	3.7941343709613756e-07
616	23176.5	2.2882767004783508e-07
617	19361.5	4.5194158633713065e-08
618	28589.3	3.0694241359793145e-07
619	18945.7	7.440978399704915e-06
620	23849.7	4.129984177394264e-07
621	15875.6	3.2664061185318174e-06
622	27323.7	2.4802649110797203e-06
623	40907.8	4.277333937319031e-05
624	19815.1	2.009439291360321e-06
625	32654.5	8.913737616900897e-06
626	27965.5	7.487300951512389e-07
627	15073.4	2.0029012544524287e-06
628	14847.7	1.0125892917198423e-07
629	19068.0	8.019832461289e-08
630	36363.0	1.0016210239183039e-05
631	23875.4	8.263660056462661e-07
632	32000.7	2.9281017705575273e-05
633	23448.9	7.564459867013817e-06
634	19418.8	6.363108595995641e-08
635	32369.8	4.575551765419201e-06
636	27490.4	3.4908800374194607e-06
637	23589.0	9.79491299534185e-06
638	41454.3	0.0004494745289089179
639	40921.9	9.85215688977696e-06
640	10501.1	4.427589459957026e-07
641	20263.8	7.380325767190919e-07
642	19624.5	3.787805092206672e-08
643	13965.7	8.842799460981576e-07
644	14915.2	7.114177733767372e-07
645	28369.9	0.00011567714058051545
646	32215.9	1.5268056407241112e-06
647	18881.5	1.6109247817440834e-06
648	18952.1	1.0954261118573336e-06
649	28781.1	3.440312265553375e-08
650	4282.8	8.510133634325224e-09
651	4111.1	8.766474722364427e-09
652	4040.0	8.489348326423568e-09
653	4029.5	8.302831875950272e-09
654	4365.5	8.843041956497449e-09
655	4090.0	8.06250145228978e-09
656	3918.5	8.065991265542963e-09
657	4226.6	9.056312945634387e-09
658	4219.2	9.302982645784085e-09
659	4329.5	9.034704126861163e-09
660	4336.9	8.91569572347782e-09
661	4268.5	8.596876398143752e-09
662	4289.2	8.466191424476777e-09
663	4250.7	8.812432616801258e-09
664	3960.6	9.251745358456204e-09
665	4244.9	8.642508161029283e-09
666	4238.1	8.278443390057202e-09
667	4179.3	9.40460031807945e-09
668	4208.4	9.045906931290379e-09
669	4342.6	9.333906279116462e-09
670	3986.3	8.941240523591589e-09
671	3794.6	9.04068624519011e-09
672	4027.7	8.665326751209265e-09
673	4144.0	8.855436877681897e-09
674	4268.9	8.3672042965753e-09
675	4008.7	9.484090562476741e-09
676	3935.6	8.3231348225849e-09
677	4160.5	8.975280677542926e-09
678	4094.3	7.886901935322683e-09
679	4390.6	8.269356070407344e-09
680	4032.1	8.552746401511796e-09
681	3956.3	8.575229485017798e-09
682	4096.7	8.798715409558039e-09
683	4191.1	8.340590222398595e-09
684	4350.6	9.139339837981453e-09
685	4202.4	8.414391128779009e-09
686	4170.9	8.83972838672292e-09
687	4410.6	8.589821416180778e-09
688	4189.1	8.702735048144466e-09
689	4221.5	9.204571103627722e-09
690	4073.1	8.750437901548028e-09
691	4045.3	9.40685319189686e-09
692	4183.3	8.403799786685886e-09
693	3997.6	8.9913539337755e-09
694	4431.4	9.08728101334086e-09
695	4151.9	9.347306345854434e-09
696	4101.9	8.939592336373681e-09
697	4229.2	7.77416311193743e-09
698	4280.2	8.74276701365252e-09
699	4465.5	8.76234788482998e-09
700	46106.4	1.094454963481289
701	50000.0	1.2934467742213263
702	48930.0	1.591934491725334
703	44305.6	1.7909263041748418
704	50000.0	2.5868925408787353
705	50000.0	2.0894135161140275
706	48076.8	1.3929448295771498
707	49860.0	1.2934467749869059
708	46920.4	1.1939508693720762
709	48868.8	1.293446774371631
710	50000.0	1.1939508685119848
711	50000.0	1.4924385868867929
712	32911.6	0.8954631546294902
713	38104.4	1.4924385878504487
714	50000.0	1.5919344913492655
715	50000.0	1.1939508685119742
716	34460.4	0.9949590591824837
717	46822.0	1.4924385869517667
718	50000.0	1.8904217046953526
719	43054.0	1.0944549643487527
720	41107.6	1.2934467748449276
721	48044.4	1.3929426808749663
722	39219.2	0.7959672471568757
723	48834.0	1.7909263037256509
724	47129.2	1.790926303589884
725	49150.8	1.2934467745269942
726	42202.4	1.1939508710491964
727	50000.0	1.890422208477257
728	47026.8	1.2934467747793872
729	50000.0	1.3929426799306068
730	42938.0	1.0767097068509983
731	50000.0	1.691430397058641
732	47095.2	1.7909263033055194
733	50000.0	1.9899181141865765
734	50000.0	1.5919345103079101
735	47007.6	1.1939523913530228
736	45070.8	1.2934467746130252
737	44898.4	1.5919344928949255
738	50000.0	1.3929426799306455
739	50000.0	1.4924385856399616
740	48466.0	1.1939508695275238
741	50000.0	1.0944549628026465
742	50000.0	1.3929426799306057
743	47025.6	1.0944549632944036
744	45096.0	1.492438586081731
745	43130.8	1.3929426813699872
746	47895.6	2.2884053281398513
747	50000.0	1.3929426799306053
748	46153.2	1.6914303979245553
749	48939.6	1.3929426807169176
750	50000.0	3.8247777354365473
751	50000.0	3.374326899856863
752	50000.0	1.7943254853230552
753	50000.0	3.796588657056315
754	50000.0	5.599387316233578
755	50000.0	2.847455189425685
756	50000.0	3.1526953863101417
757	50000.0	2.9856312722682232
758	50000.0	2.937373343284043
759	50000.0	2.9638266620509848
760	50000.0	2.7384841545437277
761	50000.0	3.606717228015121
762	50000.0	2.3955857059280956
763	50000.0	4.758029130419712
764	50000.0	4.312385797668215
765	50000.0	2.7463944697812583
766	50000.0	3.771070623141339
767	50000.0	5.1908987273964495
768	50000.0	4.469097462386219
769	50000.0	4.654009683626495
770	50000.0	5.4050514504525164
771	50000.0	4.241407748568802
772	50000.0	1.9344477352310776
773	50000.0	2.115285421541908
774	50000.0	4.727790358316891
775	50000.0	2.2431668226989268
776	50000.0	4.831524881748448
777	50000.0	1.7222307993713215
778	50000.0	4.294324386159008
779	50000.0	6.316118014841198
780	50000.0	3.1013214827079425
781	50000.0	3.0799495458317576
782	50000.0	4.3891704015656785
783	50000.0	3.9609433639972904
784	50000.0	3.790514869247829
785	50000.0	4.527800775319561
786	50000.0	2.805382817110801
787	50000.0	4.489753469377808
788	50000.0	3.284037874983685
789	50000.0	3.4654577452889455
790	50000.0	4.365572835170224
791	50000.0	3.0029214381057514
792	50000.0	2.3583623156290834
793	50000.0	2.182955609982284
794	50000.0	3.0223320035776875
795	50000.0	3.6691643508190936
796	50000.0	5.209764409697204
797	50000.0	4.180648221945819
798	50000.0	5.859186846319334
799	50000.0	2.5572286500419463
800	50000.0	5.349692702542951
801	50000.0	6.8954495006540295
802	50000.0	3.1709293084549985
803	50000.0	6.71414377272946
804	50000.0	11.199185241658693
805	50000.0	5.728505962278918
806	50000.0	5.203129242219978
807	50000.0	6.209123336658946
808	50000.0	7.3358106361225
809	50000.0	13.933849662537956
810	50000.0	7.644519605079279
811	50000.0	9.301534536033495
812	50000.0	9.928778116884297
813	50000.0	9.091982213616568
814	50000.0	9.484173135230725
815	50000.0	7.015812409458354
816	50000.0	15.158381381639334
817	50000.0	8.145868890897399
818	50000.0	8.79441390702326
819	50000.0	9.954229918666629
820	50000.0	6.890815027922159
821	50000.0	9.225304021498994
822	50000.0	6.712073368145832
823	50000.0	2.827391508842177
824	50000.0	7.079909060117802
825	50000.0	7.4081537068826435
826	50000.0	7.765449804870164
827	50000.0	3.446100480026259
828	50000.0	6.574081220227775
829	50000.0	3.888834807467018
830	50000.0	5.534313849805047
831	50000.0	7.502783425744084
832	50000.0	4.641640609334019
833	50000.0	4.05652289047529
834	50000.0	2.333476809894326
835	50000.0	3.296351495507751
836	50000.0	8.739498722338674
837	50000.0	4.7169606373953386
838	50000.0	13.382275384430889
839	50000.0	3.156309049040263
840	50000.0	6.0245489992956065
841	50000.0	5.346333441507317
842	50000.0	7.759741801885696
843	50000.0	4.660703369823972
844	50000.0	6.079965721660756
845	50000.0	15.459828688606773
846	50000.0	9.009955122308147
847	50000.0	7.052128946470917
848	50000.0	6.4074676987327575
849	50000.0	6.6082063648302
850	50000.0	21.518504796647484
851	50000.0	27.48499402893848
852	50000.0	5.580357109321319
853	50000.0	26.69109603988955
854	50000.0	31.261130639658557
855	50000.0	19.246071035272017
856	50000.0	21.10888380256609
857	50000.0	26.59314363119165
858	50000.0	30.1638223496669
859	50000.0	51.39963579589388
860	50000.0	26.4410286678315
861	50000.0	34.468393307637214
862	50000.0	22.292503061564855
863	50000.0	23.886964660884143
864	50000.0	34.17881622169448
865	50000.0	21.611683032557163
866	50000.0	46.53918436689154
867	50000.0	24.376123848362287
868	50000.0	24.688620995335732
869	50000.0	20.440519790417817
870	50000.0	29.378712120564096
871	50000.0	34.76035306518514
872	50000.0	14.78532728970497
873	50000.0	12.130191194961547
874	50000.0	17.422403272976645
875	50000.0	16.79592569452286
876	50000.0	12.484983247467767
877	50000.0	10.13508923849275
878	50000.0	25.562323245994804
879	50000.0	12.125459682411302
880	50000.0	20.582685680158058
881	50000.0	28.433613137965402
882	50000.0	18.861849665165924
883	50000.0	11.631359721621413
884	50000.0	8.662210544993235
885	50000.0	11.956136108826556
886	50000.0	29.21819123852444
887	50000.0	18.035338897016977
888	50000.0	38.88001615207806
889	50000.0	14.000525354982937
890	50000.0	16.24991698993706
891	50000.0	22.50596073749495
892	50000.0	20.001546750840305
893	50000.0	17.924127917769795
894	50000.0	25.288961975505867
895	50000.0	47.34780792316547
896	50000.0	24.357379096854675
897	50000.0	22.903302831482176
898	50000.0	18.66323192995828
899	50000.0	20.492755378247004
900	46358.4	0.03193406192850858
901	50000.0	0.053665790619149514
902	50000.0	0.06552231604099568
903	50000.0	0.07578394008108677
904	49112.4	0.04539380306073308
905	50000.0	0.05231708174483156
906	50000.0	0.05257808791265539
907	50000.0	0.09347246565967797
908	50000.0	0.06948261424853452
909	50000.0	0.0816691488924226
910	50000.0	0.049514171649548896
911	50000.0	0.09835803443481499
912	50000.0	0.09583101216626844
913	50000.0	0.06790431285286491
914	50000.0	0.07284604268815524
915	45129.6	0.07047917969619544
916	50000.0	0.055761234296675434
917	46050.0	0.04010883008437034
918	50000.0	0.07202687661333088
919	50000.0	0.0633231874737497
920	47070.0	0.06838576701206076
921	50000.0	0.058770646245970504
922	50000.0	0.09756974230983832
923	47199.6	0.06821260176010621
924	50000.0	0.09174793607896951
925	50000.0	0.07796341888464528
926	45156.0	0.06622515884606876
927	50000.0	0.10343617594170826
928	46964.4	0.050462091269065826
929	50000.0	0.08254778274082941
930	50000.0	0.06453212416791132
931	50000.0	0.07692852819916407
932	50000.0	0.08031281808848068
933	50000.0	0.028197265614854316
934	50000.0	0.04584462206601483
935	46232.8	0.028630223722244885
936	46294.8	0.05211287765186281
937	50000.0	0.05239490125961481
938	49585.2	0.06773431680501982
939	50000.0	0.09156342211247281
940	50000.0	0.06315666466327592
941	50000.0	0.05474640889269402
942	50000.0	0.0428094769783927
943	50000.0	0.06128189902451968
944	49068.0	0.05326646602876402
945	50000.0	0.06366201349732137
946	50000.0	0.12379316980713409
947	50000.0	0.06435232420796311
948	50000.0	0.05158736143847413
949	50000.0	0.09769661294330448
950	50000.0	1.2509950726265253
951	50000.0	1.5132050937558155
952	50000.0	1.4453670794431686
953	50000.0	1.5640886157249445
954	50000.0	1.4480117443326133
955	50000.0	1.2254242525523409
956	50000.0	1.5720972791868424
957	50000.0	1.3003181294208705
958	50000.0	1.3827626828661694
959	50000.0	1.3731905506138984
960	50000.0	1.4969798715950138
961	50000.0	1.4025085526348895
962	50000.0	1.3728076311355157
963	50000.0	1.3116757024716594
964	50000.0	1.3542005384660916
965	50000.0	1.3558351944686744
966	50000.0	1.376271350118229
967	50000.0	1.479840674221218
968	50000.0	1.415294065417229
969	50000.0	1.3515466774406355
970	50000.0	1.4616941009529456
971	50000.0	1.4399655179037936
972	50000.0	1.427136369779085
973	50000.0	1.5798220825022173
974	50000.0	1.4956700219764922
975	50000.0	1.3051081939669844
976	50000.0	1.4240549655671395
977	50000.0	1.2406845179430102
978	50000.0	1.422926559104755
979	50000.0	1.33316313459208
980	50000.0	1.3826689070034646
981	50000.0	1.2262840382856606
982	50000.0	1.3313201418851455
983	50000.0	1.3780297513955788
984	50000.0	1.46144556934034
985	50000.0	1.14633488014084
986	50000.0	1.4969972153905104
987	50000.0	1.3262508735409122
988	50000.0	1.404764170180958
989	48760.8	1.2525865967761836
990	50000.0	1.5155196610264134
991	50000.0	1.437718708934732
992	50000.0	1.5090358610771382
993	50000.0	1.2947836718824706
994	50000.0	1.5155196610264134
995	50000.0	1.4100235086045985
996	50000.0	1.4312952284959688
997	50000.0	1.315396680616594
998	50000.0	1.2105780648236597
999	50000.0	1.473982731329258
1000	50000.0	2.131868033109305
1001	50000.0	1.245255535304286
1002	50000.0	5.722031678875226
1003	45064.8	5.726456143896372
1004	50000.0	2.0805405942813953
1005	50000.0	3.1698055872966586
1006	50000.0	2.727326150213792
1007	50000.0	2.0131251354347084
1008	50000.0	2.7779884071349663
1009	50000.0	4.271052721588758
1010	40134.4	5.085944006976677
1011	50000.0	6.385905631031042
1012	50000.0	3.273463680499014
1013	45945.6	7.56561548688082
1014	50000.0	3.334446565918204
1015	420.0	5.095685040834789e-09
1016	50000.0	1.245255535304286
1017	45046.8	8.522484461710395
1018	50000.0	2.32208618346137
1019	50000.0	4.592981226249203
1020	50000.0	7.856584531404768
1021	35195.6	7.62425813084968
1022	35139.2	8.124733621346325
1023	50000.0	1.3915730577557675
1024	50000.0	2.010776585888377
1025	22887.2	0.8611709430274189
1026	45051.6	9.601337359527111
1027	20252.0	2.191775065948193
1028	45075.6	4.536500494104037
1029	35124.8	1.6221323119372848
1030	40176.4	6.05088144396783
1031	50000.0	3.7457363434052944
1032	50000.0	5.173517228223079
1033	30253.2	2.394141927294201
1034	50000.0	4.247954211177067
1035	3146.4	3.8699222098708936e-09
1036	381.6	4.251054174431341e-09
1037	50000.0	3.83786422888954
1038	6404.0	0.31698056204023084
1039	50000.0	6.6004656715791326
1040	40199.2	1.5219737002185063
1041	47632.8	7.173050590453075
1042	47114.8	5.08877640601383
1043	44732.8	2.2471287723801097
1044	25237.6	0.9794623109877957
1045	50000.0	2.118634928020234
1046	40098.4	3.1534110859973934
1047	50000.0	1.245255535304304
1048	45062.4	3.796887985939668
1049	50000.0	2.4204395344747014
1050	50000.0	2.829834169049072
1051	50000.0	0.0003837812131312646
1052	50000.0	0.8104932156715042
1053	50000.0	1.076687891491975
1054	50000.0	2.608758530625554
1055	50000.0	1.5609033477797412
1056	50000.0	3.19313544469233
1057	50000.0	0.46901639315203303
1058	50000.0	1.9623879373995219
1059	50000.0	0.6277953409358369
1060	50000.0	0.6611250232786113
1061	50000.0	3.0071113905065183
1062	50000.0	1.8675514261607138
1063	50000.0	1.5343822183286022
1064	50000.0	4.0482594330453185
1065	50000.0	1.3398584787211918
1066	50000.0	0.6252631161371663
1067	50000.0	1.977023389905171
1068	50000.0	1.126684397180892
1069	50000.0	2.7268250622660473
1070	50000.0	0.00013781389575726099
1071	50000.0	2.0207435542674044
1072	50000.0	1.2796977872080206
1073	50000.0	2.514698781033766
1074	50000.0	1.600932085671488
1075	50000.0	3.0872217708234237
1076	50000.0	1.6609934726128206
1077	50000.0	0.4754043527915459
1078	50000.0	0.0017309643061807392
1079	50000.0	0.7821520818170974
1080	50000.0	1.0207562813182542
1081	50000.0	1.0410985677666078
1082	50000.0	1.2447575549751027
1083	50000.0	0.0002329291084730601
1084	50000.0	1.6802995805072698
1085	50000.0	1.2402200006739719
1086	50000.0	1.2689020325124862
1087	50000.0	0.6918927635585328
1088	50000.0	0.5667410262512307
1089	50000.0	1.8894106388797642
1090	50000.0	1.8616538372422078
1091	50000.0	0.694599762650547
1092	50000.0	4.401116982202539
1093	50000.0	0.5233802634279123
1094	50000.0	0.8317280199520038
1095	50000.0	0.07388690602513691
1096	50000.0	1.057762181671214
1097	50000.0	0.21058948881454312
1098	46431.3	8.72387768726207e-06
1099	50000.0	1.9679497809767645
1100	50000.0	0.9562683266864808
1101	50000.0	0.7064727467566196
1102	50000.0	0.8768416093715932
1103	50000.0	0.6322804516330751
1104	50000.0	0.8065873511559996
1105	50000.0	0.8969194371092224
1106	50000.0	0.7612712390482805
1107	50000.0	0.9999768399433322
1108	50000.0	0.6549788600521691
1109	50000.0	0.8458886812075594
1110	50000.0	0.8309142632012957
1111	50000.0	0.9411673614049251
1112	50000.0	0.8706571130301611
1113	50000.0	0.876629156866717
1114	50000.0	0.9901797989341186
1115	50000.0	0.7417689165342736
1116	50000.0	0.6974500334903121
1117	50000.0	0.9469188718313106
1118	50000.0	0.9426353269496517
1119	50000.0	0.8976964175563481
1120	50000.0	0.7749935982525731
1121	50000.0	0.8499342497711245
1122	50000.0	0.8260099773930938
1123	50000.0	0.6591844739376611
1124	50000.0	0.7239960534914274
1125	50000.0	0.7372781730111606
1126	50000.0	0.6622922470381273
1127	50000.0	0.7577602190172088
1128	50000.0	0.845235903974429
1129	50000.0	0.7892552349462554
1130	50000.0	0.8271277378547364
1131	50000.0	0.9279072552938914
1132	50000.0	0.7692460804783205
1133	50000.0	0.8305648824751917
1134	50000.0	1.0602167230785962
1135	50000.0	0.7091738379585685
1136	50000.0	0.96672609893846
1137	50000.0	0.6539075757525205
1138	50000.0	0.8769603617354234
1139	50000.0	0.8092460922297018
1140	50000.0	1.0291838329333824
1141	50000.0	0.8257980846958481
1142	50000.0	0.6597062262749956
1143	50000.0	0.919442478942457
1144	50000.0	0.9173405971968501
1145	50000.0	0.8054028603524547
1146	50000.0	0.7920504394765449
1147	50000.0	0.8813573365535827
1148	50000.0	0.7716587654543058
1149	50000.0	1.0223237816266437
1150	50000.0	8.975543232698763
1151	50000.0	8.507759739665778
1152	50000.0	8.48085881547905
1153	50000.0	3.6017199763749104
1154	50000.0	7.194846502978254
1155	50000.0	5.133129312704009
1156	50000.0	4.315259848060925
1157	50000.0	9.660255265764288
1158	50000.0	5.915508044383012
1159	50000.0	7.730273744015728
1160	50000.0	9.646527213548119
1161	50000.0	7.4548935658307105
1162	50000.0	11.38976415090368
1163	50000.0	5.836973155181257
1164	50000.0	4.877608086170261
1165	50000.0	5.1879967909401845
1166	50000.0	2.7703344981963487
1167	50000.0	2.9392660862917084
1168	50000.0	9.285128321007353
1169	50000.0	5.261674153486521
1170	50000.0	6.6505795621163575
1171	50000.0	5.101331552186859
1172	50000.0	2.984267260579916
1173	50000.0	10.818262325041575
1174	50000.0	9.944765701207904
1175	50000.0	9.038644217059693
1176	50000.0	4.39326593411254
1177	50000.0	3.277495517075606
1178	50000.0	5.171197950519373
1179	50000.0	3.671190129170791
1180	50000.0	9.4788547229921
1181	50000.0	10.069984840699963
1182	50000.0	3.110523485094459
1183	50000.0	10.09968920431652
1184	50000.0	4.217524245601679
1185	50000.0	8.140945172798828
1186	50000.0	8.626380698030399
1187	50000.0	9.015046042154115
1188	50000.0	4.7530645609252264
1189	50000.0	5.5936155651233275
1190	50000.0	5.292631324148996
1191	50000.0	9.09838274119038
1192	50000.0	2.9597176863117305
1193	50000.0	8.89004186910003
1194	50000.0	10.346901724097984
1195	50000.0	4.410670213766213
1196	50000.0	6.533159113554136
1197	50000.0	6.222099806510184
1198	50000.0	9.918744622033593
1199	50000.0	5.987716477475087
