	0	1
0	1013.6	6.1095787437848746e-09
1	930.5	5.954941884174077e-09
2	1036.6	6.863907719650092e-09
3	1149.9	6.325039992315982e-09
4	1353.0	6.665999945673366e-09
5	1723.8	7.799913705869086e-09
6	915.4	7.079699908225747e-09
7	906.6	6.891096874960899e-09
8	930.9	4.839366647456122e-09
9	994.8	7.581011570547606e-09
10	948.0	7.389924857747987e-09
11	954.8	6.82939183422913e-09
12	2102.2	7.032193777194069e-09
13	965.8	5.702581582441231e-09
14	903.9	6.624581561504065e-09
15	1028.8	6.639743385019128e-09
16	1140.0	6.6983604207463736e-09
17	994.4	6.5211939177056495e-09
18	1006.6	5.521822357103527e-09
19	912.6	7.35585718294976e-09
20	1042.9	5.802442969997257e-09
21	988.5	6.460117063910268e-09
22	1486.1	6.64616543477184e-09
23	945.8	6.348108375244035e-09
24	959.7	6.62359365496544e-09
25	913.7	6.67743062899839e-09
26	1041.2	6.1104800935072474e-09
27	941.6	6.69629206492784e-09
28	992.1	6.446637698624695e-09
29	864.9	7.019681691342228e-09
30	886.7	5.879885677028182e-09
31	1004.3	6.231833612016854e-09
32	1421.3	5.635307330663217e-09
33	969.3	6.020973086218314e-09
34	934.7	5.747255526796649e-09
35	836.4	6.183968320529054e-09
36	1185.6	5.864058612513386e-09
37	992.3	6.65634058737921e-09
38	956.0	6.381118064985902e-09
39	846.4	7.059451017769475e-09
40	1567.3	6.638217769546896e-09
41	941.4	7.202216722421161e-09
42	1252.5	7.134599543272066e-09
43	1049.9	5.590236622459672e-09
44	1020.6	6.273633092706672e-09
45	1050.1	4.979055127470603e-09
46	1000.6	6.121862346886504e-09
47	934.0	6.38632120944832e-09
48	824.0	6.2756854730362e-09
49	989.5	6.699463351022469e-09
50	10892.7	6.08128276188104e-09
51	10637.6	6.962607060036052e-09
52	9267.9	7.094319221704913e-09
53	9387.8	5.855082148024362e-09
54	10738.1	7.190786011488289e-09
55	8623.8	6.932841320272674e-09
56	12552.1	7.625572062395455e-09
57	10843.5	6.751129183343551e-09
58	10800.3	5.846083928786881e-09
59	10271.6	7.336686645070444e-09
60	10149.0	6.8656748149165685e-09
61	13237.9	6.360775455329859e-09
62	11313.8	6.331037340638414e-09
63	13238.2	7.28672140175412e-09
64	11467.4	5.584242558633523e-09
65	12201.2	5.9606639587970054e-09
66	10416.6	5.9226015611436935e-09
67	9351.7	7.462288470380168e-09
68	9039.8	6.165136042402462e-09
69	11435.3	5.666823564437839e-09
70	11512.1	6.8896466677567585e-09
71	12017.6	6.1147706366305355e-09
72	11711.4	7.647815457668967e-09
73	9804.3	6.813943209311285e-09
74	10062.1	6.911698706237056e-09
75	9918.7	7.808910530659377e-09
76	10646.6	7.46653894585834e-09
77	11535.8	6.363244593625302e-09
78	11678.5	5.833892233732964e-09
79	13505.4	6.714688394216915e-09
80	10262.8	5.525071958218173e-09
81	8469.0	5.7318892208740515e-09
82	9961.2	5.7636586686434275e-09
83	11532.9	7.338318443529212e-09
84	12104.1	6.674863639379018e-09
85	10317.9	7.92509895422943e-09
86	10672.1	6.859846154416676e-09
87	10968.1	5.502803984017269e-09
88	10951.7	6.021026405991044e-09
89	11223.0	6.87148099916821e-09
90	9771.6	6.076895759794868e-09
91	10722.8	6.552791322271867e-09
92	10959.6	5.812428482302514e-09
93	10135.7	7.766072680181039e-09
94	10298.4	5.342345767985944e-09
95	10674.6	8.304616163069508e-09
96	10984.3	6.3070673463865084e-09
97	10289.6	6.5802281898937504e-09
98	9843.7	5.8087903154372535e-09
99	8492.7	6.241365112475466e-09
100	50000.0	2.188909421823328
101	50000.0	14.824856156407913
102	49216.6	2.487397139524055
103	50000.0	1.8904222084772542
104	49174.6	3.084371233043585
105	50000.0	2.5868930446606537
106	50000.0	2.2030554390167634
107	50000.0	6.367741427152472
108	50000.0	6.069243694560509
109	50000.0	10.34755401977484
110	50000.0	7.664167153378477
111	50000.0	16.218171893031567
112	50000.0	33.43224812174507
113	50000.0	3.482355188480791
114	49616.1	3.1838679758385764
115	50000.0	11.840027252221184
116	50000.0	7.013358060733164
117	50000.0	1.6914303970585949
118	50000.0	9.452078690949294
119	50000.0	15.123325137841926
120	50000.0	2.2884053275326592
121	50000.0	4.07932860306532
122	50000.0	14.028889918297072
123	50000.0	18.809327399052528
124	46725.1	1.5919344915954137
125	50000.0	2.98487666749796
126	50000.0	5.870251883141796
127	49304.2	1.492438586147308
128	50000.0	13.929395020151555
129	50000.0	6.367732927577979
130	50000.0	1.2194834783437516
131	50000.0	18.307155383493797
132	50000.0	5.67126007172314
133	50000.0	16.11829130263652
134	49524.0	1.890422208931001
135	50000.0	11.342510553414778
136	50000.0	1.790926302769996
137	47315.2	2.3879017048881344
138	50000.0	4.57680611648435
139	50000.0	14.327375615753638
140	50000.0	4.1788260246641915
141	50000.0	9.054334497419712
142	50000.0	3.3828597865534045
143	40251.7	0.8954631533845422
144	45864.2	1.691430397238148
145	48581.8	1.591934491987212
146	50000.0	3.183865955463321
147	45560.6	1.392942681601133
148	48693.7	1.9899176111950354
149	50000.0	10.745536126774553
150	50000.0	6.1687416199412315
151	50000.0	9.352602533041637
152	50000.0	8.059160805727043
153	50000.0	3.780842905608785
154	50000.0	7.362690977107455
155	50000.0	11.939502126681734
156	50000.0	6.8652119523427775
157	50000.0	7.064202756197561
158	50000.0	4.4773142455778
159	50000.0	23.961765146952807
160	50000.0	8.95461941398623
161	50000.0	14.227888782548002
162	50000.0	29.55015616522533
163	50000.0	9.153689245400804
164	50000.0	11.143512664692084
165	50000.0	14.028884848556885
166	50000.0	10.347558562899653
167	50000.0	6.268238036067517
168	50000.0	19.600610540162627
169	50000.0	17.11344439114796
170	50000.0	11.24300502109455
171	50000.0	14.227866021256968
172	50000.0	16.416782033253877
173	50000.0	17.61072482308005
174	50000.0	3.48235468469896
175	50000.0	5.770759004667728
176	50000.0	10.347558059117732
177	50000.0	6.288163918531604
178	50000.0	9.651088230498155
179	50000.0	6.765716550415297
180	50000.0	4.775800955138259
181	50000.0	21.357624101464793
182	50000.0	11.169420760216692
183	50000.0	12.237977748685463
184	50000.0	5.372775885612336
185	50000.0	13.929397039822998
186	50000.0	5.8050265375678824
187	50000.0	7.16392489878115
188	50000.0	2.688525576073921
189	50000.0	8.258150602018095
190	50000.0	5.571767697030984
191	50000.0	9.135127512915897
192	50000.0	11.442011510574668
193	50000.0	3.681347503681388
194	50000.0	8.357868867276098
195	50000.0	4.777241861589626
196	50000.0	8.65613118853255
197	50000.0	3.6326898582983524
198	50000.0	13.747615500408548
199	50000.0	13.929393504262018
200	4039.9	0.0
201	3386.1	0.0
202	4858.0	0.0
203	4125.4	0.0
204	5879.2	0.0
205	4768.2	0.0
206	4360.2	0.0
207	6436.0	0.0
208	3504.8	0.0
209	4349.3	0.0
210	3476.3	0.0
211	3514.9	0.0
212	5658.5	0.0
213	3681.3	0.0
214	2970.3	0.0
215	4128.7	0.0
216	3966.3	0.0
217	3703.3	0.0
218	5017.2	0.0
219	6412.6	0.0
220	4167.6	0.0
221	2890.8	0.0
222	5055.6	0.0
223	3037.7	0.0
224	4838.3	0.0
225	3696.7	0.0
226	5329.3	0.0
227	6283.0	0.0
228	3504.3	0.0
229	2970.3	0.0
230	3662.2	0.0
231	3945.1	0.0
232	4656.9	0.0
233	3177.4	0.0
234	3430.5	0.0
235	3958.1	0.0
236	2714.3	0.0
237	4298.7	0.0
238	5270.5	0.0
239	3051.7	0.0
240	4690.4	0.0
241	3524.1	0.0
242	5007.1	0.0
243	6973.2	0.0
244	3995.7	0.0
245	5054.8	0.0
246	3177.4	0.0
247	3469.2	0.0
248	2381.6	0.0
249	3215.5	0.0
250	6182.6	7.056057780387695e-10
251	6732.7	9.717045535708803e-10
252	6065.3	8.87928194914501e-10
253	8813.4	9.542859631782076e-10
254	5185.4	9.099187760902227e-10
255	7259.2	8.612118149966607e-10
256	8770.5	8.617132108683363e-10
257	7002.3	8.752805040454398e-10
258	7116.0	8.226940946228799e-10
259	5097.6	8.904569740123143e-10
260	6437.7	9.47425455788196e-10
261	4899.0	9.98307820615419e-10
262	7987.2	9.043032430946258e-10
263	5733.3	8.361233126446484e-10
264	6238.8	9.754548201483988e-10
265	7276.3	1.010839689440796e-09
266	6566.0	9.045439584960156e-10
267	4941.1	8.947246762809963e-10
268	7232.0	9.751976426313996e-10
269	8829.0	8.697106406136147e-10
270	5171.5	9.49695181336613e-10
271	4258.9	9.013379639334195e-10
272	5511.3	9.516102232687296e-10
273	7526.3	9.309847513786542e-10
274	7750.8	9.104046987636112e-10
275	4582.9	9.772275807334188e-10
276	6717.0	8.870861849790757e-10
277	7786.0	8.395280180187291e-10
278	6927.0	9.431727573583311e-10
279	6200.8	9.797834773818748e-10
280	6840.4	9.13685968562069e-10
281	5973.8	1.0016966217479387e-09
282	6832.4	9.615791954581823e-10
283	7153.1	9.131856850457831e-10
284	7253.5	9.124942879675582e-10
285	6284.6	1.003646450710413e-09
286	8771.7	8.683760227070752e-10
287	8130.0	9.251933885573513e-10
288	8351.4	9.611660521874006e-10
289	7069.7	1.0046487979830018e-09
290	7346.2	9.656960172322755e-10
291	7155.6	1.0074817824006893e-09
292	7712.2	9.537971918374207e-10
293	7887.5	8.835436576749139e-10
294	4763.0	1.0150408170299021e-09
295	7697.2	9.374043840545955e-10
296	6517.5	9.67369532712814e-10
297	7756.7	9.35163444254785e-10
298	6310.7	8.453626143910895e-10
299	7045.2	1.0003393343139245e-09
300	6769.6	0.0
301	50000.0	93.44587532304726
302	50000.0	35.350000004159824
303	50000.0	3.850142989049543
304	50000.0	21.750000021384825
305	50000.0	65.07417825999195
306	50000.0	54.07000000272925
307	11688.8	0.0
308	50000.0	22.63000000509181
309	50000.0	15.540000003651334
310	12272.5	0.0
311	50000.0	396.06239303437604
312	50000.0	129.4186758747314
313	37712.1	0.0
314	50000.0	311.0100000031525
315	17869.8	0.0
316	50000.0	29.260000006395263
317	38546.3	0.0
318	50000.0	43.19000000598299
319	50000.0	1000.0000000037338
320	50000.0	290.97000000415744
321	21188.8	0.0
322	6928.8	0.0
323	35521.1	0.0
324	50000.0	412.92000000499274
325	50000.0	216.94000000554888
326	50000.0	117.85924870315412
327	50000.0	53.480000004890634
328	50000.0	7.7800000047626385
329	50000.0	72.60000000461665
330	32020.9	0.0
331	50000.0	14.650000004936413
332	43585.0	0.0
333	50000.0	10.25560858805523
334	50000.0	39.06000000530934
335	6109.4	0.0
336	50000.0	263.2000000047878
337	50000.0	14.140000004821175
338	50000.0	42.42000000396131
339	50000.0	2.406545213328156
340	29507.4	0.0
341	13560.4	0.0
342	50000.0	675.0100000052611
343	5319.5	0.0
344	22487.7	0.0
345	33615.4	0.0
346	50000.0	56.810000006124895
347	50000.0	42.11277721239886
348	50000.0	45.790000004389974
349	35893.7	0.0
350	9357.8	7.035753047508298e-09
351	9387.7	7.165084471335755e-09
352	12065.7	7.067480514840843e-09
353	9541.2	6.67565218862217e-09
354	6411.9	7.405617771575556e-09
355	10525.7	5.7242073640881634e-09
356	11951.1	6.221003815930284e-09
357	7753.6	6.4700919605689054e-09
358	9154.8	5.166320201508776e-09
359	11518.6	6.837221020253789e-09
360	9185.3	6.629449946678461e-09
361	8945.4	6.989836474446157e-09
362	8643.8	7.276644128765017e-09
363	9790.2	6.116495876829449e-09
364	9966.2	5.906963888223767e-09
365	12076.8	6.098274599779813e-09
366	8862.2	7.337799115078974e-09
367	7450.1	6.7085214206417185e-09
368	8529.9	6.492103576632635e-09
369	14793.6	6.170347059030518e-09
370	8352.2	6.046564374558015e-09
371	17432.8	7.133669234993776e-09
372	6261.5	5.6223636150588345e-09
373	22099.4	6.163901520537701e-09
374	18919.4	7.139950616240713e-09
375	11267.2	6.000675166484368e-09
376	5964.5	7.572768327521743e-09
377	10482.2	7.268677855380422e-09
378	8862.5	8.243708707334689e-09
379	16033.0	7.0147646312043535e-09
380	10034.6	7.98061927438317e-09
381	7772.4	6.33699887040551e-09
382	25017.0	6.4926858932935345e-09
383	13423.6	7.708364104432544e-09
384	8580.7	6.6692373397607105e-09
385	14211.8	6.911006293200504e-09
386	6320.6	7.89559684790316e-09
387	16369.5	6.4330764514604825e-09
388	12639.7	7.804585758345586e-09
389	9661.7	7.335644557930697e-09
390	32663.0	3.40681876089043e-07
391	6429.0	6.502670534252491e-09
392	9105.2	7.0608880384877074e-09
393	10234.6	7.524599886217786e-09
394	7311.1	6.6904276690529925e-09
395	7609.3	5.238197752935918e-09
396	10577.9	6.2510810573080756e-09
397	9432.2	6.059214833842189e-09
398	16657.8	7.161377597694108e-09
399	10431.2	6.329325775076181e-09
400	9217.7	7.297071064421488e-09
401	6392.0	6.749532582623569e-09
402	7090.9	8.400232663302093e-09
403	7051.9	6.64776317289477e-09
404	6306.2	6.794725612018163e-09
405	10532.9	7.098140444955945e-09
406	9530.9	6.224593598367773e-09
407	9126.7	7.9057462722716e-09
408	3937.7	6.667154846296085e-09
409	3281.2	6.797321909156399e-09
410	4746.6	6.752667481501025e-09
411	7402.6	5.646796738671725e-09
412	7409.2	6.9957554423595304e-09
413	8476.7	5.743339974381202e-09
414	7808.4	6.129986463242153e-09
415	13227.6	5.835411752541167e-09
416	7766.3	6.845293702673668e-09
417	7146.5	6.581215691318399e-09
418	8217.6	8.295571379458676e-09
419	27879.8	0.22197069724529778
420	5835.0	6.947204779854976e-09
421	8071.4	6.0758790850404085e-09
422	6720.7	7.550469842298078e-09
423	4580.7	6.167356985497879e-09
424	15311.4	7.474872032930376e-09
425	9846.9	6.8977690499866195e-09
426	8943.8	7.833252145101435e-09
427	6366.1	6.407786768717589e-09
428	6073.7	7.978134757820587e-09
429	8822.5	6.475416278884204e-09
430	10066.0	6.262963565055568e-09
431	6925.4	7.56714790943598e-09
432	4559.3	6.9535800795672375e-09
433	7674.9	7.384679180641788e-09
434	6434.4	6.472163818955769e-09
435	3666.5	7.3217202684871495e-09
436	7350.2	7.455826813794279e-09
437	8360.4	7.039588688535195e-09
438	5856.5	6.258965437221436e-09
439	12477.9	7.302923332578356e-09
440	6405.5	7.290539780883101e-09
441	8630.0	7.41476571920149e-09
442	5351.0	6.28979342055766e-09
443	8746.4	7.385782085639397e-09
444	15219.6	7.4435699569851115e-09
445	13852.9	7.270953122601652e-09
446	15423.9	6.457005208961298e-09
447	10534.5	7.519326301363863e-09
448	7054.1	6.584567249511562e-09
449	2817.5	6.664741236069442e-09
450	10836.6	6.564469046888988e-09
451	9614.5	6.035566365450852e-09
452	10371.8	6.469223170123863e-09
453	8265.2	6.624392123915041e-09
454	13398.1	7.434118034212397e-09
455	9579.7	6.82717889898892e-09
456	10797.4	6.46575481276632e-09
457	11414.4	7.017888829443374e-09
458	11962.2	7.59149346972906e-09
459	11049.4	6.731752097369904e-09
460	13230.4	6.164710323105546e-09
461	9957.3	5.661337584019664e-09
462	9007.7	6.6241707951517465e-09
463	9679.5	6.391767515985598e-09
464	10114.6	6.844670236701608e-09
465	12611.0	7.246809411768277e-09
466	9711.4	7.747146150765236e-09
467	9039.3	6.523268446620954e-09
468	9794.3	7.357354755726541e-09
469	12707.7	7.1139952023010256e-09
470	11178.8	6.5374042823361535e-09
471	10790.9	7.285733388216186e-09
472	10276.7	6.962282702466637e-09
473	12215.9	7.224244167442633e-09
474	9773.7	6.477213514964409e-09
475	12265.2	6.322400445519054e-09
476	9423.8	5.513720204707382e-09
477	14628.1	6.275798299244734e-09
478	9370.9	5.354386118814185e-09
479	12950.2	7.068571181954644e-09
480	13991.4	6.066601188842181e-09
481	14158.9	5.3624872408113826e-09
482	9725.9	6.305168174086966e-09
483	10554.8	6.345123553409662e-09
484	10227.2	6.672361857321917e-09
485	11636.4	5.756051490859457e-09
486	11741.8	6.429386120229058e-09
487	9917.9	6.018154024020434e-09
488	10327.2	7.108785158892528e-09
489	12545.1	6.675443712463956e-09
490	11133.8	6.1892358797008215e-09
491	9979.9	7.475054753149933e-09
492	12038.1	7.976077561310344e-09
493	12007.8	6.675091232580206e-09
494	11727.5	6.360161684191439e-09
495	11605.3	7.969273561163084e-09
496	9081.7	6.4915392676366726e-09
497	10494.0	5.314653186414783e-09
498	11612.6	6.047068598991598e-09
499	9584.6	7.505370094022468e-09
500	9562.8	5.723163088428505e-09
501	8331.0	7.610215023054325e-09
502	9346.8	7.296418561818747e-09
503	7849.7	6.056851339429966e-09
504	9105.6	5.834606945305686e-09
505	7729.4	7.2201205690449906e-09
506	8194.5	6.553301510411677e-09
507	9823.7	6.827640488370861e-09
508	10199.3	7.2988851673790724e-09
509	8939.1	6.83893284864705e-09
510	8196.8	7.157412611903698e-09
511	10420.1	6.87660798916347e-09
512	9210.9	6.736658013621072e-09
513	8061.8	5.60512688023824e-09
514	8400.8	6.8011149200474974e-09
515	9441.5	6.190934654749033e-09
516	9600.4	5.972523837342959e-09
517	9773.3	4.988269200968471e-09
518	8114.7	5.590539352393771e-09
519	9005.1	6.743594617771119e-09
520	11874.9	7.2933161194638495e-09
521	8311.2	8.091495498877559e-09
522	8438.7	7.304346650641116e-09
523	8399.5	7.541755676296697e-09
524	8739.4	6.786309934368319e-09
525	8542.8	6.603167093657485e-09
526	8250.8	6.219090643151678e-09
527	8757.3	6.67002658787138e-09
528	7687.7	6.429976255195924e-09
529	8480.5	6.460726324945841e-09
530	8867.1	6.990136872944922e-09
531	9186.0	6.586623723233605e-09
532	9528.0	6.1143736107604445e-09
533	8549.8	7.221179272706118e-09
534	8581.9	6.826231057104758e-09
535	9535.5	7.120999617153595e-09
536	9023.6	6.243864548297638e-09
537	8644.2	6.9643046208165194e-09
538	8874.7	6.103570806002357e-09
539	7464.7	6.9257703992039395e-09
540	10117.5	7.60053350676639e-09
541	8534.9	5.984638015469337e-09
542	7487.9	6.674342041725926e-09
543	10001.4	6.62723284363502e-09
544	9859.6	7.520226679531353e-09
545	9941.2	6.415446522158476e-09
546	9517.3	6.402304518974777e-09
547	7594.5	7.638967325271217e-09
548	9420.5	5.778200517519897e-09
549	8189.6	7.2272265153275825e-09
550	47871.8	5.031772530811938e-05
551	47632.2	1.1009470443711472e-05
552	9727.7	6.359361189657822e-09
553	50000.0	0.005494432774431223
554	14141.5	7.758304022391784e-09
555	12907.4	7.108250825498068e-09
556	48310.2	6.776156564097571e-05
557	9817.8	8.17644236206e-09
558	50000.0	0.00010685829300607459
559	20146.4	6.890137834435086e-09
560	10172.6	8.028439027635262e-09
561	50000.0	0.12351865682203131
562	9521.2	6.565342602582859e-09
563	7787.2	5.772899684536737e-09
564	50000.0	1.4126693499519216
565	50000.0	1.1388870719198922
566	46151.3	0.0020631940560929514
567	50000.0	0.006897063118350849
568	50000.0	3.44013342811591
569	48448.7	4.0168564454813916e-05
570	47778.0	2.3275475027546724e-05
571	50000.0	0.011905115477763982
572	50000.0	0.01907350711577019
573	50000.0	0.26594609698925453
574	50000.0	5.056985463965985e-05
575	48595.0	0.031949983533158255
576	13463.7	6.499358153176048e-09
577	8659.9	6.210109928553665e-09
578	50000.0	0.00013125947183728284
579	50000.0	0.02059143811160047
580	47769.6	0.05166871803810623
581	50000.0	7.223650959808926e-05
582	50000.0	1.616088691235949e-05
583	50000.0	4.8220248162563716e-05
584	21489.9	5.397584949816881e-06
585	50000.0	0.00012895713493309014
586	50000.0	0.0034754245040948878
587	10074.6	5.8429106433456896e-09
588	50000.0	0.001932839141035619
589	50000.0	0.005587853423266878
590	50000.0	0.012811661588856965
591	50000.0	0.0015194612773977187
592	10622.0	7.514843656955216e-09
593	50000.0	0.001540720323567049
594	31974.1	5.171473658356032e-07
595	11099.7	6.872983089195194e-09
596	50000.0	0.0009359323045128149
597	50000.0	0.11402453764958412
598	49525.1	1.8326963980186873e-05
599	15913.2	8.119660489774751e-09
600	23766.6	9.302732210288204e-09
601	23519.7	1.0373208384919058e-08
602	17928.1	8.59156449748624e-09
603	29348.7	2.0322637028615247e-08
604	14686.2	9.026636020216762e-09
605	22064.5	7.873242994904513e-09
606	17197.1	8.969665840772364e-09
607	21471.9	7.548608739118954e-09
608	16354.0	8.660305416727965e-09
609	25811.0	8.503067825021598e-09
610	22652.4	8.739237237372572e-09
611	19033.2	8.415809297783266e-09
612	21509.4	8.133905676821107e-09
613	15922.5	8.386564648982201e-09
614	30397.7	1.4366226459552786e-08
615	23624.0	1.38506776973932e-08
616	17161.4	8.544453409710522e-09
617	16287.0	9.169621513705667e-09
618	21957.8	8.399995632242578e-09
619	27248.5	1.6743997269850605e-08
620	26944.3	9.425203069927806e-09
621	31114.5	1.3951952147597304e-08
622	20405.8	9.534714872985902e-09
623	31438.3	1.0269430703801154e-08
624	20790.1	7.630324328053932e-09
625	20214.1	7.828688341599912e-09
626	28988.4	8.959018882998658e-09
627	18860.7	8.76535800816744e-09
628	23776.5	1.366992720481613e-08
629	28915.4	2.1626921193048533e-08
630	37323.3	4.564173568538924e-08
631	17556.4	8.579034857369531e-09
632	22330.6	8.72111330285961e-09
633	20129.5	8.73567891531824e-09
634	21618.4	7.701204313569816e-09
635	25153.4	8.080000807102188e-09
636	22012.9	8.898998202821015e-09
637	24103.5	1.1657826135994308e-08
638	29753.0	1.091113019623065e-08
639	21500.6	1.4752406518881287e-08
640	19457.5	8.043308013595246e-09
641	31698.0	1.2639219068688696e-08
642	21074.2	8.473162839532935e-09
643	18743.4	7.876053682877819e-09
644	22297.8	7.847107202474384e-09
645	27263.5	8.137870587786637e-09
646	16756.7	8.165315184933402e-09
647	23505.6	9.132413275566735e-09
648	26168.9	8.326693834282068e-09
649	18129.0	8.517185891659377e-09
650	9181.3	9.006034567193404e-09
651	8375.9	9.21839619843051e-09
652	7684.2	9.386839543175923e-09
653	7097.6	9.146833252256773e-09
654	10396.3	9.191582000099137e-09
655	8088.6	8.569145066557088e-09
656	9660.4	9.298844136998437e-09
657	8352.1	9.18806756788521e-09
658	7322.2	9.55719127886151e-09
659	8628.6	9.204309196563908e-09
660	9103.0	9.180308325885998e-09
661	6873.3	8.938966772727633e-09
662	9227.2	8.871944610635057e-09
663	9969.7	8.741844936871005e-09
664	6962.6	9.286444693797036e-09
665	8668.5	9.337755877281058e-09
666	5505.7	9.339138698778318e-09
667	9593.3	9.417102435506248e-09
668	8607.5	9.720552105954343e-09
669	8561.6	8.899006583234466e-09
670	7837.6	9.309405777862153e-09
671	8223.1	9.169450321524163e-09
672	6408.5	8.329063395940492e-09
673	8446.6	9.05950771144281e-09
674	8673.2	9.585201352533876e-09
675	8532.5	8.637665236798407e-09
676	7959.8	8.977841359719472e-09
677	7535.2	8.89289956966201e-09
678	8097.2	9.568008593834513e-09
679	10422.1	9.443160115358954e-09
680	7942.4	9.038506510025972e-09
681	6464.5	9.407477169060253e-09
682	9029.9	9.044775181999617e-09
683	8308.4	9.274804402498296e-09
684	7401.6	9.32965976174233e-09
685	8067.0	9.12618220602834e-09
686	8557.2	9.113041505211936e-09
687	9274.9	9.43151096566878e-09
688	8594.5	9.222851294470762e-09
689	8757.3	9.067790472395166e-09
690	9976.9	9.483239752392225e-09
691	8559.4	9.464214741824456e-09
692	9570.6	8.721773021459147e-09
693	8550.6	9.1283246049496e-09
694	7361.2	9.04587568412091e-09
695	6596.3	9.491218224005773e-09
696	7526.1	9.168691437389657e-09
697	8729.9	9.013704374529424e-09
698	8921.9	8.909203199961332e-09
699	7347.9	9.42628099493863e-09
700	50000.0	2.6863889503699765
701	47669.1	1.7909263036420238
702	50000.0	1.8904222084772524
703	50000.0	5.573806280310482
704	50000.0	9.45209843875094
705	50000.0	5.770755977432475
706	48169.6	1.1939508702423245
707	50000.0	1.293446774221287
708	50000.0	12.731033606104226
709	50000.0	9.05411554309436
710	50000.0	4.079330118954912
711	46908.0	1.2934467757720962
712	46025.8	0.8954631523761772
713	50000.0	17.013745853263096
714	50000.0	1.492438585639948
715	49392.0	1.1939508694038576
716	50000.0	1.2934467742212894
717	50000.0	3.382859786553386
718	50000.0	21.690294541703036
719	45457.6	1.1939508688793719
720	50000.0	25.58381298881971
721	50000.0	1.6914303971394609
722	50000.0	10.745533584980812
723	50000.0	1.3929426799306017
724	50000.0	17.312231028648018
725	50000.0	8.258150597474252
726	50000.0	9.45208376068952
727	50000.0	3.283363377062146
728	50000.0	4.8752963570656815
729	50000.0	7.9602806403592385
730	50000.0	1.492438585639976
731	50000.0	8.755628106959142
732	50000.0	8.656133212747752
733	50000.0	1.5919344913492615
734	50000.0	3.6813469998994583
735	50000.0	10.94449489921293
736	50000.0	7.959662880346262
737	50000.0	1.9887831685690174
738	41494.4	1.2934467753026346
739	50000.0	19.501120730047063
740	50000.0	7.064199724418485
741	49935.7	1.6805004072205563
742	50000.0	7.263192044162869
743	49482.3	2.4873966357928765
744	50000.0	3.1838679751362333
745	50000.0	15.97378371279228
746	50000.0	16.018773107382483
747	45497.0	1.2934467747255607
748	50000.0	19.600629816217953
749	50000.0	3.4823546846988878
750	50000.0	4.252682342932184
751	50000.0	4.532466939309762
752	50000.0	4.530942830410754
753	50000.0	6.104652121880204
754	50000.0	6.140848485065126
755	50000.0	4.859640878689231
756	50000.0	5.120176320976407
757	50000.0	3.4536474574658653
758	50000.0	4.335917602828668
759	50000.0	5.328732666385215
760	50000.0	3.3701912483214054
761	50000.0	5.228249973891289
762	50000.0	3.932667943085947
763	50000.0	5.670712841557453
764	50000.0	5.972757540166942
765	50000.0	4.10406741002124
766	50000.0	3.690468384586024
767	50000.0	5.419275478611251
768	50000.0	4.53852647897285
769	50000.0	5.056308051740886
770	50000.0	7.287333223325488
771	50000.0	4.958000724943251
772	50000.0	4.272719200678399
773	50000.0	2.6317581769218785
774	50000.0	6.498351972714997
775	50000.0	2.745471170773803
776	50000.0	4.563415616238229
777	50000.0	4.328776131724628
778	50000.0	4.138775279121843
779	50000.0	6.581908152249596
780	50000.0	3.642873070493799
781	50000.0	4.232868193240609
782	50000.0	5.277930779087787
783	50000.0	6.275504424644221
784	50000.0	5.235970829862448
785	50000.0	5.388462243032888
786	50000.0	2.2708433189841393
787	50000.0	4.529207235672381
788	50000.0	5.2767541060344
789	50000.0	5.933837628942941
790	50000.0	4.7650837374031685
791	50000.0	3.215897335441004
792	50000.0	5.7922182907902044
793	50000.0	4.347688048199157
794	50000.0	4.316283633972853
795	50000.0	4.940741173724742
796	50000.0	5.678681602081442
797	50000.0	4.869608402563831
798	50000.0	5.360152403992721
799	50000.0	2.9480212360437315
800	50000.0	5.311018574887647
801	50000.0	7.11546896610258
802	50000.0	3.075154124908425
803	50000.0	6.7141437850616725
804	50000.0	13.486771597941097
805	50000.0	5.728505969172363
806	50000.0	5.203129229481256
807	50000.0	6.1505267248443385
808	50000.0	7.406650225102179
809	50000.0	14.548516219724807
810	50000.0	7.644519607374113
811	50000.0	9.301534524758768
812	50000.0	10.148425143297453
813	50000.0	9.091982222572842
814	50000.0	9.484173140487137
815	50000.0	7.163100472086489
816	50000.0	15.555955709024053
817	50000.0	8.445626194791656
818	50000.0	9.205380049596354
819	50000.0	10.215704451033599
820	50000.0	7.314789098510429
821	50000.0	9.225304009216043
822	50000.0	6.4544899528146615
823	50000.0	2.6259612847096543
824	50000.0	7.117695821060943
825	50000.0	7.408153710982825
826	50000.0	6.760523735841974
827	50000.0	3.446100477891578
828	50000.0	6.574081237319223
829	50000.0	3.7801364079953963
830	50000.0	5.534313852956957
831	50000.0	7.502783425826576
832	50000.0	4.6094115673873635
833	50000.0	4.056522867365653
834	50000.0	2.3182093793951806
835	50000.0	3.2963515015493217
836	50000.0	9.015109793917627
837	50000.0	4.77524094099096
838	50000.0	13.60008642899617
839	50000.0	3.184321481698927
840	50000.0	6.0225090257094305
841	50000.0	5.3463334313222175
842	50000.0	7.7303606067569195
843	50000.0	4.660703381622944
844	50000.0	6.079965722048506
845	50000.0	15.66851717727404
846	50000.0	9.913399494084892
847	50000.0	7.061760452617767
848	50000.0	6.294163469646652
849	50000.0	6.608206366138296
850	50000.0	21.938335289478104
851	50000.0	27.658483183514626
852	50000.0	5.0089169426186295
853	50000.0	26.30858620229713
854	50000.0	37.027990638998915
855	50000.0	20.364497060017367
856	50000.0	22.108356241924163
857	50000.0	28.040094726213994
858	50000.0	32.10877612914435
859	50000.0	60.35783193447058
860	50000.0	26.426934452693025
861	50000.0	37.04476330005389
862	50000.0	22.77178888130724
863	50000.0	26.888977703674108
864	50000.0	35.08181369075225
865	50000.0	21.46686474548159
866	50000.0	56.01995330676891
867	50000.0	24.87728360710637
868	50000.0	26.01538249220444
869	50000.0	21.99277996411517
870	50000.0	35.06434744631548
871	50000.0	36.41235699688241
872	50000.0	15.791730376935936
873	50000.0	11.867274412561455
874	50000.0	20.00082054025716
875	50000.0	16.780727657605546
876	50000.0	14.411059147493427
877	50000.0	10.487134518836502
878	50000.0	26.428427241493416
879	50000.0	12.47562781349271
880	50000.0	20.121504125889725
881	50000.0	29.532023101333472
882	50000.0	18.31574945907724
883	50000.0	12.493729146669102
884	50000.0	9.363538482325923
885	50000.0	11.981510092587529
886	50000.0	32.00936514319407
887	50000.0	18.621163120720926
888	50000.0	45.44320340541158
889	50000.0	14.800074027488037
890	50000.0	15.483270376323588
891	50000.0	23.920449939064362
892	50000.0	21.137601975350783
893	50000.0	17.648117931589617
894	50000.0	25.43501655210028
895	50000.0	48.18972523172471
896	50000.0	26.625164709749566
897	50000.0	24.33976677573425
898	50000.0	19.16261105611719
899	50000.0	21.944701184815496
900	47807.1	0.022828276780443878
901	50000.0	0.03748116845434346
902	50000.0	0.025533227201279728
903	50000.0	0.016691571555260864
904	50000.0	0.03395402414269597
905	50000.0	0.04279560844519743
906	50000.0	0.036116159565060535
907	50000.0	0.044438280250618335
908	50000.0	0.03323504468259806
909	50000.0	0.04186225114818374
910	50000.0	0.05407254851986991
911	50000.0	0.06267594884338426
912	50000.0	0.06376629587141665
913	50000.0	0.06380047309868697
914	50000.0	0.05881921367858478
915	50000.0	0.04052945359212945
916	50000.0	0.05266535990692454
917	45288.1	0.02655665811124308
918	50000.0	0.07015799388763674
919	50000.0	0.05078796394252585
920	50000.0	0.05762285960760387
921	50000.0	0.06824635342121699
922	50000.0	0.05545577801003763
923	43422.8	0.04921377209186062
924	50000.0	0.040206918830213746
925	50000.0	0.054275453315730006
926	50000.0	0.0668287041013734
927	50000.0	0.058097787011822354
928	50000.0	0.03919311264925085
929	50000.0	0.04164976403778198
930	50000.0	0.027149429601053043
931	50000.0	0.02834781150980472
932	50000.0	0.0435891261402924
933	48496.0	0.025790214853310366
934	48704.3	0.04984175451252852
935	46117.1	0.025615786243988303
936	50000.0	0.043109059695471255
937	50000.0	0.019909717194997966
938	46106.8	0.011176948379238816
939	50000.0	0.05639128323884446
940	50000.0	0.043154957579979045
941	50000.0	0.03648815347592329
942	50000.0	0.0445096579788478
943	50000.0	0.03951220932636055
944	45659.9	0.05305931049527768
945	48971.5	0.030740265945719082
946	50000.0	0.06586328512295055
947	50000.0	0.026329099375608143
948	50000.0	0.05400691681271308
949	48335.4	0.04802555569803353
950	50000.0	1.2238917808333059
951	50000.0	0.9909488090950787
952	50000.0	1.0910856955088608
953	50000.0	1.2080840657341885
954	50000.0	1.212052024749669
955	50000.0	0.872503894185075
956	50000.0	0.9198830370337984
957	50000.0	1.1370281410853902
958	50000.0	0.8725288525082228
959	50000.0	1.0975449438065077
960	50000.0	1.0862731713107707
961	50000.0	1.0499874590492737
962	45959.2	1.1387564787676847
963	50000.0	1.1402791871056215
964	50000.0	1.2949626600823207
965	50000.0	1.3171648769162498
966	50000.0	0.9669438581156754
967	50000.0	1.1804468773927248
968	50000.0	0.95149595641393
969	50000.0	1.038335616011412
970	50000.0	1.0975482569850832
971	50000.0	1.0936208123167597
972	50000.0	1.065960247541886
973	50000.0	0.9093311754883665
974	50000.0	1.0640925816040125
975	50000.0	1.0659739500187808
976	50000.0	1.1031503892568142
977	50000.0	0.9965933035334883
978	50000.0	1.3028347334257357
979	50000.0	1.0739035055714505
980	50000.0	0.9735663306389124
981	50000.0	1.010693426941439
982	50000.0	1.02243997924978
983	49998.6	0.9041027894857159
984	50000.0	1.2238769327217454
985	50000.0	0.983072926748674
986	50000.0	1.0085877317850989
987	50000.0	1.0146663247914123
988	50000.0	1.1054479036337295
989	50000.0	1.0659520876498212
990	50000.0	1.1844278890435969
991	50000.0	1.0924547662258381
992	50000.0	1.0146342466113727
993	50000.0	0.9529418689178426
994	50000.0	1.1844278890435969
995	50000.0	1.1686146113344864
996	50000.0	1.0633913624346731
997	50000.0	1.0502112541415904
998	50000.0	1.3857443468488104
999	50000.0	0.8922403521373787
1000	50000.0	1.5056066846409664
1001	50000.0	1.245255535304286
1002	50000.0	5.448674436980456
1003	44561.9	4.061744734813699
1004	50000.0	1.245255535304286
1005	44615.5	2.0102591407470545
1006	50000.0	1.937740495873922
1007	38471.2	1.183828421894256
1008	50000.0	2.263959298235675
1009	50000.0	2.2628252171861187
1010	38080.9	1.081811628671067
1011	50000.0	2.4607499177869494
1012	44593.0	1.1983142466259316
1013	46258.7	6.083792778539988
1014	50000.0	2.7779884071349654
1015	751.4	5.169826559654221e-09
1016	49750.4	1.1207299821155443
1017	47310.6	2.5930625466999286
1018	50000.0	1.9377404958739224
1019	41317.9	3.6839625693295894
1020	50000.0	7.16392581718967
1021	46401.7	5.635335697484598
1022	34996.5	1.734359215621112
1023	50000.0	0.6918569111917574
1024	50000.0	0.9932986360619871
1025	11327.9	5.836950070762377e-09
1026	45027.0	5.198230270718328
1027	1219.7	4.094618063883938e-09
1028	50000.0	5.012505996573479
1029	8268.8	3.284603241599877e-09
1030	49213.8	0.6226712202329511
1031	50000.0	4.311535605546104
1032	50000.0	2.216859305685184
1033	49124.1	1.0892041674715178
1034	50000.0	1.5029394297011325
1035	12366.5	5.726013963987439e-09
1036	445.9	4.925216178815687e-09
1037	50000.0	2.4915149051140824
1038	3867.6	4.8814224229986e-09
1039	50000.0	6.221801633957005
1040	47526.5	1.1207299822364674
1041	50000.0	1.805990180603925
1042	50000.0	4.1689304549259125
1043	42484.8	1.4752462696749356
1044	3252.9	4.1667882581581256e-09
1045	50000.0	2.118634928020234
1046	41176.8	2.2188639118962987
1047	50000.0	1.245255535304302
1048	50000.0	4.713722127141032
1049	50000.0	1.999384882869467
1050	36141.7	1.472820665387233
1051	4115.7	6.76197059901723e-09
1052	50000.0	2.3363281835596377
1053	19312.0	0.19558509896634005
1054	50000.0	7.271629193626576
1055	21710.6	1.8288292507030195
1056	50000.0	0.6918569111917574
1057	5519.4	5.455309016133766e-09
1058	50000.0	4.909790728265327
1059	50000.0	1.759505236908963
1060	8437.0	7.591012522359023e-09
1061	50000.0	7.271629193626575
1062	47709.9	0.6226712205787095
1063	50000.0	11.125618450408204
1064	50000.0	40.283402004630126
1065	23620.8	0.1954998898650468
1066	50000.0	0.6918569111917664
1067	50000.0	2.5905477300896895
1068	50000.0	11.125618450408194
1069	50000.0	9.299605212794582
1070	12415.7	4.0903865080665525e-09
1071	50000.0	1.9549988595233017
1072	8930.9	8.072976872350257e-09
1073	39917.6	5.393208273959325
1074	50000.0	2.5269928430331183
1075	50000.0	1.954998859523298
1076	50000.0	13.494392636437908
1077	23560.4	3.961055613601328
1078	15650.9	6.430708085544056e-09
1079	5934.8	6.380863177964303e-09
1080	50000.0	8.595638398227367
1081	47911.1	1.4090014225407637
1082	48879.0	0.5534855302058928
1083	5109.4	4.503299516894918e-09
1084	50000.0	0.6918569111917857
1085	50000.0	1.954998859523298
1086	41511.4	1.172999480238661
1087	48839.0	0.48429983997432924
1088	50000.0	0.6918569111917574
1089	13867.4	8.115995854387034e-09
1090	50000.0	2.5905477300897557
1091	8686.3	3.4145268677963025e-09
1092	50000.0	3.8266425932597605
1093	33897.8	0.20755733005737098
1094	50000.0	2.590547730089754
1095	4350.9	8.070391200633681e-09
1096	48142.8	0.6226712202091
1097	50000.0	7.271629193626576
1098	5470.0	7.578991415512793e-09
1099	50000.0	11.125618450408194
1100	50000.0	0.10963576020064088
1101	50000.0	0.1304525414888999
1102	50000.0	0.08648962741511408
1103	50000.0	0.1489037350863264
1104	50000.0	0.13387889736615785
1105	50000.0	0.20067924124021283
1106	50000.0	0.1711562327178388
1107	50000.0	0.15941308090612302
1108	50000.0	0.08559866801438584
1109	50000.0	0.18682292017083785
1110	50000.0	0.3347800502158399
1111	50000.0	0.11668072732435217
1112	50000.0	0.14012607604515284
1113	50000.0	0.24357874002578367
1114	50000.0	0.23399924788595072
1115	50000.0	0.12647071079778166
1116	50000.0	0.11225079912748107
1117	50000.0	0.06842815346961821
1118	50000.0	0.20903635104938584
1119	50000.0	0.116617638611994
1120	50000.0	0.2025356564259074
1121	50000.0	0.10505171515478211
1122	50000.0	0.18204875002407853
1123	50000.0	0.05133195390495956
1124	50000.0	0.12824809107328264
1125	50000.0	0.07905443606375465
1126	50000.0	0.08651161222484846
1127	50000.0	0.1774462002754904
1128	50000.0	0.15578900725539127
1129	50000.0	0.18639665144331669
1130	50000.0	0.18203197612065458
1131	50000.0	0.221524466220021
1132	50000.0	0.12503412146357978
1133	50000.0	0.03552101122371461
1134	50000.0	0.0715543805349573
1135	50000.0	0.12395222712214786
1136	50000.0	0.13415433187252204
1137	50000.0	0.07392682473289734
1138	50000.0	0.2959781581259409
1139	50000.0	0.15525324122707349
1140	50000.0	0.28699101265572746
1141	50000.0	0.13102097808736965
1142	50000.0	0.13579961233157448
1143	50000.0	0.13012100806706134
1144	50000.0	0.15972961387406362
1145	50000.0	0.13759172919809345
1146	50000.0	0.09998700351342324
1147	50000.0	0.15902822475120196
1148	50000.0	0.30160699792964074
1149	50000.0	0.13612979916261903
1150	50000.0	16.798423523575476
1151	50000.0	16.703610734094784
1152	50000.0	16.017766831262385
1153	50000.0	6.592916901163281
1154	50000.0	16.683383524434987
1155	50000.0	6.869755484745508
1156	50000.0	12.958005716366324
1157	50000.0	16.2541864456307
1158	50000.0	9.811247439674627
1159	50000.0	17.014973419189975
1160	50000.0	16.93570693005322
1161	50000.0	15.737729271532299
1162	50000.0	15.102639978405055
1163	50000.0	11.751183119418325
1164	50000.0	11.193877888957818
1165	50000.0	11.61575795395034
1166	50000.0	6.844500413912074
1167	50000.0	7.791645173096896
1168	50000.0	12.110251784693233
1169	50000.0	10.91897314130497
1170	50000.0	17.430374209753616
1171	50000.0	14.485963870796642
1172	50000.0	6.4760852714717645
1173	50000.0	17.865946734374237
1174	50000.0	14.768950884672861
1175	50000.0	16.078576381724826
1176	50000.0	6.648898680194394
1177	50000.0	3.863546564274847
1178	50000.0	12.162479747217485
1179	50000.0	3.524691917725099
1180	50000.0	11.971140987896145
1181	50000.0	16.054620709946843
1182	50000.0	5.777483745449467
1183	50000.0	15.270372391646623
1184	50000.0	8.609173324896151
1185	50000.0	15.775809525016225
1186	50000.0	15.039838732428464
1187	50000.0	11.30166819679989
1188	50000.0	10.735214075596518
1189	50000.0	10.130133559025843
1190	50000.0	12.027335746203498
1191	50000.0	15.180701943941363
1192	50000.0	7.3779791882313575
1193	50000.0	14.555875885913602
1194	50000.0	15.207801077435743
1195	50000.0	11.141308419287366
1196	50000.0	11.241677322756276
1197	50000.0	9.568513335414082
1198	50000.0	15.240741615620536
1199	50000.0	13.178399553905802
