	0	1
0	50000.0	0.005392901995242115
1	50000.0	0.0027504526492820565
2	50000.0	0.008060413457525771
3	50000.0	0.0035591570416538777
4	46549.2	0.005367133790317813
5	50000.0	0.005453478895621472
6	50000.0	0.0059420569044069125
7	50000.0	0.0054863298836689495
8	50000.0	0.004338454536484386
9	50000.0	0.005703762599513178
10	45079.2	0.0018253212952500913
11	50000.0	0.004794150444080302
12	50000.0	0.0061588020069279215
13	50000.0	0.00507340580590351
14	50000.0	0.0031451755148007568
15	50000.0	0.0076642519123331755
16	50000.0	0.008611998042822987
17	50000.0	0.008060364157821503
18	50000.0	0.005170508616720705
19	50000.0	0.006508487428007389
20	50000.0	0.007335208433001958
21	50000.0	0.0045609663956148105
22	50000.0	0.005610829999078096
23	50000.0	0.0055478820796204375
24	45080.4	0.004558589110159201
25	50000.0	0.0054485020575043685
26	50000.0	0.009148932214785674
27	50000.0	0.009492692042912886
28	50000.0	0.004337479960107757
29	50000.0	0.003446795742733602
30	50000.0	0.00589876640614556
31	50000.0	0.003829278784630564
32	50000.0	0.004408032524097551
33	50000.0	0.004919054262128518
34	50000.0	0.0037663751161724204
35	50000.0	0.008296196121150881
36	50000.0	0.003093386094057551
37	50000.0	0.00519741746109017
38	50000.0	0.007294904142771605
39	50000.0	0.007999715798209354
40	50000.0	0.0076133393096830745
41	50000.0	0.004869924334833899
42	50000.0	0.0035006395050766652
43	50000.0	0.006709870542592962
44	50000.0	0.0045123282560053215
45	50000.0	0.00811422510280511
46	50000.0	0.006991762950021525
47	50000.0	0.0061106288790286215
48	50000.0	0.0036191764808627147
49	50000.0	0.006843406794875789
50	50000.0	205.02998141199964
51	50000.0	29.456037339028786
52	50000.0	101.45326530899152
53	50000.0	488.9608483231793
54	50000.0	193.77412659961618
55	50000.0	452.11691384659315
56	50000.0	77.49422829455573
57	50000.0	242.26101691078642
58	50000.0	72.02818167335754
59	50000.0	92.23592315201124
60	50000.0	75.94933612297146
61	50000.0	237.4890786159423
62	50000.0	529.6699187990774
63	50000.0	305.6158628835354
64	50000.0	331.0351833188653
65	50000.0	278.38059030543525
66	50000.0	123.21458537999195
67	50000.0	98.47191147390495
68	50000.0	90.67974437079252
69	50000.0	91.57130373473844
70	50000.0	91.99285995400484
71	50000.0	187.78705739162405
72	50000.0	63.63179314474765
73	50000.0	23.293988879538226
74	50000.0	160.40714248436086
75	50000.0	113.40719065541191
76	50000.0	171.38048085622916
77	50000.0	362.2340059008046
78	50000.0	152.30179100798503
79	50000.0	169.41983612837836
80	50000.0	364.45635418860377
81	50000.0	266.751506571819
82	50000.0	77.43290114073083
83	50000.0	302.77196686936117
84	50000.0	536.5555671843609
85	50000.0	118.69645707087663
86	50000.0	338.74480076751655
87	50000.0	121.48620313051185
88	50000.0	132.9208815692004
89	50000.0	316.5202330776025
90	50000.0	43.583297480894814
91	50000.0	238.4901092616457
92	50000.0	417.6898009915917
93	50000.0	322.3614920606512
94	50000.0	223.46583705342522
95	50000.0	115.08339900610994
96	50000.0	62.196417054085146
97	50000.0	31.700705615880985
98	50000.0	165.703340548375
99	50000.0	389.9936001729828
100	50000.0	7.6855324205700075
101	50000.0	7.040404488471717
102	50000.0	4.941598909368055
103	50000.0	8.200085671243988
104	50000.0	7.71102942222069
105	50000.0	7.4083551259599245
106	50000.0	8.187122140137369
107	50000.0	4.568761376618191
108	50000.0	7.632296894204676
109	50000.0	5.112683921149144
110	50000.0	9.188640648450523
111	50000.0	7.350704792942966
112	50000.0	8.533631342667558
113	50000.0	7.459481466502834
114	50000.0	8.608978141450256
115	50000.0	11.259939921372686
116	50000.0	11.709906111626568
117	50000.0	5.993792981943932
118	50000.0	5.480924944465208
119	50000.0	7.26682854642159
120	50000.0	8.09439986328731
121	50000.0	5.507509740651821
122	50000.0	8.34097643803912
123	50000.0	9.366646463001336
124	50000.0	6.459427760038539
125	50000.0	7.068444742081509
126	50000.0	7.084693266494469
127	50000.0	4.86004147721531
128	50000.0	5.890334492194147
129	50000.0	6.4256710882971575
130	50000.0	5.399348074276502
131	50000.0	5.538671361807651
132	50000.0	7.369983106898874
133	50000.0	9.57271145251854
134	50000.0	6.390285226466638
135	50000.0	5.327896275019484
136	50000.0	10.450682567625892
137	50000.0	8.50483833699741
138	50000.0	4.437189934243467
139	50000.0	8.52163505493218
140	50000.0	8.395149167060515
141	50000.0	6.951239533439815
142	50000.0	8.419684476774844
143	50000.0	6.715567536808933
144	50000.0	8.549591966034038
145	50000.0	6.7235810455271805
146	50000.0	7.917417584465943
147	50000.0	7.061874297048431
148	50000.0	6.615231277330354
149	50000.0	6.322948497618768
150	50000.0	7.814355212075299
151	50000.0	7.112255067123
152	50000.0	7.560868968252801
153	50000.0	7.748419841429036
154	50000.0	11.173045689458144
155	50000.0	10.103831318924875
156	50000.0	7.657983219300583
157	50000.0	6.4842929332615
158	50000.0	8.932597952300142
159	50000.0	7.469306278532558
160	50000.0	10.686495206068729
161	50000.0	7.218049339856411
162	50000.0	11.607821881661073
163	50000.0	8.26703985505561
164	50000.0	9.676295904951328
165	50000.0	10.035867401921946
166	50000.0	13.783376518864774
167	50000.0	6.841585157487029
168	50000.0	11.961815336783266
169	50000.0	9.580793634788893
170	50000.0	8.41814230652074
171	50000.0	6.731262465010948
172	50000.0	7.03540505474971
173	50000.0	8.452794931064437
174	50000.0	7.994795141518121
175	50000.0	4.814267603149678
176	50000.0	10.767993903102731
177	50000.0	8.696690091142392
178	50000.0	5.57256778862686
179	50000.0	5.903465699896788
180	50000.0	6.979683417401722
181	50000.0	8.666374786461885
182	50000.0	7.26901113301831
183	50000.0	8.144082977319322
184	50000.0	10.697433064043803
185	50000.0	9.146311143548653
186	50000.0	10.456953684203773
187	50000.0	11.489127323708432
188	50000.0	5.7461582984820865
189	50000.0	7.927736662422353
190	50000.0	7.366969584970488
191	50000.0	7.867446963535842
192	50000.0	7.97676480367213
193	50000.0	7.707600240777511
194	50000.0	7.491635302452724
195	50000.0	7.357221356949644
196	50000.0	8.907477701004074
197	50000.0	10.345781860142361
198	50000.0	7.717836122783872
199	50000.0	8.217055277801789
200	92.4	0.0
201	97.2	0.0
202	103.2	0.0
203	110.4	0.0
204	87.6	0.0
205	91.2	0.0
206	93.6	0.0
207	87.6	0.0
208	92.4	0.0
209	103.2	0.0
210	103.2	0.0
211	100.8	0.0
212	103.2	0.0
213	97.2	0.0
214	92.4	0.0
215	96.0	0.0
216	110.4	0.0
217	92.4	0.0
218	108.0	0.0
219	87.6	0.0
220	103.2	0.0
221	92.4	0.0
222	108.0	0.0
223	98.4	0.0
224	104.4	0.0
225	94.8	0.0
226	97.2	0.0
227	87.6	0.0
228	92.4	0.0
229	92.4	0.0
230	94.8	0.0
231	91.2	0.0
232	93.6	0.0
233	90.0	0.0
234	92.4	0.0
235	103.2	0.0
236	97.2	0.0
237	103.2	0.0
238	96.0	0.0
239	98.4	0.0
240	103.2	0.0
241	92.4	0.0
242	105.6	0.0
243	93.6	0.0
244	91.2	0.0
245	108.0	0.0
246	98.4	0.0
247	92.4	0.0
248	99.6	0.0
249	100.8	0.0
250	50000.0	0.14810833071261253
251	50000.0	0.10700717777963457
252	50000.0	0.057942666693122535
253	50000.0	0.18044735630168193
254	50000.0	0.3967784104486671
255	50000.0	0.4139453513254431
256	50000.0	0.051470279626439096
257	50000.0	0.268471351516957
258	50000.0	0.06031280577723833
259	50000.0	0.2730653736955991
260	50000.0	0.27062018461379284
261	50000.0	0.1936628282543918
262	50000.0	0.08746007752062956
263	50000.0	0.16765430643217252
264	50000.0	0.11436609927134833
265	50000.0	0.09064134899969514
266	50000.0	0.14403350264160275
267	50000.0	0.10111920204317829
268	50000.0	0.18106309838069873
269	50000.0	0.12424814169808973
270	50000.0	0.0593339961803155
271	50000.0	0.0699651863624505
272	50000.0	0.15658984426862058
273	50000.0	0.23923571166994648
274	50000.0	0.30197512531082427
275	50000.0	0.17487266621219355
276	50000.0	0.21444342873792105
277	50000.0	0.08993580335145378
278	50000.0	0.11778593728631562
279	50000.0	0.07342023040217971
280	50000.0	0.09006126276605393
281	50000.0	0.17455302073861412
282	50000.0	0.1193690264309107
283	50000.0	0.09602143448985215
284	50000.0	0.10529632613677442
285	50000.0	0.037281157901131
286	50000.0	0.07116841968606233
287	50000.0	0.10412220733293473
288	50000.0	0.18066428294938958
289	50000.0	0.138404339289052
290	50000.0	0.07715708730906196
291	50000.0	0.1606830434296532
292	50000.0	0.056687817239106805
293	50000.0	0.11224398857617143
294	50000.0	0.0607075007415529
295	50000.0	0.06950251784589204
296	50000.0	0.19135089786971493
297	50000.0	0.15146871307290974
298	50000.0	0.15066508792296168
299	50000.0	0.10867372035388098
300	50000.0	0.0
301	50000.0	92.97109566192076
302	50000.0	35.43047316940773
303	50000.0	3.9518264381506163
304	50000.0	21.847550718805106
305	50000.0	64.90804248809941
306	50000.0	54.16757727668863
307	50000.0	0.0
308	50000.0	22.831200575593602
309	50000.0	15.58876439791878
310	50000.0	0.0
311	50000.0	396.26614086876646
312	50000.0	128.1376268972767
313	49294.8	0.0
314	50000.0	311.0437172423184
315	50000.0	0.0
316	50000.0	29.324751332837092
317	50000.0	0.0
318	50000.0	43.225372778332954
319	50000.0	1000.2407583894343
320	50000.0	291.0026455574032
321	50000.0	0.0
322	50000.0	0.0
323	50000.0	0.0
324	50000.0	412.9486486530908
325	50000.0	217.21247988349222
326	50000.0	117.52863743715702
327	50000.0	53.551270241361884
328	50000.0	7.876960219710975
329	50000.0	72.83893022172644
330	50000.0	0.0
331	50000.0	14.70092213349109
332	50000.0	0.0
333	50000.0	10.281616731778508
334	50000.0	39.09750297541167
335	50000.0	0.0
336	50000.0	263.22735018398237
337	50000.0	14.21424351259746
338	50000.0	42.5185214557858
339	50000.0	2.596969987938559
340	50000.0	0.0
341	50000.0	0.0
342	50000.0	675.0656889869373
343	50000.0	0.0
344	50000.0	0.0
345	50000.0	0.0
346	50000.0	56.90982278732209
347	50000.0	42.226718460844
348	50000.0	45.82946512555772
349	50000.0	0.0
350	50000.0	3.0949580636159304
351	50000.0	2.1924675036881114
352	50000.0	4.039835034133551
353	50000.0	2.1983536494008606
354	50000.0	1.1123898708385813
355	50000.0	2.5759917064198703
356	50000.0	2.6561471548427638
357	50000.0	1.5966420438063444
358	50000.0	3.0699247698572583
359	50000.0	3.1995483201216075
360	50000.0	2.7134769841611863
361	50000.0	2.3192502670861197
362	50000.0	2.208724214012343
363	50000.0	2.742040453404874
364	50000.0	1.6167847342321582
365	50000.0	2.442351124808255
366	50000.0	2.1042325913315207
367	50000.0	2.4128355686098937
368	50000.0	2.546616478725823
369	50000.0	2.6059671454925235
370	50000.0	1.9492047516236368
371	50000.0	2.760409540942093
372	50000.0	1.8533782764968811
373	50000.0	2.8995753422422625
374	50000.0	2.3549202661643442
375	50000.0	2.916203822995505
376	50000.0	1.2018511345597918
377	50000.0	2.7640211010763958
378	50000.0	3.170110852380658
379	50000.0	2.287487440245952
380	50000.0	2.177312007806447
381	50000.0	2.8224752321728124
382	50000.0	4.0826173811030735
383	50000.0	2.534239163171943
384	50000.0	2.207694642939597
385	50000.0	2.7131082506437556
386	50000.0	2.415758116565998
387	50000.0	2.888000917670037
388	50000.0	2.903657525173073
389	50000.0	3.958940252236367
390	50000.0	3.749390343488224
391	50000.0	2.3482182143035955
392	50000.0	2.371931857092652
393	50000.0	2.27110835439046
394	50000.0	1.6339213825568943
395	50000.0	2.223434283298636
396	50000.0	1.895632618304256
397	50000.0	2.191013661931633
398	50000.0	2.846089668643971
399	50000.0	2.426580790557696
400	50000.0	2.3165262672495137
401	50000.0	1.463186432256513
402	50000.0	1.4206587791227125
403	50000.0	2.6032191667654905
404	50000.0	1.387395644359572
405	50000.0	2.3271630562437546
406	50000.0	2.142241944795656
407	50000.0	2.334659719446426
408	50000.0	0.8705363540841008
409	50000.0	1.4680655932852462
410	50000.0	1.4569301393996987
411	50000.0	1.9499107356039285
412	50000.0	1.9747456005851522
413	50000.0	2.114578337436026
414	50000.0	1.8217024313191938
415	50000.0	2.1836559262459074
416	50000.0	2.1213811916581613
417	50000.0	2.298443508420713
418	50000.0	3.071374170404996
419	50000.0	1.9917198369279472
420	50000.0	1.9547778735422436
421	50000.0	1.8206081532816296
422	50000.0	2.0353113360100017
423	50000.0	2.23295062284923
424	50000.0	2.2387120180735782
425	50000.0	2.3132154935950497
426	50000.0	1.8953072967819427
427	50000.0	1.73333414997749
428	50000.0	1.2890806666471977
429	50000.0	2.156646743141623
430	50000.0	2.9817989608023234
431	50000.0	2.2145599445139976
432	50000.0	1.9948503917102656
433	50000.0	1.6823427420036143
434	50000.0	2.314079782077017
435	50000.0	1.8366139988372354
436	50000.0	2.0089941590712144
437	50000.0	2.0538746462919204
438	50000.0	1.356998406547342
439	50000.0	1.666847063319679
440	50000.0	2.032693822710965
441	50000.0	1.6052828417051148
442	50000.0	2.3343808733869436
443	50000.0	2.5513774548792965
444	50000.0	2.2157197694173965
445	50000.0	2.2203603174560946
446	50000.0	2.3959990761545487
447	50000.0	1.9711174759721524
448	50000.0	1.8211116072324849
449	50000.0	1.9100359161586749
450	50000.0	119.80607307034052
451	50000.0	91.62250126527722
452	50000.0	134.69589977087773
453	50000.0	65.43929084882345
454	50000.0	368.69366155755614
455	50000.0	213.33290643649866
456	50000.0	273.4363647923005
457	50000.0	341.63769463064375
458	50000.0	169.34318861024013
459	50000.0	479.54469543169535
460	50000.0	111.21286991156254
461	50000.0	116.94881845394536
462	50000.0	52.976801617899945
463	50000.0	94.51037669471188
464	50000.0	538.9993526004404
465	50000.0	72.82948970689986
466	50000.0	117.67336374618249
467	50000.0	76.68807191609845
468	50000.0	212.57973766083387
469	50000.0	417.54051979681736
470	50000.0	87.75910923762899
471	50000.0	219.79496045756142
472	50000.0	103.93601878473714
473	50000.0	51.262433423755525
474	50000.0	85.6077117031278
475	50000.0	118.3028768515863
476	50000.0	47.632958993483044
477	50000.0	399.84490703451394
478	50000.0	169.6785712950443
479	50000.0	138.30318221811797
480	50000.0	174.79615115377197
481	50000.0	197.75623047599478
482	50000.0	228.13623006550114
483	50000.0	289.2151375929735
484	50000.0	62.28517662361919
485	50000.0	305.2570189689891
486	50000.0	27.752061439363064
487	50000.0	198.98025714662054
488	50000.0	48.47595400551154
489	50000.0	178.88028182106353
490	50000.0	59.14349105956818
491	50000.0	86.00348169423992
492	50000.0	108.28448906144817
493	50000.0	90.59498753747494
494	50000.0	88.3567354543569
495	50000.0	477.9754684905357
496	50000.0	185.3823205620223
497	50000.0	205.21588281047198
498	50000.0	129.3883155308269
499	50000.0	84.29944691171065
500	50000.0	8.660881581982855
501	50000.0	4.057762739051795
502	50000.0	2.6006064176256567
503	50000.0	1.491634810986853
504	50000.0	2.7177767864169753
505	50000.0	2.0900432516429253
506	50000.0	6.4819431504304745
507	50000.0	3.9702363687609976
508	50000.0	1.2567334469587037
509	50000.0	2.137716059855735
510	50000.0	6.429089189043294
511	50000.0	7.630567553818959
512	50000.0	3.088690002062516
513	50000.0	4.302330726456819
514	50000.0	1.77967386443524
515	50000.0	5.600679649303859
516	50000.0	2.441959483928874
517	50000.0	3.488212509596662
518	50000.0	4.997926093426898
519	50000.0	2.1492615642567396
520	50000.0	2.9605555162991246
521	50000.0	0.9286604648900729
522	50000.0	1.8605634428084006
523	50000.0	2.4308410620857384
524	50000.0	9.301068507168111
525	50000.0	8.883075439430314
526	50000.0	6.706780520963308
527	50000.0	2.988817070389743
528	50000.0	0.5658263719863196
529	50000.0	7.969373883324596
530	50000.0	3.1114992063681566
531	50000.0	3.9368008647819304
532	50000.0	2.445483217059499
533	50000.0	2.1782674879684842
534	50000.0	1.0251948072667008
535	50000.0	1.435196237530677
536	50000.0	4.174795133081827
537	50000.0	2.1376244644259947
538	50000.0	4.1024761318940755
539	50000.0	6.500704552849525
540	50000.0	3.489477371205485
541	50000.0	5.9468254365623805
542	50000.0	1.4924040356844885
543	50000.0	4.645602028379683
544	50000.0	3.762335387094968
545	50000.0	4.045351795379057
546	50000.0	5.2996792246563285
547	50000.0	2.2655522074747614
548	50000.0	0.9966132552482945
549	50000.0	2.53886444349444
550	50000.0	571.5118071423284
551	50000.0	361.0327768034319
552	50000.0	1682.1121075701644
553	50000.0	2212.752439583765
554	50000.0	1049.0439183714614
555	50000.0	845.9757393085195
556	50000.0	1956.2800626906596
557	50000.0	1327.941437472697
558	50000.0	1388.0976038462934
559	50000.0	1153.357439447067
560	50000.0	1168.0801931372025
561	50000.0	1563.8215475137774
562	50000.0	209.79020379579856
563	50000.0	3288.3147100322203
564	50000.0	245.77480318768417
565	50000.0	462.4131550033928
566	50000.0	428.71732235050865
567	50000.0	2030.5441205920765
568	50000.0	343.47015750734175
569	50000.0	1126.3968360435438
570	50000.0	1009.1816882463454
571	50000.0	1618.4377807122614
572	50000.0	431.10857657529334
573	50000.0	465.547461736287
574	50000.0	1474.8694336507265
575	50000.0	1715.2803019733988
576	50000.0	2556.465027046278
577	50000.0	1421.752959747839
578	50000.0	1554.8662310480886
579	50000.0	2024.1372529744408
580	50000.0	2393.569378077473
581	50000.0	361.35208947988457
582	50000.0	54.73970311817625
583	50000.0	378.31822303478475
584	50000.0	302.7451718469409
585	50000.0	737.8190928151378
586	50000.0	477.8153406166434
587	50000.0	551.3685131840502
588	50000.0	2547.9590784387888
589	50000.0	700.3631044414444
590	50000.0	582.7161514115054
591	50000.0	455.1554679310858
592	50000.0	539.8101012813001
593	50000.0	1169.4192034399946
594	50000.0	488.2761966894257
595	50000.0	293.20689845580773
596	50000.0	338.0961396094369
597	50000.0	677.1471132316732
598	50000.0	916.5113130267753
599	50000.0	816.2054220131083
600	50000.0	14.1602054904133
601	50000.0	9.064735404171913
602	50000.0	11.557988209439603
603	50000.0	11.607763836754966
604	50000.0	7.174157897848856
605	50000.0	10.079393238408905
606	50000.0	8.302986555907777
607	50000.0	5.977817541190579
608	50000.0	21.29290537639664
609	50000.0	8.693676797362855
610	50000.0	14.447195599911066
611	50000.0	21.862643717063072
612	50000.0	7.772599935042541
613	50000.0	10.303331526162864
614	50000.0	7.095017546134886
615	50000.0	10.388975377607787
616	50000.0	10.947661347766667
617	50000.0	19.543637342753588
618	50000.0	5.499037495946411
619	50000.0	6.0355976710378645
620	50000.0	13.822540044446447
621	50000.0	10.030955864704998
622	50000.0	11.177947602125268
623	50000.0	12.124570723106372
624	50000.0	19.017707801759915
625	50000.0	11.381518808285515
626	50000.0	9.198726686283653
627	50000.0	9.13337931653244
628	50000.0	10.335988858675327
629	50000.0	11.973448298863445
630	50000.0	8.212363446111214
631	50000.0	21.993573356907078
632	50000.0	9.994703165742035
633	50000.0	30.22999544728666
634	50000.0	7.979110582653537
635	50000.0	21.00222825809835
636	50000.0	6.972691233907585
637	50000.0	5.672209376600695
638	50000.0	14.600791332273014
639	50000.0	7.723526233042264
640	50000.0	12.245446807867694
641	50000.0	11.33860871574727
642	50000.0	24.488258061693454
643	50000.0	25.290631333171312
644	50000.0	15.036815884790087
645	50000.0	8.161960812726818
646	50000.0	11.08175905591028
647	50000.0	7.3360545973913505
648	50000.0	10.770816163131414
649	50000.0	7.59436584134819
650	50000.0	0.006437833623070499
651	50000.0	0.005779121687804614
652	50000.0	0.008110539442476264
653	50000.0	0.008575825981896417
654	50000.0	0.01697927514040818
655	50000.0	0.017106462266597525
656	50000.0	0.00851091318247836
657	50000.0	0.01609056785563094
658	50000.0	0.00950927650113872
659	50000.0	0.005043054961177875
660	50000.0	0.010804456591774165
661	50000.0	0.006519823583144481
662	50000.0	0.009441812855806676
663	50000.0	0.014095925455697756
664	50000.0	0.008095782899591696
665	50000.0	0.010704895053643271
666	50000.0	0.006990939529843121
667	50000.0	0.012644151166331986
668	50000.0	0.007396624671583087
669	50000.0	0.011587210774202373
670	50000.0	0.005584607435523436
671	50000.0	0.008110815961782952
672	50000.0	0.008347870168642819
673	50000.0	0.01594496988620741
674	50000.0	0.011181332758015762
675	50000.0	0.00790887794337767
676	50000.0	0.013311823467850467
677	50000.0	0.007126728637187445
678	50000.0	0.007720946572615514
679	50000.0	0.01651776065279994
680	50000.0	0.007648056469513628
681	50000.0	0.01118895535061232
682	50000.0	0.011029484006887112
683	50000.0	0.007165222750183825
684	50000.0	0.010752453770686513
685	50000.0	0.008931720541849835
686	50000.0	0.007947985980882737
687	50000.0	0.0077150508216101326
688	50000.0	0.006674718700057124
689	50000.0	0.007862813059962406
690	50000.0	0.005215600582165967
691	50000.0	0.012183395539157447
692	50000.0	0.010865946678184479
693	50000.0	0.008738442360219109
694	50000.0	0.011861557165167467
695	50000.0	0.013833215269819838
696	50000.0	0.010784056826753312
697	50000.0	0.009434363418353414
698	50000.0	0.01297778330822833
699	50000.0	0.009343062854736416
700	50000.0	4.949011607565597
701	50000.0	6.622666505229846
702	50000.0	7.026305906454607
703	50000.0	7.824407048279665
704	50000.0	8.25919333454253
705	50000.0	9.0654099054782
706	50000.0	5.455682923831238
707	50000.0	6.289603818765031
708	50000.0	6.311417284898864
709	50000.0	4.224727057817989
710	50000.0	9.008758130842697
711	50000.0	6.692820776984016
712	50000.0	8.015666955774288
713	50000.0	7.548516678525178
714	50000.0	6.443396209287317
715	50000.0	5.732542268400009
716	50000.0	7.615367222269533
717	50000.0	6.085047104829191
718	50000.0	6.36205863318015
719	50000.0	8.461201531129692
720	50000.0	5.355860418703475
721	50000.0	6.816616338717393
722	50000.0	5.006710671444065
723	50000.0	6.310790563049163
724	50000.0	5.679155858361072
725	50000.0	6.86633170356865
726	50000.0	7.604213328221455
727	50000.0	7.226776544603267
728	50000.0	5.688552687303515
729	50000.0	5.684836512614344
730	50000.0	7.047140979092179
731	50000.0	5.512422974029585
732	50000.0	5.838985018960226
733	50000.0	5.603784185754046
734	50000.0	7.18229261434833
735	50000.0	7.8321457517330115
736	50000.0	8.314945499920995
737	50000.0	6.536295135153196
738	50000.0	7.238898848632472
739	50000.0	7.421195962225466
740	50000.0	5.434153351553048
741	50000.0	6.780909269615433
742	50000.0	5.271049005050498
743	50000.0	7.91816386718956
744	50000.0	4.772789594948717
745	50000.0	4.779133373765115
746	50000.0	6.817123097279122
747	50000.0	5.684437386274174
748	50000.0	7.744056743067982
749	50000.0	5.642639873477248
750	50000.0	4.202685723574816
751	50000.0	4.046201801239026
752	50000.0	4.873548841114836
753	50000.0	4.227681195117664
754	50000.0	5.329996799060665
755	50000.0	4.7881948179465
756	50000.0	3.528277776668221
757	50000.0	2.86537950254394
758	50000.0	3.9953561890734894
759	50000.0	5.2069078823850585
760	50000.0	2.8822180986052333
761	50000.0	3.337620694622262
762	50000.0	2.3678790134089662
763	50000.0	5.049334737633423
764	50000.0	6.936982956125059
765	50000.0	3.577166363743853
766	50000.0	3.5911479205435866
767	50000.0	6.01983998447435
768	50000.0	4.0048162319660525
769	50000.0	4.2691818212329355
770	50000.0	5.478824941989538
771	50000.0	5.019857934233573
772	50000.0	3.3171567301900753
773	50000.0	2.40512135626319
774	50000.0	4.154525935956168
775	50000.0	3.0006411183528687
776	50000.0	4.714632171958968
777	50000.0	2.507783204963382
778	50000.0	4.120798647294326
779	50000.0	5.6879605843616705
780	50000.0	2.977211034703769
781	50000.0	5.028249017724101
782	50000.0	4.578427678953334
783	50000.0	3.8075827176304573
784	50000.0	4.310060748538623
785	50000.0	5.035742163778133
786	50000.0	3.9782950817809395
787	50000.0	5.210200428126033
788	50000.0	5.189138036383157
789	50000.0	4.856097235929825
790	50000.0	3.97398124851071
791	50000.0	2.5692535653855373
792	50000.0	3.692127556558956
793	50000.0	2.539331691039632
794	50000.0	4.830291800758966
795	50000.0	3.267243408643103
796	50000.0	6.605277118218632
797	50000.0	5.069355360906391
798	50000.0	4.990167331016568
799	50000.0	2.704289216772346
800	50000.0	5.429418037284823
801	50000.0	7.295901743875133
802	50000.0	3.4102744522432955
803	50000.0	6.664464769491798
804	50000.0	11.520551870066138
805	50000.0	5.8853539272003434
806	50000.0	5.242506455860422
807	50000.0	6.3070929908791475
808	50000.0	7.371750134043063
809	50000.0	14.633393791457555
810	50000.0	7.69197128710871
811	50000.0	9.48343943122913
812	50000.0	8.8893295438261
813	50000.0	9.134416339925872
814	50000.0	9.405624570906516
815	50000.0	7.256738260223005
816	50000.0	16.315114074728235
817	50000.0	8.227479098668134
818	50000.0	8.855525355710947
819	50000.0	10.413159051395835
820	50000.0	6.677887659351066
821	50000.0	9.36261300224669
822	50000.0	7.031671282522863
823	50000.0	3.0376165215006545
824	50000.0	7.044188473013756
825	50000.0	7.429982396128007
826	50000.0	8.198949316498068
827	50000.0	3.4283451716684077
828	50000.0	6.558758256339135
829	50000.0	4.471249359417781
830	50000.0	5.708744833551895
831	50000.0	7.645103640451483
832	50000.0	4.755117506954749
833	50000.0	4.432150641830931
834	50000.0	2.4084954339923605
835	50000.0	3.348868666276944
836	50000.0	8.915529093152653
837	50000.0	4.55859012723225
838	50000.0	13.88118738580297
839	50000.0	3.178166641928383
840	50000.0	6.335609689768939
841	50000.0	5.379727510508763
842	50000.0	7.928294369628607
843	50000.0	4.899217376836443
844	50000.0	6.134342921743275
845	50000.0	13.682103063527986
846	50000.0	9.461865263735685
847	50000.0	7.205408673224507
848	50000.0	6.671575649368977
849	50000.0	6.644890559208937
850	50000.0	22.2664501486772
851	50000.0	27.313924252559154
852	50000.0	8.148730456808119
853	50000.0	27.336756525219677
854	50000.0	35.155748974080026
855	50000.0	20.53510432871723
856	50000.0	22.277411083363653
857	50000.0	27.933876922398365
858	50000.0	31.3071189599818
859	50000.0	53.199234656059915
860	50000.0	27.75502444950729
861	50000.0	35.50260892766029
862	50000.0	23.370990158245657
863	50000.0	27.284309273243547
864	50000.0	35.04172742838678
865	50000.0	21.02020020594179
866	50000.0	48.90559559078774
867	50000.0	25.70300652225676
868	50000.0	25.371375236938412
869	50000.0	23.0317994377966
870	50000.0	30.3001220058657
871	50000.0	36.817263513474906
872	50000.0	15.982079638177051
873	50000.0	14.337686221734094
874	50000.0	20.153040799522735
875	50000.0	17.05255943032791
876	50000.0	16.092719279880118
877	50000.0	10.886100557749296
878	50000.0	26.98071758641122
879	50000.0	13.087709941033769
880	50000.0	20.75372686249331
881	50000.0	29.24770788049985
882	50000.0	20.66184664460595
883	50000.0	12.05931120850321
884	50000.0	9.415949141524285
885	50000.0	13.053516912237374
886	50000.0	32.2305849245812
887	50000.0	18.449145861437323
888	50000.0	43.338840014157576
889	50000.0	15.358357869525946
890	50000.0	17.126099878031585
891	50000.0	23.700922142874116
892	50000.0	20.801743850073056
893	50000.0	18.067626497899653
894	50000.0	26.270732033691537
895	50000.0	47.5987816888329
896	50000.0	26.604208730807745
897	50000.0	23.579839705859076
898	50000.0	19.57338031716516
899	50000.0	22.434625227030704
900	50000.0	0.30866461699011455
901	50000.0	0.4855624333663345
902	50000.0	0.5624222770469037
903	50000.0	0.307047166507882
904	50000.0	0.44890255890073616
905	50000.0	0.43180174699194096
906	50000.0	0.37482066034552214
907	50000.0	0.4089062188750015
908	50000.0	0.3484909509186428
909	50000.0	0.35601372562335437
910	50000.0	0.3914110714844071
911	50000.0	0.4435386536703291
912	50000.0	0.4746417179166057
913	50000.0	0.4144280488504622
914	50000.0	0.3294250486544838
915	50000.0	0.36853103411629035
916	50000.0	0.23194302239465525
917	50000.0	0.4121227698804056
918	50000.0	0.38352140594968454
919	50000.0	0.3497878564614636
920	50000.0	0.3907344449963711
921	50000.0	0.39054655617328765
922	50000.0	0.2801326233119273
923	50000.0	0.23618543935438135
924	50000.0	0.42083320349250963
925	50000.0	0.535892520658309
926	50000.0	0.40739069545476914
927	50000.0	0.3883456420358785
928	50000.0	0.3368879459332085
929	50000.0	0.43860405601492103
930	50000.0	0.4204012184775857
931	50000.0	0.2963038561000255
932	50000.0	0.3711187336604317
933	50000.0	0.41339972573754535
934	50000.0	0.41382335670190606
935	50000.0	0.2529009137251057
936	50000.0	0.3728189219731325
937	50000.0	0.3996091324239444
938	50000.0	0.39386345246866766
939	50000.0	0.44749242005687384
940	50000.0	0.3180308050361619
941	50000.0	0.4419673772786947
942	50000.0	0.33326866125537363
943	50000.0	0.33007201545157316
944	50000.0	0.3304561282372232
945	50000.0	0.4007793910386285
946	50000.0	0.22816374218048718
947	50000.0	0.37327888002066345
948	50000.0	0.47938012776940564
949	50000.0	0.29319098125836707
950	50000.0	0.9422355709036776
951	50000.0	1.152923719219962
952	50000.0	0.9810327204546143
953	50000.0	0.9756404503660768
954	50000.0	1.0653823507102058
955	50000.0	0.8621332129905322
956	50000.0	0.8015890045796994
957	50000.0	0.549876159900629
958	50000.0	0.8505235044508348
959	50000.0	1.1845186657685078
960	50000.0	0.6166571243195863
961	50000.0	1.1097623192929813
962	50000.0	1.0122917927260067
963	50000.0	1.015691571687388
964	50000.0	1.0865832892160547
965	50000.0	0.9505329782338332
966	50000.0	1.0267045159611414
967	50000.0	0.9796297688916992
968	50000.0	0.8507297110115368
969	50000.0	1.1773245315388565
970	50000.0	0.9917052623568056
971	50000.0	0.8665337806996372
972	50000.0	0.9811615665670074
973	50000.0	0.9118237979361126
974	50000.0	1.1144662632936828
975	50000.0	0.9614496222743754
976	50000.0	1.1322942104611304
977	50000.0	1.072720543199377
978	50000.0	1.2292708813961548
979	50000.0	1.1511770788520899
980	50000.0	1.1990026022936928
981	50000.0	0.8387764316746491
982	50000.0	0.9974818192393442
983	50000.0	0.9182417540658282
984	50000.0	0.8469438699543241
985	50000.0	0.871310522276978
986	50000.0	0.7725106045177836
987	50000.0	1.0547038283094885
988	50000.0	1.1120995054083544
989	50000.0	1.1956442378595373
990	50000.0	1.0687546174047688
991	50000.0	0.7861981578385057
992	50000.0	0.9184216477887703
993	50000.0	1.059715737046888
994	50000.0	1.0687546174047688
995	50000.0	0.7167541505238093
996	50000.0	0.9006847993646394
997	50000.0	1.0223218967562144
998	50000.0	0.8223454605329522
999	50000.0	1.0488455355533877
1000	50000.0	1.1335377312570216
1001	50000.0	1.2603419479728566
1002	50000.0	0.6722404286098976
1003	50000.0	1.5248217731089593
1004	50000.0	1.2027105506964935
1005	50000.0	1.249624234933218
1006	50000.0	1.7097378372091625
1007	50000.0	1.7628269618096843
1008	50000.0	1.2750420117164118
1009	50000.0	2.0274465085978433
1010	49062.0	0.9440879235778183
1011	50000.0	1.3720444834370185
1012	50000.0	1.9717341679094553
1013	50000.0	1.899192895730724
1014	50000.0	1.46200441581836
1015	49282.8	8.499474312496e-05
1016	49707.6	0.8789505817597327
1017	49946.4	2.002796061775342e-05
1018	50000.0	1.4265173807057794
1019	50000.0	0.42668559874555123
1020	50000.0	1.0755887227650347
1021	50000.0	1.0684556097337423
1022	50000.0	0.4636289314425559
1023	50000.0	1.0978995808869456
1024	50000.0	1.5116674437832456
1025	50000.0	0.06938117845746355
1026	45061.2	1.1581745893217295
1027	50000.0	0.33945958364666307
1028	50000.0	2.487997839837021
1029	50000.0	0.5021906555481009
1030	50000.0	0.4826542614476625
1031	50000.0	0.8949448390249362
1032	50000.0	1.6830256184352195
1033	50000.0	0.3854947012364633
1034	50000.0	1.5987448351307314
1035	50000.0	0.12604153506964993
1036	50000.0	8.321414318099926e-05
1037	50000.0	0.6429317168828977
1038	45864.0	6.912362341161093e-05
1039	50000.0	1.8451631374453488
1040	50000.0	0.38410371659384934
1041	50000.0	1.443306222450922
1042	50000.0	0.9943839511092138
1043	50000.0	1.632494440643688
1044	50000.0	0.6569575250094164
1045	50000.0	1.3304309163596273
1046	50000.0	4.3412388608048915e-05
1047	50000.0	1.1382218026640243
1048	50000.0	0.32089081943385483
1049	50000.0	2.0229688628090274
1050	50000.0	1.5405546334995468
1051	50000.0	0.0010268643404967538
1052	50000.0	0.0046715563213825416
1053	50000.0	0.5391638762558718
1054	50000.0	0.7998337242138313
1055	50000.0	0.26738028693049737
1056	50000.0	1.0722205381891743
1057	50000.0	0.0018923728558789214
1058	50000.0	0.8783102553432164
1059	50000.0	0.5881980782438271
1060	50000.0	0.4153227598642729
1061	50000.0	2.745497177675879
1062	50000.0	1.125525100142167
1063	50000.0	1.126637631644503
1064	50000.0	0.8624568339886839
1065	50000.0	0.7881213357635684
1066	50000.0	1.291328513027611
1067	50000.0	2.0769694771194014
1068	50000.0	0.3400791905904493
1069	50000.0	0.2797549831259873
1070	50000.0	0.2614857469431537
1071	50000.0	2.464324354802448
1072	50000.0	1.2918683454622546
1073	50000.0	1.5392149398992432
1074	50000.0	1.3170340071991546
1075	50000.0	1.0677405254359047
1076	50000.0	2.0864209621131122
1077	50000.0	0.1968393810007582
1078	50000.0	0.0005721697372095874
1079	50000.0	0.5881036503267322
1080	50000.0	1.1730589630713517
1081	50000.0	0.7846332641195041
1082	50000.0	0.8680065804139516
1083	50000.0	0.0004755382324582837
1084	50000.0	2.4756063114413647
1085	50000.0	0.73190568555772
1086	50000.0	0.981508163541194
1087	50000.0	0.6277208397401602
1088	50000.0	0.5633069985605359
1089	50000.0	1.1218152364045797
1090	50000.0	1.56069998196091
1091	50000.0	0.07199789690852498
1092	50000.0	2.367378205542074
1093	50000.0	0.4922488833352522
1094	50000.0	0.9400399370178294
1095	50000.0	0.003867346778937309
1096	50000.0	0.7826113196473373
1097	50000.0	0.14624737590774478
1098	50000.0	0.00016048525687473533
1099	50000.0	1.2410848481924595
1100	50000.0	1.7141257394514668
1101	50000.0	1.2195180834772383
1102	50000.0	1.3492455445722675
1103	50000.0	1.2536790189508895
1104	50000.0	1.5217812859922855
1105	50000.0	1.3210821402374795
1106	50000.0	1.4529632570534496
1107	50000.0	1.7726381262473936
1108	50000.0	1.2409592386103845
1109	50000.0	1.3432929119346055
1110	50000.0	1.3732099377799405
1111	50000.0	1.748379845658501
1112	50000.0	1.2351718251185542
1113	50000.0	1.4745574118792424
1114	50000.0	1.4198123229937152
1115	50000.0	1.3861743824490358
1116	50000.0	1.7444581435336741
1117	50000.0	1.4993140136748122
1118	50000.0	1.5492344223716046
1119	50000.0	1.5269503889084213
1120	50000.0	1.1808281138668766
1121	50000.0	1.3231633636961466
1122	50000.0	1.4840907047300873
1123	50000.0	1.0951276640504666
1124	50000.0	1.4587707938560952
1125	50000.0	1.792551369671266
1126	50000.0	1.5455522204296546
1127	50000.0	1.5034155472136852
1128	50000.0	1.2653092947435356
1129	50000.0	1.3747692078781366
1130	50000.0	1.3849344247923958
1131	50000.0	1.493893809143389
1132	50000.0	1.4542072913170672
1133	50000.0	1.7888410337790137
1134	50000.0	1.0310086990926184
1135	50000.0	1.386651904027741
1136	50000.0	1.1577269942501314
1137	50000.0	1.5443692541900707
1138	50000.0	1.31177665943003
1139	50000.0	1.4349886582842872
1140	50000.0	1.4182128303423274
1141	50000.0	1.546043986112004
1142	50000.0	1.4375046151010895
1143	50000.0	1.2469212276495045
1144	50000.0	1.7041481626244164
1145	50000.0	1.3583886277305397
1146	50000.0	1.6775280290264956
1147	50000.0	1.4825336432926821
1148	50000.0	1.6493254997778202
1149	50000.0	1.3877373989390436
1150	50000.0	9.988958924120997
1151	50000.0	10.92430666635638
1152	50000.0	7.730058358502586
1153	50000.0	5.972216096639433
1154	50000.0	11.775023362194593
1155	50000.0	6.932318691477306
1156	50000.0	7.347243780387606
1157	50000.0	10.794788070491828
1158	50000.0	8.382675734356486
1159	50000.0	9.887594183375345
1160	50000.0	9.584661611530652
1161	50000.0	9.895129253026319
1162	50000.0	11.065060807213142
1163	50000.0	7.252298129533043
1164	50000.0	8.539657526061148
1165	50000.0	7.226629578495211
1166	50000.0	6.876910974614475
1167	50000.0	5.872112944370338
1168	50000.0	11.29793986654032
1169	50000.0	8.629417389245765
1170	50000.0	8.482782197785635
1171	50000.0	7.028948479673716
1172	50000.0	4.581154044810223
1173	50000.0	11.532011801962614
1174	50000.0	9.984846449296004
1175	50000.0	9.760076019084455
1176	50000.0	6.214067396221061
1177	50000.0	7.279616809927336
1178	50000.0	8.770276490611286
1179	50000.0	5.137015705725206
1180	50000.0	10.330650210611319
1181	50000.0	11.234512016907507
1182	50000.0	6.159123180636749
1183	50000.0	10.673154864504566
1184	50000.0	5.219666281919873
1185	50000.0	9.316977479540935
1186	50000.0	10.691330600949668
1187	50000.0	12.703564874809242
1188	50000.0	8.805179072019376
1189	50000.0	7.0947172573761765
1190	50000.0	7.226119927477326
1191	50000.0	10.129468991831839
1192	50000.0	5.886999897246946
1193	50000.0	8.038839388130622
1194	50000.0	11.975910923319146
1195	50000.0	9.678002205046866
1196	50000.0	5.785420259471615
1197	50000.0	7.150369965396068
1198	50000.0	10.562029399196993
1199	50000.0	8.62132161883962
