	0	1
0	539.7	7.12982098087597e-09
1	526.0	6.8842788676733286e-09
2	572.8	5.2702165427467665e-09
3	558.7	7.146370306170512e-09
4	555.4	5.659507270599047e-09
5	554.3	7.022181764587389e-09
6	530.7	7.085955523847735e-09
7	489.3	7.103595600136049e-09
8	560.7	6.395329270469751e-09
9	542.4	5.785610589553725e-09
10	539.0	5.686538655176702e-09
11	557.6	5.081992285759542e-09
12	556.8	6.195329196991715e-09
13	559.5	6.279831732995788e-09
14	522.6	7.075460593057019e-09
15	557.2	7.186947904759534e-09
16	531.7	7.32904881508344e-09
17	583.9	6.392471479893148e-09
18	560.8	7.219492951641836e-09
19	528.0	6.5833269500330675e-09
20	571.3	6.112322449177873e-09
21	535.9	6.396269686052464e-09
22	540.7	5.79234957394221e-09
23	541.5	5.543573054983043e-09
24	540.3	6.854014799358576e-09
25	550.8	6.4072983347873006e-09
26	559.7	7.659284511914998e-09
27	543.6	5.627350625533175e-09
28	548.1	6.726428214978741e-09
29	516.2	6.5978685638310315e-09
30	505.6	7.749411486016764e-09
31	559.2	6.610447426772892e-09
32	565.5	5.99610607428967e-09
33	551.4	5.98262570372813e-09
34	547.2	8.102768286310972e-09
35	518.2	7.285530130855642e-09
36	523.2	7.1913377035898975e-09
37	551.6	7.638369533964449e-09
38	538.6	7.339342254435256e-09
39	520.5	7.05610821563748e-09
40	567.4	6.172131815845925e-09
41	561.2	7.306713100775536e-09
42	559.1	6.559789653454092e-09
43	567.6	6.947877899131311e-09
44	570.5	6.304782687107784e-09
45	568.9	6.61488302332545e-09
46	542.9	5.5436043577099275e-09
47	529.7	6.2463352288028064e-09
48	520.7	6.72529672840692e-09
49	575.2	5.800107326588942e-09
50	2146.2	6.703233444635927e-09
51	1995.4	6.222099429037783e-09
52	1935.7	7.090751322166575e-09
53	2821.4	7.1437726604485746e-09
54	2243.1	6.7896168637503244e-09
55	1905.7	7.637122531392069e-09
56	2184.4	6.64229513035407e-09
57	2830.9	5.665423076736707e-09
58	2090.0	5.781996408369111e-09
59	2120.8	6.247774804696046e-09
60	2111.9	5.9624080713949414e-09
61	2570.9	5.674300544221302e-09
62	2167.3	4.467532553630711e-09
63	2154.8	5.553699203865752e-09
64	2152.5	5.992097445544743e-09
65	2421.4	5.78455939994295e-09
66	2114.4	5.334738712542065e-09
67	2078.4	6.2306275243928805e-09
68	2169.1	6.570255935985855e-09
69	2256.9	7.372132766452102e-09
70	2020.3	7.771691462682788e-09
71	2581.7	6.345671248532592e-09
72	2060.1	6.19348060698426e-09
73	2050.2	6.271824820689381e-09
74	2129.0	5.753368941996036e-09
75	2086.2	6.266322568518453e-09
76	2214.5	6.1347611257705795e-09
77	2149.2	6.786232559615665e-09
78	2193.4	4.395298129740017e-09
79	2093.4	6.913552439007041e-09
80	1947.0	6.1756269873656735e-09
81	1970.5	6.466687301735449e-09
82	2050.4	6.435325978833597e-09
83	1935.6	6.0948261351973955e-09
84	2379.3	6.793510423749029e-09
85	2151.1	6.742673390168793e-09
86	2400.2	7.870564009501726e-09
87	2122.7	6.447767483635518e-09
88	1931.4	6.458630757286205e-09
89	2558.7	5.545709402059679e-09
90	1923.3	7.247480289435132e-09
91	1904.0	6.186451159092807e-09
92	2303.5	6.904526657504813e-09
93	2134.8	5.185370763526461e-09
94	1936.3	6.2505571218464615e-09
95	2091.2	6.932510528285746e-09
96	2216.7	5.838042540699776e-09
97	2028.6	5.601789621660442e-09
98	2080.7	5.475031639378992e-09
99	1965.6	6.149743922404661e-09
100	50000.0	6.206688148330638
101	50000.0	11.059885442814625
102	50000.0	7.19976252475993
103	50000.0	7.254560154407498
104	50000.0	7.725291993095302
105	50000.0	9.194310258994447
106	50000.0	8.728858891549553
107	50000.0	10.10476616254488
108	50000.0	5.6932903100554455
109	50000.0	7.324184675499334
110	50000.0	8.608010899438405
111	50000.0	6.860910811069816
112	50000.0	6.367660483231887
113	50000.0	11.48751327475738
114	50000.0	8.805916246965126
115	50000.0	8.776329430821066
116	50000.0	9.53684846525014
117	50000.0	6.248803412091572
118	50000.0	4.626419171272224
119	50000.0	7.296341969922691
120	50000.0	6.2297713899119
121	50000.0	4.2055720207292815
122	50000.0	9.69691486250665
123	50000.0	11.557719612276166
124	50000.0	5.194305473605922
125	50000.0	5.93026087756492
126	50000.0	8.72589049328971
127	50000.0	5.335785182215335
128	50000.0	8.748472690824164
129	50000.0	7.230671724628695
130	50000.0	5.5007968605857975
131	50000.0	5.499246437710298
132	50000.0	7.1994594441665285
133	50000.0	12.457280699899318
134	50000.0	7.363637590514438
135	50000.0	8.77966809753938
136	50000.0	8.711378306605388
137	50000.0	9.003263038689022
138	50000.0	10.824534695002983
139	50000.0	12.973603013080204
140	50000.0	8.291145380464009
141	50000.0	7.331037304657405
142	50000.0	7.046873936731204
143	50000.0	6.272336407833233
144	50000.0	7.947138916642155
145	50000.0	5.358963793842765
146	50000.0	9.247678950825685
147	50000.0	7.735393784771245
148	50000.0	5.719069774431207
149	50000.0	5.341822822286982
150	50000.0	7.76373144757685
151	50000.0	9.357001791166024
152	50000.0	10.944765703065318
153	50000.0	7.651129910253081
154	50000.0	11.442005937052517
155	50000.0	9.628841991694836
156	50000.0	9.82949855349691
157	50000.0	10.666922939650556
158	50000.0	8.022655120808672
159	50000.0	12.986014980735941
160	50000.0	9.145662907215126
161	50000.0	15.956418169366055
162	50000.0	8.356851166580213
163	50000.0	9.886131243669302
164	50000.0	11.173067467268067
165	50000.0	10.275993640473398
166	50000.0	9.922770123851862
167	50000.0	7.638519073277143
168	50000.0	6.9025392953480225
169	50000.0	9.080480054008778
170	50000.0	9.575858776644775
171	50000.0	7.246305355376281
172	50000.0	10.106184321109549
173	50000.0	12.155874727673115
174	50000.0	6.047433971449475
175	50000.0	7.3869071252369825
176	50000.0	10.860927237613467
177	50000.0	8.908870356297001
178	50000.0	12.613476038811672
179	50000.0	8.509528119891346
180	50000.0	6.225914444020828
181	50000.0	13.730373256916176
182	50000.0	13.84324026537475
183	50000.0	10.42634147470783
184	50000.0	8.386123641746696
185	50000.0	14.811602557183601
186	50000.0	10.89533838643438
187	50000.0	10.969461394085048
188	50000.0	5.570300279122722
189	50000.0	10.605650807224569
190	50000.0	9.494001389281616
191	50000.0	10.373343126434142
192	50000.0	10.45923544981822
193	50000.0	9.32810316193035
194	50000.0	11.289351554006693
195	50000.0	8.89917167967383
196	50000.0	7.131732413915783
197	50000.0	8.556927098354155
198	50000.0	7.301594931920914
199	50000.0	13.807529855835707
200	172.0	0.0
201	199.0	0.0
202	140.7	0.0
203	167.7	0.0
204	201.4	0.0
205	146.1	0.0
206	142.0	0.0
207	201.4	0.0
208	142.0	0.0
209	181.3	0.0
210	160.7	0.0
211	168.1	0.0
212	219.2	0.0
213	199.0	0.0
214	113.9	0.0
215	143.5	0.0
216	167.7	0.0
217	172.0	0.0
218	143.3	0.0
219	201.4	0.0
220	158.5	0.0
221	179.3	0.0
222	143.3	0.0
223	150.0	0.0
224	177.1	0.0
225	140.5	0.0
226	140.1	0.0
227	201.4	0.0
228	179.3	0.0
229	113.9	0.0
230	140.5	0.0
231	177.8	0.0
232	142.0	0.0
233	197.4	0.0
234	179.3	0.0
235	154.4	0.0
236	116.6	0.0
237	219.2	0.0
238	143.5	0.0
239	150.0	0.0
240	140.7	0.0
241	142.0	0.0
242	181.3	0.0
243	201.4	0.0
244	164.0	0.0
245	143.3	0.0
246	150.0	0.0
247	142.0	0.0
248	173.9	0.0
249	160.7	0.0
250	1426.6	9.83565805592694e-10
251	1645.3	9.997805220980812e-10
252	1416.3	8.979191719951984e-10
253	1324.6	7.996961417028277e-10
254	1442.0	1.0400393392985116e-09
255	1536.8	9.133015979162001e-10
256	1522.7	8.627483393141442e-10
257	1382.4	9.351581667448125e-10
258	1523.3	9.466193507836738e-10
259	1565.3	8.867063953771264e-10
260	1435.0	9.409948992092372e-10
261	1530.2	1.0406128139373831e-09
262	1652.7	9.030315065702978e-10
263	1432.8	9.64750456142497e-10
264	1445.9	6.896201098375099e-10
265	1402.0	1.045288769715923e-09
266	1398.0	8.944650227944248e-10
267	1236.4	7.823473009553842e-10
268	1365.8	9.515162770014378e-10
269	1390.1	8.636413725610302e-10
270	1197.6	9.221402966151002e-10
271	1417.4	8.951166439193213e-10
272	1198.4	7.79218491106329e-10
273	1522.5	9.351406894534935e-10
274	1687.4	6.810444178810907e-10
275	1544.0	9.270532365227667e-10
276	1321.9	8.070700062558886e-10
277	1592.3	1.0276474642939331e-09
278	1671.6	9.199765710959115e-10
279	1443.9	7.721887838488635e-10
280	1324.4	8.826450277340576e-10
281	1385.4	8.602662326764688e-10
282	1513.8	1.0048945159761083e-09
283	1612.5	9.472732370094786e-10
284	1597.8	9.436979960179543e-10
285	1409.6	1.0160836164021521e-09
286	1425.2	8.389028680765775e-10
287	1273.8	7.963540613873424e-10
288	1516.1	9.096839366844927e-10
289	1520.3	1.006370763001985e-09
290	1640.2	9.982540691202162e-10
291	1334.6	9.34411815477857e-10
292	1360.6	9.425980660160896e-10
293	1378.2	8.079625951320401e-10
294	1524.2	8.178931978937769e-10
295	1865.9	1.0990375742509977e-09
296	1300.7	8.802616399489484e-10
297	1296.3	8.159572473409478e-10
298	1474.0	9.467920066543632e-10
299	1312.2	8.981260723695619e-10
300	5085.7	0.0
301	50000.0	92.9400000069911
302	50000.0	35.358300603902954
303	50000.0	3.8200000028706507
304	50000.0	21.75000000391202
305	50000.0	64.81265153622658
306	50000.0	54.070000005581235
307	13480.2	0.0
308	50000.0	22.6300000029728
309	50000.0	15.540000005132715
310	8473.2	0.0
311	50000.0	396.07085730615677
312	50000.0	128.16751539328183
313	28472.2	0.0
314	50000.0	311.01000000568195
315	15707.3	0.0
316	50000.0	29.260000006764024
317	18080.1	0.0
318	50000.0	43.19000000457354
319	50000.0	1000.0948993808555
320	50000.0	290.9700000048329
321	25103.0	0.0
322	6165.2	0.0
323	16583.4	0.0
324	50000.0	412.92000000522813
325	50000.0	216.94000000457635
326	50000.0	117.50000000580437
327	50000.0	53.48000000440557
328	50000.0	7.780540113997695
329	50000.0	72.63084031469334
330	9156.4	0.0
331	50000.0	14.650000004763793
332	25403.0	0.0
333	50000.0	10.210000004203179
334	50000.0	39.060000003479836
335	6165.3	0.0
336	50000.0	263.20000000438006
337	50000.0	14.140000012472214
338	50000.0	42.42000000602399
339	50000.0	2.355680460585337
340	7208.9	0.0
341	25411.1	0.0
342	50000.0	675.0100000036916
343	5235.5	0.0
344	14604.1	0.0
345	8908.4	0.0
346	50000.0	56.82653065417351
347	50000.0	42.13555442257881
348	50000.0	45.790000005829015
349	5729.6	0.0
350	1852.4	5.871238560184599e-09
351	1822.1	6.764644199441767e-09
352	11401.4	0.7861678928157314
353	1741.2	6.5287509792296505e-09
354	1410.2	7.483386781843282e-09
355	6863.4	0.39308394862049656
356	1888.3	6.1928818654245825e-09
357	11104.4	0.7861678917612684
358	1712.0	7.524719525408791e-09
359	11571.9	0.7861678922822121
360	1800.1	5.678666676700632e-09
361	1662.0	7.3050000058273e-09
362	1634.1	6.940599452046228e-09
363	11185.9	0.7861678932086833
364	1522.2	5.197576197879109e-09
365	11216.2	0.7861678916573631
366	1726.7	6.96837264482239e-09
367	1567.9	6.036389706169037e-09
368	1524.8	6.429457786355726e-09
369	11434.0	0.7861678909426073
370	1624.1	6.458206963542747e-09
371	30599.6	2.358503663166027
372	15883.1	1.1792518351382062
373	11547.2	0.7861678926669038
374	30799.4	2.3585036629181815
375	6676.8	0.39308395005585933
376	1723.5	7.52756470151434e-09
377	1787.6	6.538030803510065e-09
378	1756.1	7.59548818023202e-09
379	11648.7	0.7861678916842023
380	6585.2	0.39308394948421477
381	1589.7	5.6090487400872104e-09
382	11378.2	0.7861678903438112
383	16218.4	1.1792518345794227
384	11097.4	0.786167890990457
385	16317.1	1.1792518344106375
386	1764.2	5.93648647610093e-09
387	16176.6	1.179251834267991
388	11645.6	0.7861678925649852
389	1703.5	6.732129019803419e-09
390	21022.1	1.5723357785967802
391	1581.9	7.191383810232461e-09
392	1620.3	6.78736080099719e-09
393	6614.5	0.3930839486293037
394	6236.8	0.3930839491703438
395	6347.1	0.3930839500541629
396	1808.6	4.611406244285886e-09
397	6359.2	0.39308395042248756
398	11528.2	0.7861678917642794
399	6568.5	0.3930839499179277
400	1762.8	6.831471388264703e-09
401	1384.4	6.0301706050915984e-09
402	1394.7	5.600468678465417e-09
403	1353.7	7.015205651180819e-09
404	1151.9	5.997628281643278e-09
405	1723.5	5.475507493301789e-09
406	1636.9	6.354680292888827e-09
407	6553.6	0.3930839485325861
408	1104.2	6.305334575918746e-09
409	1100.6	6.501308911693447e-09
410	1348.8	7.057942264379857e-09
411	1581.7	6.807362293154434e-09
412	1457.3	6.403982349951377e-09
413	1483.0	6.354840403040188e-09
414	1637.5	7.068049558786788e-09
415	11124.6	0.7861678923597425
416	1485.7	5.302980480373246e-09
417	1281.5	8.027067695181641e-09
418	1607.1	7.924323129665381e-09
419	16168.2	1.1792518339978024
420	1450.0	6.613911835548779e-09
421	1575.6	7.185648653974093e-09
422	6585.7	0.3930839499453589
423	1252.6	6.615860225030994e-09
424	16020.8	1.1792518349617325
425	6613.5	0.39308394931622365
426	1625.9	5.924617668089015e-09
427	1160.5	6.601596161867973e-09
428	1557.4	6.917428887095237e-09
429	1523.7	5.928005735294287e-09
430	6621.1	0.39308395011818553
431	1349.3	7.811343023998197e-09
432	6297.7	0.3930839494336066
433	1730.2	6.413998894791408e-09
434	1529.6	7.4180881037415776e-09
435	1391.9	6.171004802007005e-09
436	1609.8	6.632402515610032e-09
437	1697.9	5.899816953715941e-09
438	1505.9	6.478252863722932e-09
439	6612.2	0.39308394912171957
440	1508.8	8.1593925143204e-09
441	1496.6	6.4329022471176816e-09
442	1470.5	5.9651926676883105e-09
443	6517.4	0.3930839482253168
444	1389.0	6.569817778857272e-09
445	11255.1	0.7861678925544658
446	11336.3	0.786167892674612
447	6221.1	0.3930839492474351
448	1474.6	6.656278418407129e-09
449	1166.5	6.2978198459400975e-09
450	2030.6	6.328290765790938e-09
451	2115.0	6.5154433373883865e-09
452	2111.7	6.24285584628925e-09
453	1849.8	5.318869930174246e-09
454	2924.8	7.050963210828726e-09
455	2234.8	6.670220998252655e-09
456	2050.5	6.91315765119958e-09
457	4538.1	5.851242529010682e-09
458	2150.5	7.213543420391809e-09
459	2009.4	6.285481554906133e-09
460	2247.3	5.600054942277507e-09
461	2075.3	7.484159671044077e-09
462	1825.6	5.2256882914465395e-09
463	2044.0	5.569355117971613e-09
464	1823.5	6.587032282907696e-09
465	2192.8	5.8130543247129535e-09
466	1935.1	7.0203288411815465e-09
467	2271.8	6.554445395783121e-09
468	1867.0	6.222136056233572e-09
469	3211.4	5.806182528611455e-09
470	1872.7	6.993238465352733e-09
471	2054.5	5.4704747571793606e-09
472	2130.2	6.820810243752755e-09
473	1854.1	5.416495347370461e-09
474	2084.3	6.476361428064548e-09
475	2116.0	6.036748116539266e-09
476	2174.9	7.538941152719086e-09
477	3933.3	7.224955081577631e-09
478	2085.9	6.107520795934506e-09
479	2028.9	5.344596955369736e-09
480	2317.0	7.581471322081479e-09
481	2167.2	6.067423071520863e-09
482	2818.3	4.3521832339997275e-09
483	2495.9	5.7433264208307905e-09
484	2031.4	6.78596300530573e-09
485	2728.6	7.240150598917665e-09
486	2440.3	6.647295038781307e-09
487	2077.9	5.3642801100928385e-09
488	2152.1	5.364327757387848e-09
489	2157.9	7.820190708632307e-09
490	2116.8	6.9227112271216905e-09
491	2117.9	6.0080055845671086e-09
492	2419.7	4.143492898953535e-09
493	2214.1	5.601743262120547e-09
494	2129.9	4.713411237352631e-09
495	2443.0	7.166115113115428e-09
496	2068.6	5.85543672493481e-09
497	2196.6	6.03065602612878e-09
498	2104.9	6.785920336892728e-09
499	2242.2	6.644534529273795e-09
500	36115.6	0.0002743199961693815
501	14024.5	2.4235910790399306e-08
502	7870.0	8.651638445231429e-07
503	13817.2	2.3238206580224623e-06
504	7753.6	1.0695256790805738e-06
505	16910.1	7.723304018558026e-06
506	17033.0	0.00027740282438879144
507	22343.5	5.5953057617151865e-05
508	16999.6	0.0804485679222293
509	21629.9	0.00015283764930144303
510	17905.0	3.746316827333861e-05
511	31451.9	8.007558153134827e-05
512	36128.4	0.0003186907694533553
513	22464.6	0.0003983669187797081
514	3069.0	4.996126056412651e-09
515	17934.7	1.3641063666154079e-05
516	12272.3	9.483369984466971e-07
517	16129.7	6.2643510447019e-05
518	35332.1	8.933758629640626e-06
519	26920.5	0.0040768986816207605
520	17485.6	4.447796060676117e-05
521	12459.9	1.965143500809518e-06
522	17181.4	1.9762853127218416e-06
523	7388.7	5.419044961946589e-06
524	32705.8	0.00010316858399302318
525	23488.7	0.0004714863569483493
526	32401.7	0.0002220189629380592
527	8182.4	2.9041553212819962e-08
528	7099.7	6.706346595412265e-09
529	17271.1	5.1272509633793735e-06
530	13732.4	6.068717246408278e-08
531	7453.9	1.411661771554386e-07
532	24047.4	1.110933857828856e-05
533	12186.3	1.4710345861133873e-07
534	12142.3	0.0009750484426146813
535	17498.9	0.05309292924850671
536	16960.4	1.2932540953162263e-07
537	16896.0	3.0206439677636145e-05
538	16951.7	3.2596100534833e-06
539	37828.0	8.351840287828181e-05
540	16938.9	0.09486310068754318
541	22715.8	7.017720425100225e-05
542	3047.5	7.5440149218235e-09
543	35379.1	2.694811853737577e-05
544	34815.3	2.3181625965027127e-05
545	35793.8	5.176808815025823e-05
546	17751.1	5.691911481289348e-06
547	8080.8	5.653606633123841e-07
548	21958.1	1.1254059799152215e-05
549	12791.5	8.631685746458178e-06
550	4256.0	9.047404433096649e-09
551	4327.6	8.125316552913041e-09
552	2965.7	7.375472936119826e-09
553	11950.5	3.1898926804409584e-06
554	2874.2	7.76412671365814e-09
555	2338.1	7.574709574582667e-09
556	26808.9	0.00013764143268773761
557	2237.3	6.2628998657708675e-09
558	41458.7	3.478338405434304e-06
559	24751.5	1.2668245669264267e-05
560	2487.9	6.803729774748607e-09
561	50000.0	0.00017664200217039306
562	2025.4	7.42017664920891e-09
563	1793.6	6.56095589778494e-09
564	45574.5	6.811462083480122e-05
565	37854.1	7.794758898718993e-05
566	23408.6	1.1995061223809737e-07
567	19155.3	1.3146207989792872e-05
568	13106.1	8.393733254252672e-09
569	18202.3	2.0644511177854866e-08
570	14654.9	1.7401670206056833e-06
571	35606.9	4.210804195315159e-05
572	13490.6	2.058079498432804e-06
573	50000.0	0.001700947578094571
574	7050.2	7.637441923741878e-09
575	5727.8	8.2490252041094e-09
576	3107.6	8.173044684142517e-09
577	1818.0	6.364342894190549e-09
578	35235.1	3.054298887714996e-05
579	24237.0	0.00010394404418422555
580	50000.0	4.5147366654317706e-05
581	32268.4	9.235799685675779e-07
582	39094.2	7.552030588155102e-08
583	11168.6	1.4542809249473835e-06
584	3028.5	7.503343130630349e-09
585	18366.6	1.7662860857162492e-07
586	38669.7	4.180457294761e-08
587	3388.3	7.177095223988661e-09
588	41525.6	3.7507979722816922e-06
589	37605.3	1.7518526620804172e-06
590	25184.6	1.1444804474976246e-07
591	24918.3	3.989424231035783e-08
592	1918.2	7.547378712921497e-09
593	29765.9	2.9653780812868323e-07
594	3134.0	7.651852972970006e-09
595	1776.5	6.544252204669478e-09
596	18421.6	5.737891366558805e-08
597	16260.5	5.061939833392727e-08
598	9501.3	3.491873397389116e-06
599	2988.4	7.892680149574574e-09
600	31406.4	0.4447948149475872
601	17462.9	0.024506168135494343
602	22052.9	0.15164784190380864
603	12687.7	0.31275610798845216
604	35994.6	0.08731194069613635
605	17139.5	0.013801908841036542
606	31323.4	0.03191203488018853
607	35957.5	0.02818113604929009
608	21823.5	6.934962542058147e-07
609	31468.9	0.0033799705357334545
610	17514.2	1.2137589609933233e-05
611	12557.6	5.024993912540623e-08
612	7939.4	0.07852869018751782
613	16831.9	4.261880306986741e-08
614	45318.1	0.00784180754110694
615	26869.7	0.6385924480220301
616	21074.6	0.028970200835073946
617	17024.9	2.027787216826667e-05
618	36080.4	0.2654526557395997
619	45403.3	0.38256602120312533
620	31293.9	0.09252289313030747
621	31431.7	0.008633483546423041
622	12624.2	5.3635418714624216e-05
623	45339.5	0.6672856280518811
624	26747.1	0.008705199110654743
625	12427.4	0.00042364466981018354
626	36072.4	0.07885567512301182
627	36067.4	0.1627739983857123
628	45256.7	0.014453189953474176
629	45423.6	0.4351938397713363
630	40666.8	0.28769387190283513
631	7776.6	0.035018866137490647
632	50000.0	0.17559226445285137
633	12465.9	2.521234582288007e-08
634	26572.7	0.004778138821195554
635	26690.2	1.598395608173437e-05
636	22093.3	0.0056702616914465825
637	31443.0	0.3361037947143361
638	26697.5	0.3245340872840893
639	26670.2	0.021790962686569264
640	12642.2	3.929014529277673e-08
641	36091.1	0.13329068835203703
642	17390.8	7.059652283830525e-06
643	17383.9	1.2517314682006729e-08
644	21953.4	0.005122133538765537
645	35857.9	0.3494228118107818
646	31424.0	0.261738403869678
647	22012.5	7.88233547002081e-07
648	22028.4	0.3256324950842565
649	17014.0	0.012207080677961033
650	2301.2	8.821328225998939e-09
651	2335.7	8.815428328199365e-09
652	2378.1	9.098688313586745e-09
653	2256.8	8.926735355217937e-09
654	2579.2	8.362957099704273e-09
655	2331.3	7.855739955457653e-09
656	2603.6	8.382194510231828e-09
657	2324.5	8.904670732305579e-09
658	2328.1	8.764372492342512e-09
659	2392.3	9.073219079394398e-09
660	2458.8	8.88584460811075e-09
661	2297.3	8.526937812295897e-09
662	2313.7	8.395584361188978e-09
663	2365.7	8.908156242519154e-09
664	2255.0	9.147196426778398e-09
665	2251.1	8.769168904548444e-09
666	2415.5	8.680249794380822e-09
667	2138.5	8.751022014055554e-09
668	2357.2	9.258550419577816e-09
669	2721.1	8.656230537009441e-09
670	2363.8	8.622000877024696e-09
671	2262.1	8.283385693516376e-09
672	2338.4	8.274725653013087e-09
673	2272.7	9.230800620530506e-09
674	2380.3	9.25416171478873e-09
675	2216.9	9.573196667593208e-09
676	2325.9	8.411193513453364e-09
677	2322.0	8.953694518038224e-09
678	2349.7	8.212799251822674e-09
679	2498.8	9.118300249133508e-09
680	2215.0	8.487921038336299e-09
681	2221.9	7.563660993340586e-09
682	2420.3	8.737777411732841e-09
683	2435.4	8.782372505505585e-09
684	2202.3	7.847371352719099e-09
685	2494.4	8.581330444208714e-09
686	2375.1	8.736704949349489e-09
687	2304.1	8.957185671984802e-09
688	2472.8	8.55244220799004e-09
689	2353.2	8.986866948588957e-09
690	2451.6	9.227985065409952e-09
691	2402.8	8.193638166084014e-09
692	2365.9	8.819814619194874e-09
693	2295.1	8.380362454844225e-09
694	2330.3	8.816698829877068e-09
695	2450.1	8.162367570830545e-09
696	2180.1	7.990548004829339e-09
697	2367.3	8.70897425480634e-09
698	2492.1	7.976474030571922e-09
699	2416.9	8.477026905912569e-09
700	45081.3	4.570228599809427
701	50000.0	7.4984456904197945
702	50000.0	8.63205402471641
703	50000.0	6.309109576888025
704	50000.0	10.297013679063266
705	50000.0	6.552056018168753
706	50000.0	5.456104816209933
707	50000.0	5.34540335656755
708	50000.0	7.325362342959676
709	50000.0	6.165711421948137
710	50000.0	7.9180563713774585
711	50000.0	4.559389803229969
712	50000.0	6.554127368345536
713	50000.0	4.411615444773803
714	50000.0	5.045655827317605
715	50000.0	5.7167538433681555
716	50000.0	9.028423095579386
717	50000.0	5.251190759541116
718	50000.0	5.696055468169446
719	50000.0	4.723079089332427
720	50000.0	5.224739359185712
721	50000.0	6.062175453114078
722	50000.0	3.5553088015160705
723	50000.0	8.059159289837499
724	50000.0	5.756020235961836
725	50000.0	4.5873677301127165
726	50000.0	5.80841487000191
727	50000.0	5.558907825147403
728	50000.0	5.8256307810870975
729	50000.0	5.364963787073884
730	50000.0	4.899131798322084
731	50000.0	4.190648187280937
732	50000.0	8.219390111090544
733	50000.0	6.765716550415301
734	50000.0	6.284274487767689
735	50000.0	8.963893751752437
736	50000.0	6.623264800976692
737	50000.0	5.4182429752653904
738	50000.0	4.377817332300993
739	50000.0	7.031460155272795
740	50000.0	4.8890888840678155
741	50000.0	6.553490516314684
742	50000.0	4.435758324376147
743	50000.0	6.8702243063479
744	50000.0	6.021740948526322
745	50000.0	7.66708482830119
746	50000.0	9.14250916964171
747	50000.0	6.777323360093932
748	50000.0	9.097280327240016
749	50000.0	7.131420225325364
750	50000.0	4.219911581533661
751	50000.0	4.662448965401434
752	50000.0	5.126825982913852
753	50000.0	3.21432197306531
754	50000.0	7.191704295787811
755	50000.0	4.971839953926563
756	50000.0	3.8556491428198827
757	50000.0	3.056271764663779
758	50000.0	3.5618917518719106
759	50000.0	2.574066431806109
760	50000.0	3.858083416222496
761	50000.0	4.997302218610739
762	50000.0	2.2227054940428324
763	50000.0	5.327000178473515
764	50000.0	5.089971592610159
765	50000.0	2.9490131648550846
766	50000.0	3.6965121819996085
767	50000.0	5.840896085412004
768	50000.0	4.753049699690665
769	50000.0	4.699172219131528
770	50000.0	5.47637299240858
771	50000.0	3.4308484616562582
772	50000.0	3.5492763117241304
773	50000.0	2.099584503752896
774	50000.0	6.30398755136743
775	50000.0	3.259636708850306
776	50000.0	5.140214923135295
777	50000.0	2.8324523146637226
778	50000.0	2.5131794023167866
779	50000.0	5.411672975705292
780	50000.0	4.523744834954721
781	50000.0	5.0049396041849885
782	50000.0	4.773485577701322
783	50000.0	4.144922059174516
784	50000.0	4.2106094696398815
785	50000.0	6.159730460156667
786	50000.0	3.027514786689811
787	50000.0	4.917562856405496
788	50000.0	4.136032958256735
789	50000.0	4.316160809472696
790	50000.0	5.336592676104052
791	50000.0	1.729100454196645
792	50000.0	5.012686455585353
793	50000.0	2.1251690192418726
794	50000.0	4.453140318410448
795	50000.0	4.033962193943026
796	50000.0	6.247930552406521
797	50000.0	4.3873038524529075
798	50000.0	4.894009795312378
799	50000.0	3.122054020451052
800	50000.0	5.371769677869473
801	50000.0	6.8125771669446475
802	50000.0	3.171045595456502
803	50000.0	6.575959852537548
804	50000.0	12.426293549697984
805	50000.0	5.923210994010816
806	50000.0	5.203129237752137
807	50000.0	6.206885125207207
808	50000.0	7.523992158479058
809	50000.0	14.922342922473808
810	50000.0	7.672011915358754
811	50000.0	9.302353381161613
812	50000.0	8.678713104399773
813	50000.0	9.326015296681618
814	50000.0	9.319259913057355
815	50000.0	7.457676619873648
816	50000.0	16.46884375213214
817	50000.0	8.657771084485777
818	50000.0	8.902933371735795
819	50000.0	10.015416071492767
820	50000.0	6.336030494270847
821	50000.0	9.279332909904046
822	50000.0	6.777517411745464
823	50000.0	2.8156493314267173
824	50000.0	7.032291210706527
825	50000.0	7.408153720940703
826	50000.0	7.573844565568433
827	50000.0	3.4461004787616822
828	50000.0	6.5302580713540435
829	50000.0	4.1315864915270755
830	50000.0	5.639115915445613
831	50000.0	7.675707586329571
832	50000.0	4.755464260348001
833	50000.0	4.5656135859962905
834	50000.0	2.2642506956781885
835	50000.0	3.296351495828946
836	50000.0	9.321697029434725
837	50000.0	4.6595952508264435
838	50000.0	14.044819357084156
839	50000.0	3.1113609751674263
840	50000.0	6.05668029073353
841	50000.0	5.261303005057581
842	50000.0	7.791772433369795
843	50000.0	4.759557633346498
844	50000.0	6.07996571512569
845	50000.0	14.207697844791436
846	50000.0	8.999976972111199
847	50000.0	7.013603061308932
848	50000.0	6.765984730792762
849	50000.0	6.608209178523682
850	50000.0	21.83758603767869
851	50000.0	28.984758700802313
852	50000.0	9.121516896624124
853	50000.0	26.659292958161906
854	50000.0	36.87909545622684
855	50000.0	20.459274640010577
856	50000.0	22.196475492919497
857	50000.0	27.25434283867147
858	50000.0	31.793888561519406
859	50000.0	57.166527902505564
860	50000.0	26.703344431014756
861	50000.0	37.02518961164222
862	50000.0	23.060748676806703
863	50000.0	27.462814833294164
864	50000.0	34.925636826597874
865	50000.0	21.940724582157525
866	50000.0	54.94591383430112
867	50000.0	25.794171102618055
868	50000.0	25.555565174555106
869	50000.0	21.68569696493706
870	50000.0	30.554908849710564
871	50000.0	36.749263188220866
872	50000.0	15.863615245139997
873	50000.0	12.141719123309876
874	50000.0	20.288381528138125
875	50000.0	16.780727543972624
876	50000.0	13.908182293671004
877	50000.0	10.866934641229765
878	50000.0	27.90735093444103
879	50000.0	12.677615693586763
880	50000.0	20.272883618117465
881	50000.0	29.943408925832337
882	50000.0	19.926275599866088
883	50000.0	11.818339074065637
884	50000.0	9.021035547632362
885	50000.0	12.384413704342718
886	50000.0	31.30451760932313
887	50000.0	18.768331188219598
888	50000.0	45.45711461936426
889	50000.0	14.581920463867908
890	50000.0	16.629769447306103
891	50000.0	23.753935993342967
892	50000.0	20.624965879293303
893	50000.0	18.39452433140317
894	50000.0	26.663769120227904
895	50000.0	48.63004209437881
896	50000.0	26.33882850355649
897	50000.0	24.367895762889216
898	50000.0	19.96406355861452
899	50000.0	22.127036404270257
900	50000.0	0.10538369918809778
901	50000.0	0.18278556369181231
902	50000.0	0.15109217360057148
903	50000.0	0.16322130561213283
904	50000.0	0.16074545895825149
905	50000.0	0.1319585339483913
906	50000.0	0.17999221085562614
907	50000.0	0.2377745088280486
908	50000.0	0.17248020127762534
909	50000.0	0.14024816340144303
910	50000.0	0.1941874668200038
911	50000.0	0.17902816334965888
912	50000.0	0.2159339386356054
913	50000.0	0.15884248498814593
914	50000.0	0.2583185573760961
915	50000.0	0.18677659983090003
916	50000.0	0.21305968831144712
917	50000.0	0.16260246338067558
918	50000.0	0.18183752154210264
919	50000.0	0.12939485974789022
920	50000.0	0.22456828497753795
921	50000.0	0.31007007081692406
922	50000.0	0.14748173775542633
923	50000.0	0.17238071577274017
924	50000.0	0.1380150187644192
925	50000.0	0.1542164444851574
926	50000.0	0.16955796255187217
927	50000.0	0.21215339593019208
928	50000.0	0.19204357147940582
929	50000.0	0.20574542630025744
930	50000.0	0.09550410143530322
931	50000.0	0.21401007301844377
932	50000.0	0.11282640748312645
933	50000.0	0.16481146620252768
934	50000.0	0.16180776422506024
935	50000.0	0.13369816577446691
936	47682.1	0.20954536127132678
937	50000.0	0.18682578510430742
938	50000.0	0.09583726709510323
939	50000.0	0.18485604736577646
940	50000.0	0.09545882665541043
941	50000.0	0.17782886984495452
942	50000.0	0.1500264676302093
943	50000.0	0.1741679478163956
944	45315.3	0.1342825384399781
945	50000.0	0.15481780829416641
946	50000.0	0.2111411444657369
947	50000.0	0.20550424011250729
948	50000.0	0.16093473702362343
949	50000.0	0.20693750431852517
950	50000.0	1.1651471561473123
951	50000.0	1.305706263918756
952	50000.0	1.2289692323430956
953	50000.0	1.4235714578068364
954	50000.0	1.2377373502736244
955	50000.0	1.2593362271421749
956	50000.0	1.1669423446717213
957	50000.0	1.3752152479029105
958	50000.0	1.2402295112735753
959	50000.0	1.1432939455263527
960	50000.0	1.2262003120955645
961	50000.0	1.3715264572888488
962	50000.0	1.1736654307399643
963	50000.0	1.1871842129798327
964	50000.0	1.5012756799069364
965	50000.0	1.124844637004301
966	50000.0	1.2787713641096006
967	50000.0	1.36179590407778
968	50000.0	1.2402295112735753
969	47666.6	1.0435819141097231
970	50000.0	1.2634273557328513
971	50000.0	1.188201973068919
972	50000.0	1.1972158651558797
973	50000.0	1.437286485689661
974	48516.0	1.0970382113947403
975	50000.0	1.3794146118689945
976	50000.0	1.1953593364495008
977	50000.0	1.4073354337871098
978	50000.0	1.4976111399729266
979	50000.0	1.1531111141374921
980	50000.0	1.490465981079684
981	50000.0	1.391799497731486
982	50000.0	1.2939226932065355
983	50000.0	1.3780627041649747
984	50000.0	1.2002419917744613
985	50000.0	1.2447311059601451
986	50000.0	1.2825006913400991
987	50000.0	1.3376291519427466
988	50000.0	1.1781270739843626
989	50000.0	1.3650565823398577
990	48811.5	0.7260116268974877
991	50000.0	1.350514674546102
992	50000.0	1.2621738922434447
993	50000.0	1.2955233923300695
994	48811.5	0.7260116268974877
995	50000.0	1.2964364350261448
996	50000.0	1.1576748041622529
997	50000.0	1.1500445752294968
998	50000.0	1.1361665752756034
999	50000.0	1.193014724570928
1000	46903.2	1.122070789344391
1001	50000.0	1.1149081789794193
1002	30515.4	1.399520529527063
1003	46579.1	1.1694381455222755
1004	45603.0	1.1770689145797533
1005	50000.0	2.9236692331263123
1006	40652.6	1.2279759664955647
1007	35493.2	0.8352561182397628
1008	38689.1	0.6741669142245519
1009	44313.7	2.244315699251345
1010	37416.4	0.7105195084832997
1011	41118.7	1.6637463354542548
1012	50000.0	1.651068698211399
1013	41461.0	1.9658721818971174
1014	34453.3	0.6503840486746223
1015	421.9	4.087805437916172e-09
1016	46084.8	0.9962044287367153
1017	12520.6	0.15630098927499678
1018	47045.5	1.3954062953757065
1019	44761.9	1.1514258827495456
1020	42717.4	1.7865442161195557
1021	48867.0	1.8295332084205007
1022	26386.2	0.6442816737794296
1023	50000.0	1.4963502660473516
1024	50000.0	1.3583070247650038
1025	15436.6	0.2118634971233247
1026	27682.3	0.19371124897756747
1027	11634.9	0.15630098950583665
1028	33832.2	0.9844334088722555
1029	40083.6	0.9283494707868037
1030	28681.7	0.5121078476493764
1031	50000.0	1.3288070382121695
1032	48864.9	1.574021867446684
1033	29913.1	0.2465506606679769
1034	47325.1	1.7665014511693464
1035	4851.4	4.31561031622596e-09
1036	319.9	4.5644164839131014e-09
1037	50000.0	1.8477548717247256
1038	22389.0	0.49860145257186017
1039	50000.0	1.3455721288542979
1040	38875.3	0.8271462365497465
1041	40842.3	1.2567712789913443
1042	27474.1	1.0747848617130065
1043	50000.0	2.289381992329375
1044	16435.0	0.3797735297465509
1045	48080.9	1.6657155347105603
1046	36499.2	0.7418146223020912
1047	47360.7	0.9962044285637027
1048	8810.7	3.8366040474602935e-09
1049	50000.0	1.5482189135936033
1050	33634.5	1.0103127407886499
1051	941.5	3.127610458826336e-09
1052	50000.0	2.5280157311068363
1053	35188.6	1.2516988233214865
1054	44695.2	2.2803968986361793
1055	33525.8	1.9385160970515045
1056	50000.0	1.6317373705729765
1057	6616.8	3.5968726282890246e-09
1058	40553.2	1.1248926790686111
1059	33338.5	0.23000020877861677
1060	20388.8	0.7819995462414027
1061	47336.4	2.646303591479098
1062	49742.2	0.8752996097813968
1063	46709.9	1.6702173919983152
1064	45476.5	0.733965814846935
1065	35264.0	1.2421850076188115
1066	45253.4	1.1804643211917731
1067	50000.0	1.9755021418134757
1068	48168.6	0.6226712206956534
1069	36360.1	1.752412576449974
1070	19608.2	0.3550004755645874
1071	47116.5	1.643656673767818
1072	6255.3	0.06918569450486953
1073	32948.1	0.7948315092737601
1074	50000.0	2.165407939040446
1075	50000.0	0.8706351983470256
1076	43315.9	4.4596809846794745
1077	18306.1	0.7271629238826194
1078	19256.9	0.18963061286773614
1079	35200.4	1.2202863098952865
1080	34095.4	1.4409937400822748
1081	30333.1	0.4394241077557668
1082	45324.1	0.41051017887696206
1083	6032.9	0.06918569484491209
1084	50000.0	1.3821475523065934
1085	45962.8	1.0054630053107887
1086	50000.0	1.9482663933920683
1087	50000.0	1.1289449657155632
1088	50000.0	0.6703065319460633
1089	25338.0	0.47224265227506423
1090	50000.0	2.5905477300897592
1091	30297.8	0.3928045731993488
1092	50000.0	3.998474039142009
1093	40128.1	0.553485529673256
1094	50000.0	2.3461604917384977
1095	20423.6	0.2465026966499654
1096	45438.3	0.6226712201436586
1097	10849.4	4.614698792717039e-09
1098	16026.0	0.05814738360464168
1099	50000.0	3.31486608692522
1100	50000.0	0.41572272830057966
1101	50000.0	0.6489615291935882
1102	50000.0	0.41947226246811287
1103	50000.0	0.7887432460556701
1104	50000.0	0.4873420871961495
1105	50000.0	0.4654264012180026
1106	50000.0	0.6991015067593294
1107	50000.0	0.529410059106145
1108	50000.0	0.4276994207901398
1109	50000.0	0.3709698216616477
1110	50000.0	0.5941371209556634
1111	50000.0	0.6936465844360183
1112	50000.0	0.5091960121826725
1113	50000.0	0.3267054687899103
1114	50000.0	0.8465619683840423
1115	50000.0	0.23487251454400856
1116	50000.0	0.3794922447881289
1117	50000.0	0.48382203069971563
1118	50000.0	0.4627775294841827
1119	50000.0	0.5613303884005809
1120	50000.0	0.38747093413536693
1121	50000.0	0.6918216570236168
1122	50000.0	0.6573467113991598
1123	50000.0	0.3747663677753204
1124	50000.0	0.7266637652601282
1125	50000.0	0.6440216670057679
1126	50000.0	0.4407564239982615
1127	50000.0	0.3563957891664767
1128	50000.0	0.7588484405382652
1129	50000.0	0.3015086751891236
1130	50000.0	0.4526340509643648
1131	50000.0	0.5507030298511133
1132	50000.0	0.500959041954761
1133	50000.0	0.37093386246485266
1134	50000.0	0.4997145225033611
1135	50000.0	0.5904203714320407
1136	50000.0	0.42247611035531457
1137	50000.0	0.46373740253078094
1138	50000.0	0.5951148465980809
1139	50000.0	0.562292358429666
1140	50000.0	0.33773278577184684
1141	50000.0	0.37238759469408694
1142	50000.0	0.6801131974625875
1143	50000.0	0.5102989710529847
1144	50000.0	0.3589848543829007
1145	50000.0	0.4789900497022456
1146	50000.0	0.5172644021783187
1147	50000.0	0.2929444208800873
1148	50000.0	0.7418444099519859
1149	50000.0	0.42165795526433686
1150	50000.0	16.281932498108795
1151	50000.0	11.606831734065818
1152	50000.0	11.156389675225265
1153	50000.0	7.220373093702618
1154	50000.0	14.04691761767199
1155	50000.0	5.969158480299817
1156	50000.0	7.112092654735609
1157	50000.0	13.086023933946539
1158	50000.0	9.155800843871406
1159	50000.0	12.970622131265353
1160	50000.0	11.030293991404479
1161	50000.0	13.66367262318374
1162	50000.0	12.380126475538477
1163	50000.0	10.678841630247135
1164	50000.0	6.272234863476321
1165	50000.0	6.272373048522438
1166	50000.0	5.964882124703375
1167	50000.0	4.518134275557438
1168	50000.0	13.80261956588087
1169	50000.0	6.076601581511068
1170	50000.0	8.796800785098977
1171	50000.0	9.473711229090494
1172	50000.0	5.587763988242183
1173	50000.0	11.21280519022142
1174	50000.0	14.118256875071456
1175	50000.0	11.38952068051855
1176	50000.0	4.687512976994556
1177	50000.0	6.392935994583009
1178	50000.0	7.308765365413168
1179	50000.0	8.327174638032906
1180	50000.0	12.244575017479864
1181	50000.0	14.521396057871033
1182	50000.0	3.887123030870472
1183	50000.0	16.50382917712781
1184	50000.0	7.306444373157551
1185	50000.0	9.49040687489585
1186	50000.0	11.45438513901253
1187	50000.0	12.604295271450235
1188	50000.0	4.362900466582819
1189	50000.0	11.926718004261994
1190	50000.0	8.128974005365125
1191	50000.0	8.641843717691426
1192	50000.0	4.879213845935442
1193	50000.0	12.137267576333873
1194	50000.0	15.68051807527051
1195	50000.0	8.183146105590225
1196	50000.0	5.015667353538585
1197	50000.0	8.667834341090472
1198	50000.0	13.969591462365637
1199	50000.0	13.508055135597527
