	0	1
0	1602.0	8.095946987736261e-09
1	1590.0	8.333489036950273e-09
2	1636.8	7.866727406772974e-09
3	1605.6	7.505335140235133e-09
4	1569.6	7.937661839275609e-09
5	1602.0	6.223176033612221e-09
6	1575.6	7.725394219944045e-09
7	1546.8	8.362204842841949e-09
8	1584.0	7.681852577420408e-09
9	1603.2	7.114062217745767e-09
10	1610.4	7.598781195247146e-09
11	1592.4	8.119181547755315e-09
12	1582.8	8.329718777788052e-09
13	1657.2	8.901180593617566e-09
14	1554.0	8.0844804582616e-09
15	1616.4	8.523607543511247e-09
16	1605.6	8.13569023028693e-09
17	1599.6	8.223305580056679e-09
18	1656.0	7.940656714615512e-09
19	1604.4	7.359060966857864e-09
20	1640.4	8.092113301297536e-09
21	1525.2	8.487352612336504e-09
22	1629.6	8.427838693716861e-09
23	1544.4	7.755553025495966e-09
24	1605.6	8.156015928345164e-09
25	1600.8	7.853067050671978e-09
26	1621.2	8.450743271445692e-09
27	1629.6	7.62286716223271e-09
28	1676.4	8.268722529344848e-09
29	1542.0	6.8035901364318144e-09
30	1545.6	6.663389387878444e-09
31	1587.6	7.105831544499619e-09
32	1650.0	8.193270414787762e-09
33	1590.0	8.252301571830206e-09
34	1574.4	8.277845317185564e-09
35	1575.6	8.699774042612043e-09
36	1563.6	7.832722600788881e-09
37	1644.0	6.893671027549616e-09
38	1621.2	6.949468790322091e-09
39	1572.0	7.383577575792961e-09
40	1633.2	8.286878615691869e-09
41	1611.6	8.446183326856095e-09
42	1610.4	7.985704000870404e-09
43	1681.2	8.253659417046352e-09
44	1608.0	7.3363035945074904e-09
45	1642.8	7.705454322536254e-09
46	1651.2	7.625820544386484e-09
47	1612.8	8.485093417794936e-09
48	1506.0	8.379506859270308e-09
49	1622.4	7.905762103908963e-09
50	2191.2	7.883876716606177e-09
51	2167.2	8.38460859815083e-09
52	2131.2	8.05034823951427e-09
53	2226.0	7.439990382085306e-09
54	2184.0	7.324535102903981e-09
55	2186.4	7.723271912283662e-09
56	2262.0	7.643675198756019e-09
57	2415.6	8.357932739596512e-09
58	2151.6	8.307044609479656e-09
59	2184.0	7.6952613238148e-09
60	2139.6	8.152677545553543e-09
61	2205.6	8.377406953987298e-09
62	2196.0	8.195019118362233e-09
63	2253.6	8.028005731105106e-09
64	2226.0	7.395711051223024e-09
65	2277.6	7.488271072029871e-09
66	2226.0	8.761247125831063e-09
67	2085.6	7.504541284152804e-09
68	2088.0	8.272975372665181e-09
69	2211.6	8.289757451654894e-09
70	2203.2	8.268989311892125e-09
71	2210.4	7.23419712974838e-09
72	2181.6	8.280398261201646e-09
73	2052.0	7.767872420032021e-09
74	2247.6	7.445356689592354e-09
75	2288.4	7.86909292065576e-09
76	2257.2	7.615650826204838e-09
77	2216.4	8.54473820320625e-09
78	2276.4	8.383651861290448e-09
79	2259.6	7.974331479891283e-09
80	2170.8	8.189473873416447e-09
81	2193.6	7.965412750337449e-09
82	2168.4	7.706318375584194e-09
83	2202.0	7.99962587301769e-09
84	2232.0	8.062029062557392e-09
85	2233.2	7.4483775160409945e-09
86	2288.4	8.375517850961686e-09
87	2228.4	7.600918081350983e-09
88	2116.8	8.49495681279082e-09
89	2305.2	6.305984023830324e-09
90	2072.4	8.279245098996275e-09
91	2197.2	7.648221301607026e-09
92	2235.6	6.854000419957461e-09
93	2252.4	7.068115212069878e-09
94	2190.0	8.039538041514454e-09
95	2287.2	8.033533333693926e-09
96	2184.0	7.797483678172726e-09
97	2146.8	7.827774526464274e-09
98	2203.2	8.369401540299152e-09
99	2152.8	7.856791501921638e-09
100	50000.0	4.6763040418651105
101	50000.0	14.003312648834429
102	50000.0	4.769443897749786
103	50000.0	5.96963299850976
104	50000.0	7.212434079857583
105	50000.0	3.3828587789895637
106	50000.0	7.44043075737994
107	50000.0	6.028857704214424
108	50000.0	6.0489108861092635
109	50000.0	9.666306184244135
110	50000.0	6.990234380064477
111	50000.0	7.210766954062299
112	50000.0	7.3065660628515925
113	50000.0	7.420121784963969
114	50000.0	5.588817877759499
115	45360.0	7.182690109300218
116	50000.0	8.618628609565892
117	50000.0	2.785884856079307
118	50000.0	5.387131471903087
119	50000.0	5.329548026641992
120	50000.0	6.605830769985454
121	50000.0	3.761030482611619
122	50000.0	8.258250605774714
123	50000.0	11.64703239644137
124	50000.0	7.709057741795806
125	50000.0	4.3124429336845145
126	45204.0	6.092598572401654
127	50000.0	4.661203970595531
128	50000.0	9.645643770647135
129	50000.0	6.701390513868823
130	50000.0	4.683016403310717
131	50000.0	10.008222869583122
132	50000.0	6.151455704436822
133	50000.0	9.699186169552828
134	50000.0	7.195788226222092
135	50000.0	8.031354041100972
136	50000.0	6.459400517954654
137	50000.0	4.610893821262398
138	50000.0	5.106339696832875
139	50000.0	12.990136200878155
140	45385.2	7.362176737629733
141	50000.0	5.2732769526677306
142	50000.0	5.208533688619498
143	50000.0	3.681344980228041
144	50000.0	4.512450365602084
145	50000.0	6.867120832287398
146	50000.0	3.8803383075362357
147	50000.0	5.847817562777422
148	50000.0	5.263838374084017
149	50000.0	5.86403668569872
150	50000.0	11.225929797193718
151	50000.0	9.437137050205928
152	50000.0	8.002004286801336
153	50000.0	7.640532846105986
154	50000.0	7.285860163467881
155	50000.0	11.16357961347121
156	50000.0	9.071028544623456
157	50000.0	8.072735163785632
158	50000.0	10.668126039677407
159	50000.0	13.195186914219246
160	50000.0	10.70861821644716
161	50000.0	13.480529838527517
162	50000.0	9.722472058530926
163	50000.0	11.85195271310171
164	50000.0	12.020955779677703
165	50000.0	10.13225684739013
166	50000.0	8.556634779041264
167	50000.0	10.874132299712876
168	50000.0	10.855814441484695
169	50000.0	6.964705838380643
170	50000.0	7.633526130246875
171	50000.0	7.166769269346453
172	50000.0	11.740486569312637
173	50000.0	13.718902905969054
174	50000.0	5.9697508160864325
175	50000.0	6.955355473309586
176	50000.0	10.0120177582589
177	50000.0	9.621667300464603
178	50000.0	9.452099446314751
179	50000.0	9.73640862437674
180	50000.0	11.063653683586951
181	50000.0	13.35497518128822
182	50000.0	7.263194059290494
183	50000.0	11.33986945692826
184	50000.0	9.238581622873342
185	50000.0	14.014314083577926
186	50000.0	8.58482637642546
187	50000.0	10.049070845771649
188	50000.0	5.760827313150332
189	50000.0	9.322650460693538
190	50000.0	12.780854167548096
191	50000.0	9.05411531969553
192	50000.0	7.959662372020564
193	50000.0	10.818660517819001
194	50000.0	10.816734163402417
195	50000.0	6.865204359149142
196	50000.0	8.615678351097378
197	50000.0	6.566722719325199
198	50000.0	11.87898058825215
199	50000.0	12.497026086628484
200	141.6	0.0
201	158.4	0.0
202	171.6	0.0
203	151.2	0.0
204	128.4	0.0
205	129.6	0.0
206	146.4	0.0
207	128.4	0.0
208	166.8	0.0
209	157.2	0.0
210	123.6	0.0
211	134.4	0.0
212	129.6	0.0
213	158.4	0.0
214	186.0	0.0
215	180.0	0.0
216	151.2	0.0
217	141.6	0.0
218	129.6	0.0
219	128.4	0.0
220	159.6	0.0
221	150.0	0.0
222	129.6	0.0
223	133.2	0.0
224	152.4	0.0
225	160.8	0.0
226	184.8	0.0
227	128.4	0.0
228	150.0	0.0
229	186.0	0.0
230	160.8	0.0
231	154.8	0.0
232	146.4	0.0
233	183.6	0.0
234	150.0	0.0
235	152.4	0.0
236	193.2	0.0
237	129.6	0.0
238	180.0	0.0
239	133.2	0.0
240	171.6	0.0
241	166.8	0.0
242	157.2	0.0
243	128.4	0.0
244	152.4	0.0
245	129.6	0.0
246	133.2	0.0
247	166.8	0.0
248	170.4	0.0
249	123.6	0.0
250	2358.0	7.7260221891588e-10
251	2294.4	7.816332540940518e-10
252	2326.8	8.253539914186284e-10
253	2300.4	8.577499248266612e-10
254	2286.0	6.473551986434412e-10
255	2371.2	8.429584731559128e-10
256	2379.6	7.810333649532307e-10
257	2358.0	9.994330183588455e-10
258	2247.6	8.241276907697761e-10
259	2355.6	7.909015317706744e-10
260	2282.4	7.155712624298178e-10
261	2349.6	8.411158820472329e-10
262	2401.2	7.755548049898189e-10
263	2286.0	8.20627575446908e-10
264	2384.4	9.355103355353957e-10
265	2305.2	8.750168038118635e-10
266	2361.6	8.182968961012805e-10
267	2314.8	7.163491383615193e-10
268	2358.0	8.756959294692214e-10
269	2348.4	8.743081686070545e-10
270	2268.0	8.919634270791292e-10
271	2384.4	8.204266569615892e-10
272	2280.0	8.129927585774518e-10
273	2409.6	7.246853707917972e-10
274	2302.8	7.318084950867126e-10
275	2368.8	7.551550613874925e-10
276	2426.4	9.095184138515705e-10
277	2329.2	8.918716887338192e-10
278	2330.4	9.089680190603266e-10
279	2257.2	8.093757378905809e-10
280	2368.8	9.531171805317292e-10
281	2336.4	8.740069371854842e-10
282	2408.4	7.95736118960512e-10
283	2281.2	8.799457357172329e-10
284	2310.0	7.90314578700856e-10
285	2276.4	7.723555245047354e-10
286	2373.6	9.106064786515395e-10
287	2349.6	8.281923531989852e-10
288	2325.6	6.989419189285682e-10
289	2346.0	8.594594961083976e-10
290	2426.4	8.15294477506382e-10
291	2361.6	8.790094044554282e-10
292	2160.0	8.336592625703838e-10
293	2362.8	9.32594171785517e-10
294	2335.2	8.477043687445254e-10
295	2335.2	8.992655680564337e-10
296	2361.6	8.810136420125879e-10
297	2356.8	8.762690026845326e-10
298	2350.8	6.974399330282802e-10
299	2360.4	7.529068655152067e-10
300	842.4	0.0
301	50000.0	93.31958016393438
302	50000.0	35.496785268656005
303	50000.0	3.8200000051419125
304	50000.0	21.75000000495776
305	50000.0	64.95403105715107
306	50000.0	54.16202742483709
307	855.6	0.0
308	50000.0	22.630000004957562
309	50000.0	15.540000003995797
310	5724.8	0.0
311	50000.0	396.04051146965855
312	50000.0	128.79242404177776
313	5732.0	0.0
314	50000.0	311.0100000049131
315	10704.4	0.0
316	50000.0	29.363559760884947
317	27926.8	0.0
318	50000.0	43.24014366313634
319	50000.0	1000.0810693340242
320	50000.0	290.97000000418035
321	16406.4	0.0
322	902.4	0.0
323	16441.2	0.0
324	50000.0	412.92000000401606
325	50000.0	216.95398536696248
326	50000.0	117.50000000550824
327	50000.0	53.480000005811426
328	50000.0	7.78073416724133
329	50000.0	72.79602548980327
330	15578.4	0.0
331	50000.0	14.650000003605635
332	15594.0	0.0
333	50000.0	10.405920580294161
334	50000.0	39.06000000319531
335	5836.4	0.0
336	50000.0	263.2462599867953
337	50000.0	14.267629482308838
338	50000.0	42.421138553200606
339	50000.0	2.3556915719627702
340	5786.0	0.0
341	15558.0	0.0
342	50000.0	675.0547840413394
343	886.8	0.0
344	12096.4	0.0
345	10633.6	0.0
346	50000.0	56.85770846869117
347	50000.0	42.182145364883795
348	50000.0	45.79000000543009
349	10654.0	0.0
350	7330.4	0.3930839503680911
351	2343.6	7.724151713717183e-09
352	7547.6	0.3930839502513856
353	2564.4	8.645069291772461e-09
354	2574.0	6.7473404948677795e-09
355	2492.4	7.922154311851918e-09
356	2593.2	7.894498551335467e-09
357	2532.0	7.717689245645011e-09
358	2487.6	7.244165825013656e-09
359	2497.2	7.2570056447561954e-09
360	2427.6	5.893970328362267e-09
361	2384.4	7.4356798512639726e-09
362	2493.6	7.441797066515483e-09
363	7379.6	0.3930839504298064
364	2528.4	7.818237924753086e-09
365	7332.8	0.39308395026193504
366	7242.8	0.3930839501873432
367	2456.4	7.087318064438587e-09
368	2518.8	8.212853908456832e-09
369	11882.8	0.7861678934059886
370	2412.0	7.754632020071747e-09
371	7670.0	0.39308395069000457
372	2558.4	7.791288527387882e-09
373	7194.8	0.3930839511536837
374	12032.8	0.7861678924336967
375	2484.0	8.225049109000438e-09
376	2552.4	7.960406049487028e-09
377	2484.0	8.001158808886202e-09
378	2425.2	7.87829933046468e-09
379	11836.0	0.7861678938901829
380	2448.0	7.801668848930264e-09
381	2221.2	6.453840519861174e-09
382	2602.8	7.4298481779338105e-09
383	7176.8	0.39308394988386297
384	2502.0	6.757000362576679e-09
385	2605.2	7.155486845419068e-09
386	2592.0	7.171874935364087e-09
387	6910.4	0.39308395036107757
388	7223.6	0.39308394978146377
389	7217.6	0.3930839498428519
390	12022.0	0.7861678929017908
391	2499.6	8.205882971997954e-09
392	2577.6	7.657165779555437e-09
393	2438.4	7.88494995900972e-09
394	2593.2	7.894915914334987e-09
395	2647.2	8.254409355681695e-09
396	2402.4	7.076363134138285e-09
397	7071.2	0.39308395061651774
398	2473.2	8.28799814863164e-09
399	2556.0	7.271403552619485e-09
400	2322.0	8.06244491505154e-09
401	2306.4	7.600456134455876e-09
402	2368.8	8.619382991173783e-09
403	2380.8	7.296566361337334e-09
404	2283.6	7.476387405035936e-09
405	2259.6	8.92808525126016e-09
406	2325.6	7.2823890918099824e-09
407	2382.0	7.59608208691969e-09
408	2326.8	8.287010642166607e-09
409	7113.2	0.39308395010760666
410	2325.6	8.41385258054966e-09
411	2286.0	7.436292315234687e-09
412	7052.0	0.393083949969867
413	2368.8	8.713162255076318e-09
414	2342.4	7.970909243913402e-09
415	12038.8	0.7861678939228189
416	2432.4	7.875445934874615e-09
417	2383.2	7.83237815807927e-09
418	2365.2	7.504903480746356e-09
419	2397.6	8.242487437794298e-09
420	2245.2	7.898245881364828e-09
421	2311.2	6.845016533472659e-09
422	2343.6	8.050876394410642e-09
423	2392.8	7.271558829251219e-09
424	11848.0	0.7861678931874119
425	2439.6	7.129045144775867e-09
426	2282.4	7.109729900523482e-09
427	2311.2	8.217682586550772e-09
428	2260.8	6.910586711467576e-09
429	2368.8	8.000731873784104e-09
430	2362.8	7.157306325303348e-09
431	2332.8	7.902079493417233e-09
432	2330.4	7.505744032025124e-09
433	2353.2	8.007676147942719e-09
434	2332.8	7.38300040562672e-09
435	2310.0	7.872804902992716e-09
436	2330.4	7.959873892871976e-09
437	2337.6	7.193078848086018e-09
438	2378.4	7.545883761020112e-09
439	2414.4	7.816582932846072e-09
440	2304.0	7.677898181986896e-09
441	2307.6	7.835078901002213e-09
442	2330.4	8.022520436882563e-09
443	2358.0	7.376116748271655e-09
444	7209.2	0.3930839501508338
445	2281.2	8.214552435588232e-09
446	2286.0	8.392235326542235e-09
447	2346.0	7.83837749367999e-09
448	2307.6	7.413589866769912e-09
449	2413.2	8.191215220051435e-09
450	2296.8	7.856802703949078e-09
451	2614.8	7.086519440853492e-09
452	2229.6	7.864326753106325e-09
453	2158.8	7.907301696903045e-09
454	2838.0	8.297846528176973e-09
455	2605.2	7.2548302964429786e-09
456	2287.2	6.715339078235917e-09
457	2779.2	7.580151275005736e-09
458	2336.4	7.72601506931867e-09
459	2250.0	7.851314108784846e-09
460	2236.8	7.931683744075964e-09
461	2442.0	7.045911481585508e-09
462	2145.6	7.901488258126259e-09
463	2206.8	7.597215199030995e-09
464	2240.4	8.092261102917937e-09
465	2246.4	8.049803090555347e-09
466	2145.6	7.2753742678064995e-09
467	2295.6	8.094500927303466e-09
468	2176.8	7.98009048480343e-09
469	2486.4	8.299311620698756e-09
470	2258.4	7.025987609258104e-09
471	2228.4	8.15102676504122e-09
472	2506.8	7.820763170890748e-09
473	2114.4	6.940850754694165e-09
474	2216.4	8.078549562850286e-09
475	2240.4	8.586672707783493e-09
476	2173.2	8.869572120948614e-09
477	2866.8	7.99291698123282e-09
478	2204.4	7.032890173154456e-09
479	2298.0	7.801765680929547e-09
480	3625.2	8.266730736183725e-09
481	2671.2	7.836586606395499e-09
482	2438.4	6.969446028975003e-09
483	2241.6	8.493781626035691e-09
484	2245.2	7.752827668638678e-09
485	2300.4	8.648390845710712e-09
486	2342.4	6.677646099285764e-09
487	2209.2	7.887643158897441e-09
488	2508.0	6.454065481380188e-09
489	2305.2	7.730014256135112e-09
490	2185.2	7.755481581526122e-09
491	2268.0	7.696529103724472e-09
492	2475.6	7.832656423671958e-09
493	2697.6	7.723660314746817e-09
494	3234.0	7.528689836319053e-09
495	2265.6	7.400889655275984e-09
496	2180.4	7.950365357298651e-09
497	2557.2	7.0829208818034344e-09
498	2210.4	8.16232559408787e-09
499	2331.6	7.115608370777973e-09
500	2402.4	7.352125473639874e-09
501	2244.0	8.103944758399734e-09
502	2241.6	7.115222983995306e-09
503	2286.0	8.514135964854697e-09
504	2295.6	8.071131032317103e-09
505	2204.4	8.37875585673628e-09
506	2329.2	8.558220134898332e-09
507	2187.6	7.269944850233361e-09
508	2398.8	8.217224005001111e-09
509	2220.0	6.315902047178417e-09
510	2329.2	8.027849495502296e-09
511	3492.0	7.123738116937743e-09
512	2437.2	8.050097097674883e-09
513	2229.6	7.896763148815763e-09
514	2258.4	7.900034769436675e-09
515	2300.4	8.029496137419814e-09
516	2221.2	7.236315418193195e-09
517	2802.0	7.346397052524681e-09
518	2260.8	9.07371690973209e-09
519	2301.6	7.847659591573529e-09
520	2234.4	8.509654071397412e-09
521	2180.4	8.200307282830327e-09
522	2101.2	7.198195360664998e-09
523	2151.6	8.682308629305507e-09
524	2868.0	7.131982440967073e-09
525	2421.6	7.61117536649063e-09
526	3752.4	7.391374041867186e-09
527	2298.0	7.2863835871003216e-09
528	2191.2	7.0325736798768304e-09
529	3910.8	7.881115129275229e-09
530	2196.0	7.239961120480823e-09
531	2422.8	6.185508799918245e-09
532	2282.4	8.049666118646954e-09
533	2293.2	8.4371070988519e-09
534	2193.6	8.187345993842105e-09
535	2118.0	9.099357073536415e-09
536	2307.6	7.67570381372398e-09
537	2212.8	8.045807268374565e-09
538	2389.2	7.534633499812035e-09
539	4957.2	7.1413635087048245e-09
540	2216.4	7.568147275640189e-09
541	3981.6	7.90325550674347e-09
542	2157.6	7.823598810766277e-09
543	2211.6	8.22583783454861e-09
544	2500.8	6.9074962253275065e-09
545	2475.6	7.352157311197943e-09
546	2420.4	7.353180272113711e-09
547	2210.4	7.635037993320701e-09
548	2310.0	7.402593600194151e-09
549	2220.0	8.17153666738805e-09
550	4311.6	5.309502022916199e-09
551	4935.6	6.739865182895476e-09
552	3949.2	7.054097862283232e-09
553	4773.6	7.50115659300221e-09
554	3664.8	7.780516676928391e-09
555	2749.2	5.7446729334786996e-09
556	5582.4	7.53557324032516e-09
557	2906.4	6.088186982956244e-09
558	4893.6	8.875452282518701e-09
559	2992.8	7.473649927800446e-09
560	4011.6	6.996879090452138e-09
561	2719.2	5.799482892191901e-09
562	2473.2	7.047040299407813e-09
563	3398.4	6.9324220922388e-09
564	10050.0	8.44331465051241e-09
565	6606.0	7.784435797832742e-09
566	5772.0	8.455732135176288e-09
567	4128.0	6.447647336367003e-09
568	5226.0	7.093259302397407e-09
569	5709.6	8.086410424059507e-09
570	5576.4	8.607676728063045e-09
571	3470.4	7.576396302506395e-09
572	5284.8	7.757715210261335e-09
573	6132.0	7.679620788682765e-09
574	6172.8	7.791929898378508e-09
575	4941.6	7.2663031387331964e-09
576	3391.2	8.366253606537223e-09
577	3306.0	6.600255485192631e-09
578	5029.2	7.378816175759788e-09
579	4790.4	7.604724451929536e-09
580	3768.0	8.906753595692999e-09
581	5289.6	8.900411090838153e-09
582	5469.6	7.295647896378638e-09
583	4165.2	7.362464171335755e-09
584	2674.8	6.8916487876339e-09
585	4590.0	7.644255498106513e-09
586	4796.4	7.189762710759654e-09
587	3351.6	7.14739675222974e-09
588	9882.8	0.0005197927127771416
589	4879.2	7.4099600370859756e-09
590	4087.2	7.681041536108375e-09
591	3178.8	6.841500904103096e-09
592	4251.6	7.45357354488734e-09
593	5454.0	7.890232211088296e-09
594	3091.2	6.120101741288569e-09
595	4359.6	7.896157400477108e-09
596	5973.6	8.51774956567175e-09
597	4465.2	6.5659875452219525e-09
598	3634.8	6.0813019304957804e-09
599	2809.2	6.310708087005522e-09
600	2990.4	8.529212560667163e-09
601	3087.6	8.215040491672714e-09
602	3070.8	8.004753991931888e-09
603	7796.0	1.2998066945790137
604	3007.2	8.700238974799448e-09
605	2906.4	8.693864412785798e-09
606	2962.8	8.306297969911835e-09
607	3014.4	7.797623007584572e-09
608	3081.6	8.361772026202298e-09
609	3092.4	7.9727894167991e-09
610	3068.4	8.913923487686197e-09
611	3073.2	7.340523795325202e-09
612	3040.8	8.106234373696773e-09
613	3046.8	9.113002314001472e-09
614	3129.6	8.529434016402427e-09
615	3103.2	8.405499147714256e-09
616	2988.0	9.189423339892684e-09
617	3063.6	7.909595578999219e-09
618	3010.8	7.134307228122063e-09
619	2886.0	8.169583134322411e-09
620	3151.2	8.074390656688782e-09
621	3038.4	8.236298417396885e-09
622	2892.0	8.2387743085942e-09
623	2958.0	8.014128784235826e-09
624	3037.2	8.13379155022411e-09
625	2894.4	8.446964074754836e-09
626	2949.6	7.814239335515838e-09
627	3014.4	7.556721685188717e-09
628	2955.6	8.74934647531177e-09
629	3097.2	8.630298897023853e-09
630	7748.0	1.1485028486305084
631	3069.6	8.500445489868295e-09
632	3009.6	9.097982557595624e-09
633	3109.2	8.468754524261307e-09
634	2937.6	8.723181967731535e-09
635	3080.4	7.733933532500142e-09
636	2990.4	8.710089637907003e-09
637	2988.0	8.541432850906181e-09
638	3046.8	7.958874828500947e-09
639	3018.0	8.526399967243378e-09
640	3012.0	7.934448331116783e-09
641	3049.2	8.324765305201483e-09
642	3034.8	8.760467680848554e-09
643	3051.6	8.662993701437626e-09
644	3024.0	9.061699530150539e-09
645	7725.2	0.7074640578437486
646	2956.8	8.755829306524808e-09
647	3014.4	8.575390875289325e-09
648	7742.0	1.5029063692579496
649	3018.0	8.70822653790678e-09
650	1527.6	7.365876498702775e-09
651	1488.0	7.319904791375412e-09
652	1588.8	7.004874808749917e-09
653	1598.4	7.102508166102423e-09
654	1594.8	7.48676029761233e-09
655	1567.2	5.263733420655785e-09
656	1548.0	7.637432416141701e-09
657	1526.4	8.070405618849389e-09
658	1528.8	7.572199112643048e-09
659	1522.8	7.331298735596787e-09
660	1591.2	7.428229701809523e-09
661	1476.0	6.5613490325857475e-09
662	1572.0	8.491384757940478e-09
663	1550.4	7.537610909909395e-09
664	1539.6	7.33207209278892e-09
665	1580.4	8.924264091127723e-09
666	1634.4	8.624882142580919e-09
667	1563.6	7.548928501281037e-09
668	1558.8	7.87429742985218e-09
669	1599.6	6.8164577590615775e-09
670	1531.2	7.2117059920003355e-09
671	1464.0	6.065123689809101e-09
672	1478.4	7.611115710559222e-09
673	1521.6	7.876696250311551e-09
674	1587.6	7.387772619762908e-09
675	1540.8	6.8787158833362864e-09
676	1506.0	8.41459003181257e-09
677	1556.4	7.11357378434459e-09
678	1506.0	8.062313368407116e-09
679	1596.0	7.014371078766818e-09
680	1513.2	5.858056090821679e-09
681	1436.4	7.017019137195392e-09
682	1566.0	7.966531849175574e-09
683	1574.4	7.280500412116773e-09
684	1540.8	8.72369791431075e-09
685	1467.6	6.865855993739634e-09
686	1538.4	5.980069534173642e-09
687	1570.8	7.974601884855948e-09
688	1515.6	7.104720186142999e-09
689	1494.0	7.369219600248952e-09
690	1531.2	6.098945963558901e-09
691	1596.0	7.56462389081669e-09
692	1510.8	7.664976106601088e-09
693	1498.8	8.14785380204317e-09
694	1563.6	6.693434678895103e-09
695	1563.6	6.477156057170198e-09
696	1515.6	8.032666914269161e-09
697	1480.8	6.801312075312643e-09
698	1620.0	6.475381362792299e-09
699	1506.0	6.4990550190604285e-09
700	50000.0	5.47699069082398
701	50000.0	3.6451521010927728
702	50000.0	3.874849768048334
703	50000.0	5.165404168319032
704	50000.0	3.7599823015268017
705	50000.0	7.539152562314788
706	45200.4	4.397058271044244
707	50000.0	3.577567164395613
708	50000.0	7.354875968802302
709	50000.0	5.517964717840018
710	50000.0	5.439731419677914
711	50000.0	3.880338307536203
712	45187.2	3.382856760257088
713	50000.0	9.313860441072585
714	50000.0	4.7892266865392905
715	46142.4	3.2925315117746954
716	50000.0	3.522597979332397
717	45207.6	5.752333084635917
718	50000.0	7.809713778260343
719	50000.0	4.762370162805789
720	50000.0	7.9936171547249035
721	50000.0	5.528316149632252
722	50000.0	7.807950238897
723	50000.0	6.758342426441625
724	45188.4	2.71551214625581
725	50000.0	6.070437807108939
726	50000.0	7.438911365227743
727	50000.0	5.961907569824053
728	50000.0	6.16873960026979
729	50000.0	6.536624154002465
730	50000.0	7.192151737040217
731	50000.0	10.027608769389598
732	45362.4	7.144804901889522
733	50000.0	6.309356028852941
734	50000.0	4.187610754774165
735	50000.0	4.677276564249341
736	50000.0	6.537998259851103
737	45196.8	4.357384945523252
738	50000.0	2.7858848560793645
739	50000.0	11.244899478212766
740	50000.0	4.377815816411397
741	45662.4	3.2833628739648035
742	50000.0	7.5380563464499515
743	50000.0	5.357119554458803
744	50000.0	4.909094470390613
745	50000.0	7.547336812986996
746	50000.0	10.16949673794603
747	50000.0	7.339218704973641
748	50000.0	9.452094903189952
749	45730.8	5.609557662678241
750	50000.0	2.7868105748638197
751	50000.0	3.6319383410688824
752	50000.0	1.9497255138001097
753	50000.0	4.001746767921972
754	50000.0	4.662224487142805
755	50000.0	3.069114785221128
756	50000.0	3.741054451265832
757	50000.0	2.306747177221312
758	50000.0	3.6947626618279537
759	50000.0	3.8698401716595954
760	50000.0	3.777839038796272
761	50000.0	3.358297689571246
762	50000.0	3.4086534241036106
763	50000.0	3.559373058787746
764	50000.0	5.990596082672173
765	50000.0	3.5498609878196064
766	50000.0	3.02409834237337
767	50000.0	5.6022152852313285
768	50000.0	3.5886074643555914
769	50000.0	4.3539441689819975
770	50000.0	3.998321024504621
771	50000.0	1.8555303357400068
772	50000.0	3.0886452528176904
773	50000.0	2.3944374793819434
774	50000.0	4.618973676407768
775	50000.0	2.058916369017051
776	50000.0	5.531800565726422
777	50000.0	3.2531337152901876
778	50000.0	4.752986621972754
779	50000.0	6.225792828884002
780	50000.0	3.017876779485051
781	50000.0	4.479478377050958
782	50000.0	2.5186396216986893
783	50000.0	3.7994456762498268
784	50000.0	3.5064053902665164
785	50000.0	3.777316628674
786	50000.0	1.8370703920318228
787	50000.0	5.2763142223767545
788	50000.0	2.1381316941800836
789	50000.0	3.1224239511637366
790	50000.0	4.794062534361643
791	50000.0	1.892408952938652
792	50000.0	3.668975226151795
793	50000.0	2.4201578915721926
794	50000.0	2.1699741566571644
795	50000.0	2.3769144434003993
796	50000.0	4.412824716894919
797	50000.0	4.2130160310956
798	50000.0	5.591826780881213
799	50000.0	2.3936801050595578
800	50000.0	5.393138338146338
801	50000.0	6.914527738608287
802	50000.0	3.2667044874397115
803	50000.0	6.506867875407579
804	50000.0	11.491957828805315
805	50000.0	5.882729535837574
806	50000.0	5.203129235131902
807	50000.0	6.172271415878211
808	50000.0	7.267820024886788
809	50000.0	13.992104133101503
810	50000.0	7.945227067176337
811	50000.0	9.232243592648185
812	50000.0	9.395943003324971
813	50000.0	9.091982212866597
814	50000.0	9.424131542488352
815	50000.0	7.310388501639913
816	50000.0	15.575620363369211
817	50000.0	8.458395990437435
818	50000.0	8.48757203416083
819	50000.0	9.775756667976541
820	50000.0	6.254503692380837
821	50000.0	9.206375237721783
822	50000.0	6.880282227673608
823	50000.0	2.672629518045209
824	50000.0	7.037159839465938
825	50000.0	7.408153711968812
826	50000.0	7.643528383658165
827	50000.0	3.425238675079713
828	50000.0	6.5114977245459995
829	50000.0	3.9975332122343303
830	50000.0	5.534313852057116
831	50000.0	7.7336453972750565
832	50000.0	4.694517866630695
833	50000.0	4.361471561161769
834	50000.0	2.3256730484422303
835	50000.0	3.296351495894686
836	50000.0	9.043421402384254
837	50000.0	4.640654791735109
838	50000.0	12.667148280967728
839	50000.0	3.071414212831199
840	50000.0	6.056654907760962
841	50000.0	5.325075824848058
842	50000.0	7.85518602673541
843	50000.0	4.700666946976517
844	50000.0	6.0799657170300545
845	50000.0	14.833763272999676
846	50000.0	8.646530381225437
847	50000.0	7.117291478633774
848	50000.0	6.524523731564813
849	50000.0	6.767781706781946
850	50000.0	21.63472488829262
851	50000.0	26.817213859541518
852	50000.0	8.751923012958162
853	50000.0	26.112487215979534
854	50000.0	35.238959133056696
855	50000.0	19.65198021409789
856	50000.0	21.261169470638812
857	50000.0	27.524074119022504
858	50000.0	29.589398708351887
859	50000.0	51.05266352072286
860	50000.0	26.546067576918084
861	50000.0	35.29850410262604
862	50000.0	20.726844614364204
863	50000.0	26.761893594406935
864	50000.0	34.23966848776392
865	50000.0	21.49298319636123
866	50000.0	45.283662654021335
867	50000.0	24.395770511290685
868	50000.0	24.63492083839717
869	50000.0	21.007162020488767
870	50000.0	30.291927719090165
871	50000.0	35.21887386598191
872	50000.0	14.502719121386281
873	50000.0	13.202638543192435
874	50000.0	18.91400939363887
875	50000.0	16.980469097023917
876	50000.0	12.84002823895437
877	50000.0	10.365540527239771
878	50000.0	26.78259728233155
879	50000.0	11.907199456514087
880	50000.0	20.333319454673138
881	50000.0	27.886937391130903
882	50000.0	19.132201846192526
883	50000.0	11.393065637669798
884	50000.0	8.915200748538393
885	50000.0	11.848034072058017
886	50000.0	30.03473237104061
887	50000.0	18.324473614164553
888	50000.0	38.82744221932563
889	50000.0	13.797917195163432
890	50000.0	17.776868336585277
891	50000.0	23.01868407859766
892	50000.0	19.840506310601402
893	50000.0	17.8045422014861
894	50000.0	25.483640734695378
895	50000.0	45.87432007943213
896	50000.0	25.787807402194563
897	50000.0	23.16609174989838
898	50000.0	19.17015668694649
899	50000.0	21.637569227969152
900	50000.0	0.5126009943953871
901	50000.0	0.6235910916246553
902	50000.0	0.47039999892098694
903	50000.0	0.5063698125951225
904	50000.0	0.35829164198268587
905	50000.0	0.34793536153466054
906	50000.0	0.3756917954787786
907	50000.0	0.4573620287279292
908	50000.0	0.28912709896301225
909	50000.0	0.26056604308971476
910	50000.0	0.34737156422136534
911	50000.0	0.31599936543682305
912	50000.0	0.4514477838547249
913	50000.0	0.7187256777523676
914	50000.0	0.48582850679879075
915	50000.0	0.5760561199568087
916	50000.0	0.4056033234210913
917	50000.0	0.4281804141663331
918	50000.0	0.4566814039891852
919	50000.0	0.6817647025820104
920	50000.0	0.43755083297965935
921	50000.0	0.460846865954443
922	50000.0	0.3944621196071463
923	50000.0	0.5772036729303464
924	50000.0	0.4318588145173939
925	50000.0	0.3570747784960071
926	50000.0	0.5743679027624846
927	50000.0	0.3655738363788929
928	50000.0	0.34827748094839067
929	50000.0	0.7826803012802024
930	50000.0	0.37566039287195796
931	50000.0	0.4042480176175486
932	50000.0	0.30529919396867483
933	50000.0	0.34107434328530906
934	50000.0	0.47077074735614827
935	50000.0	0.30389208102672766
936	50000.0	0.6679932455554554
937	50000.0	0.49789333776295186
938	50000.0	0.4248481079430174
939	50000.0	0.6027929993012829
940	50000.0	0.453024738749704
941	50000.0	0.6269324329384437
942	50000.0	0.33580251083269597
943	50000.0	0.47518083967063324
944	50000.0	0.3554803341419758
945	50000.0	0.6479779821492528
946	50000.0	0.48529804406541804
947	50000.0	0.4433548284027763
948	50000.0	0.5472205774165296
949	47552.4	0.3253527937113706
950	50000.0	1.445392296332404
951	50000.0	1.4224584635259603
952	50000.0	1.3666523928871743
953	50000.0	1.641627862686406
954	50000.0	1.5279925911177987
955	50000.0	1.6668696456629377
956	50000.0	1.7008252994222932
957	50000.0	1.5201966841068568
958	50000.0	1.3800642472776468
959	50000.0	1.4496732373126844
960	50000.0	1.7413146385031077
961	45496.8	1.2590031296643085
962	50000.0	1.4710200064974963
963	50000.0	1.4042503060314955
964	50000.0	1.636324333895039
965	50000.0	1.4454223681656249
966	50000.0	1.7539920049282505
967	50000.0	1.625478569205378
968	50000.0	1.3800642472776468
969	50000.0	1.7147622191434455
970	50000.0	1.3447809273680496
971	50000.0	1.5285413879716128
972	50000.0	1.4717131836532282
973	50000.0	1.244854941188794
974	50000.0	1.6731668968492948
975	50000.0	1.1969955848664993
976	50000.0	1.4404676637057467
977	50000.0	1.1768442036651465
978	50000.0	1.6090026800812727
979	50000.0	1.5976375008804715
980	50000.0	1.5746165076012963
981	50000.0	1.1804849478890338
982	50000.0	1.733831103699893
983	50000.0	1.14494904265366
984	50000.0	1.4478823846060078
985	50000.0	1.7974025588138827
986	50000.0	1.46425131624015
987	50000.0	1.12210464673551
988	50000.0	1.4161828574966768
989	50000.0	1.485182497922925
990	50000.0	1.429365761415249
991	50000.0	1.517807280235215
992	50000.0	1.733085771773895
993	50000.0	1.7974025588138827
994	50000.0	1.429365761415249
995	50000.0	1.5201966841068564
996	50000.0	1.419086912933265
997	50000.0	1.4395892946697841
998	50000.0	1.4467841572725404
999	50000.0	1.5450851507485772
1000	50000.0	2.9572406933960194
1001	50000.0	1.1877055204911597
1002	46370.4	5.077725317899401
1003	45099.6	5.638702740238965
1004	50000.0	1.5069590365604804
1005	50000.0	3.169805587296687
1006	50000.0	2.860179118353213
1007	45124.8	1.5073237577256506
1008	50000.0	2.7045556772922184
1009	50000.0	4.186045971119762
1010	45094.8	7.182070498244973
1011	50000.0	5.185486957869176
1012	50000.0	3.3745185893766
1013	50000.0	3.5824486257222246
1014	50000.0	2.777988407134969
1015	889.2	4.203476246660806e-09
1016	49140.0	1.1207299820216254
1017	32407.2	4.164908460005309
1018	50000.0	1.9377404958739326
1019	50000.0	3.434424965981126
1020	50000.0	7.848416576162177
1021	50000.0	4.836110336354609
1022	35298.8	4.854896896474694
1023	50000.0	1.348058104838673
1024	48276.0	1.455827568968685
1025	25453.6	1.0593174659826272
1026	45092.4	3.2989692097943952
1027	10675.6	1.171921546975609
1028	50000.0	4.421497902728507
1029	15603.6	0.37357666547144486
1030	25446.4	2.7575389632870166
1031	50000.0	1.7502785844777313
1032	50000.0	3.169805587296598
1033	10769.2	0.8669493437567704
1034	50000.0	3.9032039822309548
1035	5813.6	0.5781197413524136
1036	782.4	6.197514527755394e-09
1037	50000.0	3.0803520666718285
1038	18856.8	0.5309236377856494
1039	50000.0	3.5998615315137465
1040	45104.4	1.6577799585802062
1041	45186.4	1.4424155035007005
1042	45671.2	4.087429030278277
1043	50000.0	3.2787462275026384
1044	20567.6	0.6732608457513917
1045	50000.0	2.270554971981455
1046	40163.2	3.011465322510249
1047	49353.6	1.1207299820084191
1048	42868.0	3.7709777022723676
1049	50000.0	2.0978050053054726
1050	50000.0	4.697533858662774
1051	9431.6	0.06918569503421071
1052	50000.0	2.499364890487848
1053	30373.2	1.172999317263378
1054	50000.0	6.292801969430435
1055	40592.8	7.458996032952183
1056	50000.0	2.1325568089061178
1057	10756.0	0.7917490493969723
1058	50000.0	2.0688180682411037
1059	40153.6	1.5639990890350646
1060	25484.8	0.9774994324799262
1061	50000.0	8.610975121586758
1062	50000.0	1.4497420801906906
1063	50000.0	9.291494532231225
1064	50000.0	11.333482989898632
1065	24935.6	0.7819995468362672
1066	46367.2	0.5534855301724335
1067	50000.0	2.5905477300896895
1068	50000.0	10.495204165296043
1069	41263.6	7.358340853614915
1070	15688.8	2.3891878309078542
1071	50000.0	2.45643738038387
1072	15682.8	1.3229739111710992
1073	19678.8	1.0525592089115494
1074	50000.0	2.5199922674405357
1075	50000.0	5.979323485872887
1076	45085.6	8.01785646447437
1077	26078.4	2.1639281077688715
1078	10800.4	1.5934650379861397
1079	25573.6	3.8957368739760128
1080	50000.0	7.9500366694195295
1081	45130.8	1.7594989744461003
1082	45120.0	2.5879332461737548
1083	975.6	5.362579818663514e-09
1084	50000.0	2.5905477300897695
1085	50000.0	3.4213374551330227
1086	45109.2	1.7594989745270033
1087	50000.0	0.6918569111917574
1088	50000.0	0.6918569111917574
1089	45088.8	6.488077276501102
1090	50000.0	2.590547730089765
1091	10828.0	0.30642834870726926
1092	50000.0	4.818488680859784
1093	45115.2	0.6226712204313098
1094	50000.0	5.41294309544669
1095	15646.8	0.568605456199252
1096	49743.6	3.203256326787737
1097	41055.2	5.090140437166656
1098	5823.2	0.04687952541560216
1099	50000.0	4.754286607877038
1100	50000.0	0.9249334714582677
1101	50000.0	1.6398823792532617
1102	50000.0	1.6581617664175805
1103	50000.0	0.9904188433632044
1104	50000.0	1.2837751992530755
1105	50000.0	1.3395880710576737
1106	50000.0	1.079280462884168
1107	50000.0	1.5065034689361851
1108	50000.0	1.5795284033397845
1109	50000.0	1.3161026872690464
1110	50000.0	1.3044616942024116
1111	50000.0	1.2646305210377755
1112	50000.0	1.0747209157633737
1113	50000.0	1.6365672854992277
1114	50000.0	1.3946712795030394
1115	50000.0	1.0296321269455153
1116	50000.0	1.7159855444194079
1117	50000.0	1.1508605328706083
1118	50000.0	1.4403530629434949
1119	50000.0	1.5412215415088886
1120	50000.0	1.500754805647707
1121	50000.0	1.1351438372857934
1122	50000.0	1.3723416968541338
1123	50000.0	0.6234426040480281
1124	50000.0	1.2974995508588032
1125	50000.0	1.1750371238190453
1126	50000.0	1.6287952514959627
1127	50000.0	1.1388075314737767
1128	50000.0	1.3107361707916279
1129	50000.0	1.5811290521686756
1130	50000.0	1.0857611220490724
1131	50000.0	1.599906589232529
1132	50000.0	1.1326288811110037
1133	50000.0	1.5355848793174522
1134	50000.0	1.112465194477917
1135	50000.0	2.158958543419305
1136	50000.0	1.105122381863059
1137	50000.0	0.6589834007965536
1138	50000.0	1.5044631577057186
1139	50000.0	1.0262324446837128
1140	50000.0	1.2629083154548773
1141	50000.0	1.4968803655477363
1142	50000.0	1.723966962446778
1143	50000.0	1.813384530184792
1144	50000.0	1.393424752738823
1145	50000.0	1.4964669973585814
1146	50000.0	1.2123359251648247
1147	50000.0	1.4952781297753996
1148	50000.0	1.1756076641707036
1149	50000.0	1.0906904130833204
1150	50000.0	20.03975349336661
1151	50000.0	16.05984211888945
1152	50000.0	18.439521694733628
1153	50000.0	8.366172897582125
1154	50000.0	16.37068106937995
1155	50000.0	11.795914560398526
1156	50000.0	11.777011441134718
1157	50000.0	19.776049693685028
1158	50000.0	14.177930410890166
1159	50000.0	16.481520640552326
1160	50000.0	20.45411721852521
1161	50000.0	18.242532353527633
1162	50000.0	16.295315526285293
1163	50000.0	13.414001304011169
1164	50000.0	17.86034818484113
1165	50000.0	12.683842878834554
1166	50000.0	9.890197505289905
1167	50000.0	8.15726152310496
1168	50000.0	22.189852650894522
1169	50000.0	13.199539903936857
1170	50000.0	16.184585221928206
1171	50000.0	10.46445551960515
1172	50000.0	12.495401411401776
1173	50000.0	19.928028351930784
1174	50000.0	16.214100451773703
1175	50000.0	21.739214303944376
1176	50000.0	10.176122705094699
1177	50000.0	8.740371387397213
1178	50000.0	12.312124562422074
1179	50000.0	6.731153826695454
1180	50000.0	14.925717783332075
1181	50000.0	14.649534427745063
1182	50000.0	13.068675157633916
1183	50000.0	18.33347173260759
1184	50000.0	11.459781420064804
1185	50000.0	16.577455997558243
1186	50000.0	16.62688002176361
1187	50000.0	16.03054495091917
1188	50000.0	11.189281279847759
1189	50000.0	11.98923154536354
1190	50000.0	13.15197472682205
1191	50000.0	18.889885363125856
1192	50000.0	7.684635789198412
1193	50000.0	17.380687094661972
1194	50000.0	17.28040711177797
1195	50000.0	12.081239133961315
1196	50000.0	13.820664281733206
1197	50000.0	12.469190569062679
1198	50000.0	17.37741073630643
1199	50000.0	14.684266190554618
