	0	1
0	2286.2	8.18260410608959e-09
1	2331.8	8.52736822380764e-09
2	11940.7	0.00010735570230471568
3	7201.3	1.4283307320329797e-05
4	7771.0	1.2499350595170783e-05
5	2355.7	6.855959451899827e-09
6	2423.9	6.9046757798678455e-09
7	2208.7	7.362089291166567e-09
8	7023.1	1.2505502860187594e-05
9	2506.9	7.768345795714084e-09
10	2192.7	6.304663506561069e-09
11	2377.4	6.996870760261765e-09
12	3030.4	7.0781288718358215e-09
13	2344.1	7.639007088939964e-09
14	2402.5	7.728740454670124e-09
15	7117.8	6.627724515074153e-05
16	2282.9	7.030118240988292e-09
17	2335.9	6.07810651573567e-09
18	2441.4	6.438555741550801e-09
19	2181.4	7.971363834777064e-09
20	2392.7	7.587454081344038e-09
21	6620.8	8.06834671873291e-09
22	6998.2	4.055195808302687e-06
23	2278.1	7.757063129557119e-09
24	2331.9	6.919425432339995e-09
25	2306.9	7.1443533111480854e-09
26	11058.7	7.2165751655074656e-09
27	2387.3	7.652007644217645e-09
28	11966.7	1.4591685963381417e-05
29	2222.5	7.808669974954385e-09
30	2178.5	7.346005082916747e-09
31	6576.6	6.3315056802558395e-09
32	11342.4	1.844066220798096e-05
33	2322.1	7.111642146533018e-09
34	2360.7	6.9338146162974175e-09
35	2274.5	8.495552051634544e-09
36	6587.1	7.535130071525883e-09
37	2200.9	7.735843999911335e-09
38	2354.5	8.055688031761827e-09
39	2387.7	8.126770680324439e-09
40	2405.7	7.68609242065249e-09
41	16691.7	7.641092131688768e-05
42	2332.1	7.092992732936291e-09
43	11986.1	3.8534800351602505e-05
44	2332.8	7.733711506976042e-09
45	11614.6	6.233690961855373e-05
46	6527.1	7.446370482253413e-09
47	7081.4	1.1482162190094579e-05
48	2244.8	8.298033427909605e-09
49	12018.2	7.88912760291163e-05
50	3339.0	8.060556728258516e-09
51	3268.2	8.095985750808215e-09
52	3234.4	8.29781388363932e-09
53	3248.5	7.2214388820561065e-09
54	3200.8	7.994607514752047e-09
55	3299.1	8.18631407637042e-09
56	3320.2	7.335233493585871e-09
57	3238.3	7.724159187735937e-09
58	3335.1	8.164638683345459e-09
59	3245.2	8.261254218080233e-09
60	3161.8	7.463108839901223e-09
61	3298.1	7.374560224318272e-09
62	7969.9	0.02102090929964997
63	7915.6	0.002662130890446303
64	3260.7	6.877242752847829e-09
65	3254.5	7.796281460698108e-09
66	8994.6	0.0056017339032910516
67	3238.1	6.400483337955733e-09
68	3309.7	7.0999602576830525e-09
69	3248.8	8.126395451739116e-09
70	3334.7	7.016860028790661e-09
71	12641.1	4.224624628363703e-08
72	3043.2	8.582789216040057e-09
73	3218.4	7.789498218763263e-09
74	7991.0	0.008550913485316163
75	3208.5	7.905900273890378e-09
76	7957.8	0.021154012455526054
77	7925.2	0.008172238146934293
78	3359.2	7.845196899595388e-09
79	3213.4	8.48678407962947e-09
80	3807.6	7.721825486887163e-09
81	3280.9	7.406068581996871e-09
82	3165.7	6.8001887757444815e-09
83	3177.9	8.119537668385188e-09
84	17278.1	0.08876877631165883
85	8132.4	0.009354580576238572
86	3248.8	6.979233709798779e-09
87	3190.0	8.00396366183022e-09
88	3251.3	7.203533498664282e-09
89	7880.5	0.01745836376294088
90	3256.8	6.977536271053665e-09
91	3185.7	6.8092836232446365e-09
92	12824.3	0.02441959904185194
93	8038.2	0.006471445904214679
94	3107.0	7.926203504859065e-09
95	3272.5	7.921550313126336e-09
96	3364.6	7.127483215669301e-09
97	3401.4	7.636354101386143e-09
98	3190.7	7.348285271410792e-09
99	7939.4	0.0023734546667847894
100	50000.0	1.8831130959885023
101	50000.0	3.3600595600218357
102	50000.0	1.5090600274866726
103	50000.0	1.421900974422891
104	50000.0	1.6893617973001096
105	50000.0	2.0350774524501016
106	50000.0	1.83795351826614
107	50000.0	3.067231696766721
108	50000.0	2.4916872521615403
109	50000.0	1.4711001113697564
110	50000.0	2.4455999762375447
111	50000.0	3.5414007293938035
112	50000.0	2.949924981577704
113	50000.0	2.153552180379763
114	50000.0	1.583153049463953
115	50000.0	2.9958761693051352
116	50000.0	1.398582895049202
117	50000.0	1.5875142750825046
118	50000.0	1.8553883174852608
119	50000.0	2.602438323488246
120	50000.0	1.7174230705642421
121	50000.0	1.2151206827453969
122	50000.0	2.907567358815492
123	50000.0	2.4483989609820878
124	50000.0	1.243283700165417
125	50000.0	1.4954287432347215
126	50000.0	2.318424210768568
127	50000.0	1.5524152066695431
128	50000.0	2.6997317762698136
129	50000.0	2.780711165383792
130	50000.0	1.171378859947927
131	50000.0	2.166425304057067
132	50000.0	2.7327442479965605
133	50000.0	8.441050711552542
134	50000.0	1.921028245971776
135	50000.0	4.238031122386213
136	50000.0	1.7101735717696271
137	50000.0	1.4651676964834237
138	45257.0	1.52198900617602
139	50000.0	6.6925240173784655
140	50000.0	1.7449930991353786
141	50000.0	2.312070127005985
142	50000.0	1.9643292643609318
143	50000.0	1.673525301290163
144	50000.0	1.5431735781504847
145	50000.0	1.3925907358304062
146	50000.0	1.9129845158286383
147	50000.0	1.0676892170730483
148	50000.0	1.6269788376437457
149	50000.0	3.463968192529343
150	50000.0	5.059726735391976
151	50000.0	4.326492628627149
152	50000.0	6.118843589006051
153	50000.0	5.317376034426973
154	50000.0	4.488553821971438
155	50000.0	4.025304519224805
156	50000.0	4.6622106255893145
157	50000.0	3.495335064135374
158	50000.0	4.375738744456563
159	50000.0	3.511764870433159
160	50000.0	4.4818303300875595
161	50000.0	6.1642421962534195
162	50000.0	5.514668326103031
163	50000.0	5.31640587848319
164	50000.0	4.575420217166164
165	50000.0	4.963038594702891
166	50000.0	4.277572095699947
167	50000.0	5.051789359789811
168	50000.0	4.223841518888096
169	50000.0	4.688313408938815
170	50000.0	4.0146054368107364
171	50000.0	4.786610246399512
172	50000.0	5.110480004601117
173	50000.0	5.288361922004737
174	50000.0	3.504234157515947
175	50000.0	3.3782207077181616
176	50000.0	5.477943478239875
177	50000.0	4.454094264388983
178	50000.0	5.112326222490532
179	50000.0	4.647715954498398
180	50000.0	4.10951931766442
181	50000.0	4.369241784727867
182	50000.0	4.183788931907794
183	50000.0	5.59091417810715
184	50000.0	4.28180887635852
185	50000.0	5.9802115987537645
186	50000.0	5.448385414286738
187	50000.0	4.103069566995951
188	50000.0	2.9757235110232085
189	50000.0	5.207308710171534
190	50000.0	4.723563752022319
191	50000.0	4.48243200656721
192	50000.0	4.399063173169903
193	50000.0	4.199042278570066
194	50000.0	4.950618282828733
195	50000.0	4.421231472626028
196	50000.0	4.7742732358835545
197	50000.0	4.049971439491627
198	50000.0	4.202321569497455
199	50000.0	4.862372219545434
200	4680.0	0.0
201	5108.8	0.0
202	6569.1	0.0
203	6393.3	0.0
204	5332.4	0.0
205	5251.0	0.0
206	4978.2	0.0
207	5332.4	0.0
208	5120.2	0.0
209	5455.6	0.0
210	6420.5	0.0
211	4387.7	0.0
212	5044.1	0.0
213	5108.8	0.0
214	4440.9	0.0
215	6659.8	0.0
216	6528.4	0.0
217	4877.1	0.0
218	3977.9	0.0
219	5332.4	0.0
220	5099.5	0.0
221	5311.6	0.0
222	3977.9	0.0
223	6401.0	0.0
224	7147.0	0.0
225	4586.6	0.0
226	5061.9	0.0
227	5332.4	0.0
228	5311.6	0.0
229	4440.9	0.0
230	4586.6	0.0
231	6383.4	0.0
232	4931.6	0.0
233	5641.6	0.0
234	5311.6	0.0
235	6255.1	0.0
236	5143.5	0.0
237	5250.3	0.0
238	6659.8	0.0
239	6944.0	0.0
240	6546.1	0.0
241	5120.2	0.0
242	5455.6	0.0
243	5332.4	0.0
244	5702.0	0.0
245	3977.9	0.0
246	6372.2	0.0
247	5120.2	0.0
248	5199.7	0.0
249	6420.5	0.0
250	31886.0	5.940357222984945e-08
251	27231.8	8.703152965453033e-08
252	40895.6	3.068038098360874e-05
253	45490.6	8.20222207241956e-07
254	23267.3	1.8224451581537456e-06
255	31992.7	1.6787795167465258e-07
256	40860.1	5.720266046835002e-06
257	22762.3	3.530423310998133e-06
258	36330.9	4.039048884199764e-07
259	13721.9	1.1094535312790887e-07
260	27106.1	1.0945936109659793e-07
261	36364.1	2.1960124617099292e-07
262	31804.2	5.407853254855225e-06
263	40741.5	5.689985920996795e-06
264	31734.9	1.8456423946528995e-07
265	22692.8	7.372635796965926e-06
266	18098.1	2.2663884492387637e-07
267	36271.3	1.563698199012732e-07
268	36278.8	3.326628963632374e-06
269	22734.3	3.4334276956288036e-05
270	31790.0	2.1203634575545325e-06
271	31776.8	3.6255337668331825e-07
272	31700.9	1.2829603042881573e-06
273	31829.1	4.432352451966419e-06
274	27263.6	7.867667893643748e-06
275	22873.9	3.780246973587002e-08
276	27262.2	9.058910074058357e-08
277	31867.2	3.1980378895572037e-07
278	31817.9	9.682585870753287e-06
279	40689.6	5.762779816370381e-06
280	36409.8	2.4730180111800917e-05
281	31711.7	2.9230464178002187e-08
282	40901.1	3.172828807472203e-05
283	27231.1	1.632072424155901e-06
284	27330.8	2.260100920195063e-06
285	31718.3	6.7462272839239874e-06
286	36446.6	2.109999169015328e-05
287	40949.5	1.5475850495210852e-06
288	31897.9	1.9709135980846826e-08
289	36336.3	1.6541720146667163e-06
290	50000.0	1.2938978792849917e-06
291	45452.1	1.6406609627501557e-06
292	40934.5	9.191916927085763e-07
293	36383.6	1.3171518970734426e-06
294	22762.9	1.709203878751705e-06
295	50000.0	3.086373719257519e-06
296	40836.6	4.0116587954349664e-08
297	22580.0	1.2512155161038596e-07
298	27175.5	4.460343133451158e-08
299	22812.5	1.6480521319556414e-07
300	2813.8	0.0
301	50000.0	92.9400000059502
302	50000.0	35.35000000604774
303	50000.0	3.8200000072703886
304	50000.0	21.75000000488119
305	50000.0	64.79000000613553
306	50000.0	54.070000005941814
307	3227.9	0.0
308	50000.0	22.630000004893805
309	50000.0	15.540000007610516
310	3762.6	0.0
311	50000.0	396.04000000369405
312	50000.0	128.1100000037105
313	3634.1	0.0
314	50000.0	311.01000000619683
315	3596.9	0.0
316	50000.0	29.26000000567284
317	4163.8	0.0
318	50000.0	43.19000000361968
319	50000.0	1000.0000000057076
320	50000.0	290.97000000583387
321	3410.7	0.0
322	4543.0	0.0
323	4471.7	0.0
324	50000.0	412.9200000049691
325	50000.0	216.94000000517866
326	50000.0	117.50000000389427
327	50000.0	53.48000000302384
328	50000.0	7.7800000051847364
329	50000.0	72.60000000353497
330	2827.1	0.0
331	50000.0	14.650000006060884
332	3582.1	0.0
333	50000.0	10.210000004474589
334	50000.0	39.06000000602008
335	3634.1	0.0
336	50000.0	263.20000000448755
337	50000.0	14.14000000565871
338	50000.0	42.420000004807896
339	50000.0	2.3500000043095284
340	4154.9	0.0
341	3318.9	0.0
342	50000.0	675.010000002599
343	3244.3	0.0
344	3330.0	0.0
345	2261.5	0.0
346	50000.0	56.81000000217972
347	50000.0	42.090000003524366
348	50000.0	45.79000000453458
349	2625.4	0.0
350	50000.0	0.2449570440391297
351	27403.6	0.07630436619622508
352	31382.7	0.0872107951593178
353	31326.1	0.22410139748908597
354	35806.6	0.28572170951480735
355	36187.6	0.4540685766020448
356	26629.9	0.25383669484193117
357	36629.9	0.12956600163637894
358	22014.0	0.0527971483322965
359	36053.3	0.22222883773487107
360	40662.9	0.16191730190590634
361	36088.9	0.09647328786685948
362	35955.0	0.1045741343721123
363	22031.2	0.25423340078657225
364	31900.6	0.1232103083942689
365	31343.6	0.14041321959469666
366	26690.8	0.13963917070378062
367	36097.4	0.3787515557106969
368	26788.7	0.3115462160049954
369	31129.2	0.05778540716514992
370	35996.2	0.20581603934792497
371	26130.0	0.2595670438852184
372	26789.8	0.12335191194964842
373	40678.7	0.11007469109633161
374	31350.5	0.23954587972340463
375	40671.9	0.1329544007579671
376	31470.5	0.26103553120655715
377	45354.4	0.40072298186357785
378	50000.0	0.384460774258619
379	40734.5	0.17392721116717064
380	35985.8	0.12254429463198693
381	31476.6	0.08120076953978875
382	35905.4	0.3557605399788214
383	31480.5	0.07320513531901388
384	35940.6	0.06507771601788848
385	40734.7	0.29869926913416545
386	31296.9	0.20885681853094082
387	26194.7	0.1762351272639454
388	40649.2	0.5231188262829669
389	31755.7	0.4118166825446837
390	31270.6	0.28611264333981906
391	31473.6	0.14899651154030813
392	22105.2	0.09896415202710787
393	50000.0	0.13120916117563983
394	36019.1	0.24337741826830034
395	40669.4	0.15340582129634392
396	36046.9	0.22087609860725851
397	26524.3	0.08574081055272373
398	45391.2	0.43065294332737397
399	45393.3	0.36427079557231384
400	40780.9	0.07459314011251351
401	35979.3	0.0020895958053936633
402	31412.5	0.014768710345493551
403	45320.6	0.01504115761679907
404	31158.6	0.0043163523665391895
405	31762.3	0.030465833030466953
406	31352.7	0.014067560035145999
407	36080.1	0.040027096502281555
408	30990.2	6.223599108986122e-06
409	40731.6	0.0013032420647972988
410	40649.9	0.00042411180730200294
411	45350.7	0.05807070591045793
412	31367.0	0.0058929268515978146
413	40662.8	0.007845558229175171
414	41176.4	0.02911650735140167
415	45095.9	0.0916061903913635
416	31395.7	0.00819514605738792
417	31872.0	0.018652477706701455
418	50000.0	0.04136364400823066
419	40697.3	0.12099337916844588
420	31365.9	0.0006317184838678054
421	32740.8	0.01349218870195463
422	45334.4	0.03829351515632388
423	40710.3	0.0018906046366203156
424	36019.6	0.06553640648736554
425	36094.3	0.02753805304644117
426	40687.2	0.05651908561211953
427	26909.4	0.0026083737718302466
428	41252.8	0.0032612973992553287
429	36073.2	0.01562699064282884
430	31357.6	0.08301190324397395
431	50000.0	0.009352198292740291
432	32038.6	0.003462371850165666
433	36440.1	0.011719757834225691
434	35949.7	0.0018524619040220045
435	41095.6	0.0022175534425546333
436	36083.0	0.0065083461161274435
437	40654.3	0.025731711258861995
438	31423.9	0.0013902079820271535
439	31956.6	0.08105702875666917
440	32581.8	0.02356765840769808
441	50000.0	0.018886499676664552
442	36690.0	0.006533539414479189
443	35993.2	0.012098975055473214
444	26749.5	0.05583332610355699
445	36129.1	0.12621882481389987
446	41177.2	0.11373858096115415
447	45366.6	0.03234274596341645
448	50000.0	0.026486280506540845
449	36024.0	0.0027266969375105126
450	3320.2	7.736100846944258e-09
451	3254.2	8.363527996992535e-09
452	3198.3	6.542279948199637e-09
453	3106.6	7.764403523265443e-09
454	3243.5	7.175003527502265e-09
455	7741.9	7.826589953731007e-09
456	3149.4	7.511725174625162e-09
457	8519.7	1.1987795351633418e-07
458	3336.4	7.514773279036582e-09
459	3164.8	7.85599283979406e-09
460	3227.7	8.078358309692735e-09
461	3227.5	7.3764059221116194e-09
462	3199.1	7.2426718729322105e-09
463	3204.8	7.879180867077282e-09
464	3300.5	6.9155333962415145e-09
465	3158.8	6.598559305010585e-09
466	3152.9	7.538764430193545e-09
467	3898.5	7.103082698831138e-09
468	3272.1	7.170327288092346e-09
469	8019.3	1.21312476533547e-08
470	3073.4	7.758936520406125e-09
471	3343.8	7.604048235427024e-09
472	3228.6	7.919105537765904e-09
473	3254.2	7.477881000740129e-09
474	7945.3	1.1800430109817512e-08
475	8000.8	1.564722837817715e-08
476	3245.1	6.671444935818333e-09
477	12758.3	0.0386917385516655
478	8018.5	1.0314332955686508e-08
479	7950.3	1.1237797245823342e-08
480	8929.0	1.6383680184659985e-07
481	3340.7	8.194047287181538e-09
482	7903.2	8.044357757050528e-09
483	3516.3	7.297683512653993e-09
484	3318.9	6.64785584250796e-09
485	8060.6	1.2191631608521965e-08
486	3345.6	8.215843852589854e-09
487	3363.7	8.030204150566605e-09
488	3270.6	6.860913433699757e-09
489	3387.0	7.051016163447359e-09
490	3232.0	8.292784907158166e-09
491	3256.0	7.855625362554148e-09
492	17327.9	4.606232871042551e-08
493	12623.2	3.8724870488767785e-08
494	3252.0	6.940578028697538e-09
495	3265.2	7.950335858312901e-09
496	3205.6	7.1458423869498644e-09
497	3395.9	7.18683653409135e-09
498	8033.8	1.0162241723574467e-08
499	7946.3	4.962215493260472e-08
500	2962.9	6.515708827168375e-09
501	2868.0	7.565242191723082e-09
502	2886.1	6.9489338322440366e-09
503	2863.1	6.758829471508998e-09
504	3104.7	8.279137682486797e-09
505	2859.8	8.180767224245235e-09
506	2909.2	6.880852839109691e-09
507	2744.3	7.449262794283326e-09
508	3070.6	7.807069872546085e-09
509	3033.9	7.407690227073957e-09
510	2776.1	7.935591452669777e-09
511	7543.1	7.921951917548216e-09
512	2947.3	8.125303819953237e-09
513	2749.1	7.225906567217623e-09
514	2864.8	7.589345126206314e-09
515	7104.7	7.372863040125766e-09
516	2869.7	7.06550795417688e-09
517	12219.4	0.0007639628471796139
518	7112.5	7.175478228856282e-09
519	2832.2	7.520577239155057e-09
520	7236.8	7.773611826073377e-09
521	2798.6	6.532520783278708e-09
522	2907.1	8.162139922525254e-09
523	2795.9	7.524047526156457e-09
524	2925.1	8.037076560261764e-09
525	2920.4	8.307568907641077e-09
526	2941.8	7.67934945875126e-09
527	2895.7	7.180061896947366e-09
528	2897.9	6.9615110780138845e-09
529	3037.0	7.362616103933281e-09
530	2919.5	7.503648000944433e-09
531	2852.8	8.409729038953988e-09
532	7682.6	0.0011225266757702724
533	2891.9	6.963075099187487e-09
534	2979.9	7.300012819730958e-09
535	3015.5	6.681357331759084e-09
536	2930.2	7.4300058698816405e-09
537	2829.6	6.398406464112271e-09
538	2873.4	8.121041608894698e-09
539	17392.4	8.46976423352816e-09
540	3097.1	7.558480209259858e-09
541	12393.9	0.004508038313016713
542	2901.8	7.826700689328761e-09
543	2983.0	6.987609832256425e-09
544	2881.3	7.73233377556718e-09
545	3082.2	7.7508450782374e-09
546	21043.3	0.008459748359055982
547	3016.3	7.752832389899813e-09
548	2851.8	7.820242139585532e-09
549	2774.1	7.374625548573608e-09
550	50000.0	0.5903860537905776
551	50000.0	0.6660093441405418
552	17872.1	0.4327030256390885
553	50000.0	4.223751816371427
554	8718.5	8.422214269409192e-05
555	8532.0	0.00012054132127028519
556	50000.0	1.990096092865386
557	4070.9	6.2630994573834305e-09
558	50000.0	0.6295721722063052
559	4005.5	6.242247007444754e-09
560	8705.2	0.003978492490424706
561	22731.5	0.398361119854857
562	3941.0	8.316501806922479e-09
563	22444.3	0.0386877015989328
564	50000.0	3.1088938003563404
565	50000.0	3.0005656858130023
566	50000.0	0.12655153598159888
567	50000.0	1.3513132150049083
568	50000.0	3.8261202486158297
569	50000.0	0.34709154127689645
570	50000.0	0.3050478020248978
571	50000.0	0.025955209049431056
572	50000.0	0.4444213635350215
573	50000.0	0.6719346506022055
574	50000.0	0.10660170148653265
575	50000.0	0.4662492830737909
576	13336.7	0.10322407762469861
577	8568.0	9.602333772191896e-05
578	50000.0	0.5049062772448482
579	50000.0	0.43035676628567643
580	13072.7	0.0053287226482245
581	50000.0	0.26997344408507634
582	50000.0	0.12497830543260524
583	50000.0	0.90630126074649
584	14599.6	0.6102563027437495
585	50000.0	0.18543988256835864
586	50000.0	0.4342797011377977
587	8622.2	0.6445490985035416
588	50000.0	0.09647377870664695
589	50000.0	0.36446766346959086
590	22360.5	0.003930988450617677
591	45449.5	0.00033458923947099153
592	18498.7	0.056508805285312456
593	50000.0	0.5440876631477969
594	36374.8	0.8717635775750463
595	40792.5	1.1432191076085725
596	50000.0	0.13296510087726882
597	50000.0	1.8533032912057397
598	50000.0	0.45956044459833256
599	4528.8	7.422921479367514e-09
600	4870.6	8.524785460547915e-09
601	4893.9	8.645128594429477e-09
602	14026.8	0.18944848894738586
603	5034.6	8.22138973790324e-09
604	4835.1	8.381657733205177e-09
605	4927.2	7.852375647927308e-09
606	4844.9	8.251579820883098e-09
607	4786.2	8.757937387540097e-09
608	9948.4	0.09211863349051694
609	4810.1	8.484962958682786e-09
610	18412.7	0.353019989800175
611	4817.9	8.580455134825033e-09
612	4981.7	8.670781691249156e-09
613	4918.2	8.900009365965556e-09
614	4825.6	6.617332373402783e-09
615	9362.1	0.012351711353502616
616	4859.3	8.743953667186526e-09
617	4916.7	8.008370567860376e-09
618	4703.0	8.06329536578846e-09
619	4961.0	8.627441247763816e-09
620	5457.0	8.06815505295591e-09
621	4788.2	7.724174529833688e-09
622	4822.3	8.068410016094784e-09
623	4535.9	8.719546075835403e-09
624	4868.1	8.278764086238244e-09
625	4607.4	7.782132599273187e-09
626	4862.3	8.658830434754244e-09
627	18464.4	0.21412303360812457
628	4825.1	8.511077333016041e-09
629	9575.2	0.10255780391211193
630	23007.8	0.41288309021407255
631	4693.0	8.177979369184553e-09
632	4814.8	8.77682996881839e-09
633	5019.3	8.872601532462243e-09
634	4645.8	8.131956080592782e-09
635	9355.3	0.08843639888336793
636	4701.8	8.135708241301664e-09
637	5016.8	8.695828779942474e-09
638	4711.6	8.239022625938456e-09
639	4872.7	8.0403591806068e-09
640	4900.1	8.895023575415533e-09
641	9432.5	0.11504515730738107
642	4859.0	8.537265820611836e-09
643	4754.0	8.2234849373734e-09
644	4758.7	8.85372799661076e-09
645	4807.2	8.326603461022351e-09
646	9490.2	0.02527229511450189
647	4734.8	7.970004104426618e-09
648	18462.2	0.38853024443575257
649	4874.0	7.997612531978714e-09
650	2736.4	8.944931182816621e-09
651	7500.6	2.033443934944162e-07
652	7492.6	1.0027482427563128e-06
653	2774.1	7.473470450785145e-09
654	2794.4	7.613573145158518e-09
655	12311.2	1.5996574103768286e-07
656	2827.3	7.386970380307909e-09
657	2861.2	8.044136875489452e-09
658	7560.4	1.0981546772225803e-07
659	2686.4	8.235181432978535e-09
660	2909.6	6.9157260434724846e-09
661	2789.5	7.603220174344031e-09
662	2691.8	6.39852433790843e-09
663	21733.1	7.866915954795606e-07
664	2695.9	6.921644634313665e-09
665	2690.5	6.282864688437929e-09
666	2904.6	8.472070062855645e-09
667	3619.3	8.184462269752036e-09
668	2822.9	7.022262628328495e-09
669	2879.4	7.691012731272779e-09
670	2845.1	7.74354593777096e-09
671	2610.9	6.399073309898381e-09
672	2683.4	7.285188764138888e-09
673	16979.7	2.4574751928952434e-05
674	2883.8	7.535658715594592e-09
675	7486.4	7.370074822278732e-07
676	2858.3	7.82074591648913e-09
677	2740.6	7.574338243132493e-09
678	2639.7	7.835714922446504e-09
679	2885.1	7.888749566842778e-09
680	2666.2	7.641013763040877e-09
681	2747.3	7.206540774551524e-09
682	12225.6	3.888289705576554e-07
683	2817.3	7.944271720484501e-09
684	3420.3	8.595669301953223e-09
685	2766.4	8.255842043705119e-09
686	2827.0	7.63493519597857e-09
687	2821.0	7.75657034077946e-09
688	2915.8	6.933507922357537e-09
689	2724.4	7.408145946808605e-09
690	2710.1	8.089220402982573e-09
691	2850.0	7.920412408610995e-09
692	2711.8	8.221154954923718e-09
693	2765.9	8.117316099545328e-09
694	7564.9	3.0344412597094856e-05
695	2663.5	7.417754538677508e-09
696	2795.8	7.814234304861774e-09
697	12221.9	2.3093663973546824e-08
698	16951.6	0.00010476140167436415
699	2834.6	8.496679380041973e-09
700	50000.0	0.7080786119037099
701	50000.0	0.31300865139917083
702	50000.0	0.16489740027222743
703	50000.0	0.663633644101913
704	50000.0	0.7199059775278003
705	50000.0	1.6798814116977012
706	50000.0	0.30808550441895577
707	50000.0	0.2700095522658711
708	50000.0	1.4690055376209228
709	50000.0	1.061765500813498
710	50000.0	0.8292207359599562
711	50000.0	0.2289213495694634
712	50000.0	0.09611775750233517
713	50000.0	1.4317877285032572
714	50000.0	0.10504232415779433
715	50000.0	0.3007763068379403
716	50000.0	0.26354987698333393
717	50000.0	0.27878662675144306
718	50000.0	1.252714870030414
719	50000.0	0.2276864402497633
720	50000.0	1.5802275504062966
721	50000.0	0.5147193727253067
722	50000.0	0.8315516123085489
723	50000.0	0.16399135206877108
724	50000.0	0.858348829433108
725	50000.0	1.0182768889225273
726	50000.0	0.9622793853618145
727	50000.0	0.4029176156654251
728	50000.0	1.3264452225863452
729	50000.0	1.127624330580366
730	50000.0	0.23990801524736138
731	50000.0	0.7080064553015644
732	50000.0	0.6830525661748044
733	50000.0	0.3889887597164147
734	50000.0	0.35699745401216987
735	50000.0	0.7689002281005148
736	50000.0	1.3600803989557966
737	50000.0	0.1701875042894413
738	50000.0	0.21677639913241697
739	50000.0	2.413707254289841
740	50000.0	0.4902120278464957
741	50000.0	0.22749802347355974
742	50000.0	0.7508126193231364
743	50000.0	0.5805242079997364
744	50000.0	0.5613675841279177
745	50000.0	1.1220332430056128
746	50000.0	2.3904826921683187
747	50000.0	0.16059207432840117
748	50000.0	2.884512613326419
749	50000.0	0.392910643513828
750	50000.0	4.080994148448296
751	50000.0	4.175463470462569
752	50000.0	3.2479152014840635
753	50000.0	3.8114383283405724
754	50000.0	4.814527138814868
755	50000.0	3.996650366590283
756	50000.0	2.419817941791485
757	50000.0	2.5658307413608332
758	50000.0	1.8196998335553154
759	50000.0	3.661729612403019
760	50000.0	2.9949162797021343
761	50000.0	3.90881727678667
762	50000.0	2.866637596162925
763	50000.0	3.7807348282542166
764	50000.0	5.377248010633112
765	50000.0	2.5759824485196905
766	50000.0	2.7611963330351346
767	50000.0	5.464261970406474
768	50000.0	3.8336786838647847
769	50000.0	3.9234588063217424
770	50000.0	5.314039346208795
771	50000.0	4.326409917371467
772	50000.0	3.0438288500907
773	50000.0	1.9841282219593175
774	50000.0	3.9505796625327863
775	50000.0	2.128187872658988
776	50000.0	5.598980217396823
777	50000.0	3.370215059324445
778	50000.0	3.770643913391319
779	50000.0	5.8971852867707515
780	50000.0	3.059132326143142
781	50000.0	3.9163189866692285
782	50000.0	4.800225731147334
783	50000.0	2.5769098392952188
784	50000.0	4.446022585313581
785	50000.0	3.778186801775506
786	50000.0	2.3139378523019176
787	50000.0	4.686144352872594
788	50000.0	4.639641669051144
789	50000.0	3.0324515605741227
790	50000.0	4.0042190296325275
791	50000.0	1.846198693496285
792	50000.0	2.146430034717068
793	50000.0	2.616915945804405
794	50000.0	2.949361936226045
795	50000.0	2.7715103758913235
796	50000.0	5.142265880950367
797	50000.0	4.348094814863796
798	50000.0	4.211382351322164
799	50000.0	2.383503441450126
800	50000.0	5.349692704948879
801	50000.0	7.157861793441834
802	50000.0	3.0922435357487066
803	50000.0	6.712847058177209
804	50000.0	10.9878490341349
805	50000.0	5.729988314540149
806	50000.0	5.203129233042949
807	50000.0	6.1575000677240235
808	50000.0	7.229551378528188
809	50000.0	13.740767533257294
810	50000.0	7.644519534304517
811	50000.0	9.26051844249126
812	50000.0	10.14823594621232
813	50000.0	9.09055655387537
814	50000.0	9.575050778422648
815	50000.0	7.00458171673702
816	50000.0	15.067736326730877
817	50000.0	8.418378206519868
818	50000.0	9.12593926923556
819	50000.0	10.357070070750089
820	50000.0	6.326881638551408
821	50000.0	9.22530406112023
822	50000.0	6.6928722233681555
823	50000.0	2.213826772671309
824	50000.0	7.343709850011193
825	50000.0	7.408153636590185
826	50000.0	6.954644366877259
827	50000.0	3.446100477426036
828	50000.0	6.574081044514015
829	50000.0	3.9975332420100047
830	50000.0	5.5343138231616225
831	50000.0	7.502782940865676
832	50000.0	4.657598243437901
833	50000.0	4.05639922625446
834	50000.0	2.3182090668159407
835	50000.0	3.2963513307506154
836	50000.0	8.857924760151509
837	50000.0	4.775241172747953
838	50000.0	13.806008332500573
839	50000.0	3.189338179923131
840	50000.0	6.022508785614175
841	50000.0	5.346334649819439
842	50000.0	7.782660214458204
843	50000.0	4.660703407563813
844	50000.0	6.079965689629393
845	50000.0	14.001871671780126
846	50000.0	8.845556187312756
847	50000.0	7.0591818549078384
848	50000.0	6.319592927893597
849	50000.0	6.60820630989294
850	50000.0	22.165824184945233
851	50000.0	27.325638098009414
852	50000.0	4.561768747485278
853	50000.0	26.08149445723828
854	50000.0	33.216161258348734
855	50000.0	19.92737057404417
856	50000.0	20.918328497477184
857	50000.0	26.35852678142293
858	50000.0	29.269848287096114
859	50000.0	53.03466964960417
860	50000.0	25.912362371162903
861	50000.0	35.152084633269325
862	50000.0	20.357230170918932
863	50000.0	24.999996753799355
864	50000.0	32.99366175176476
865	50000.0	21.022658464256168
866	50000.0	46.80281213935042
867	50000.0	24.44734152726935
868	50000.0	23.008698325108263
869	50000.0	20.062714217735166
870	50000.0	29.109962217193107
871	50000.0	34.870072806935404
872	50000.0	14.971445547556982
873	50000.0	11.552197848295219
874	50000.0	16.962264729925636
875	50000.0	16.531436843621975
876	50000.0	13.212025432634752
877	50000.0	9.49763169886144
878	50000.0	24.61040473918153
879	50000.0	11.645308269665462
880	50000.0	20.499718728324613
881	50000.0	27.913572233855312
882	50000.0	17.3169752342559
883	50000.0	11.465138664094313
884	50000.0	8.65332114140612
885	50000.0	11.422766638313432
886	50000.0	27.914613171077395
887	50000.0	18.182971212399146
888	50000.0	37.129795355601566
889	50000.0	13.818891180939502
890	50000.0	9.634796468690773
891	50000.0	22.64150156653032
892	50000.0	20.217642488082923
893	50000.0	16.66360970625279
894	50000.0	25.4996248304408
895	50000.0	44.491983229806024
896	50000.0	23.971701900351952
897	50000.0	23.23499399214433
898	50000.0	19.108573915170425
899	50000.0	20.04980436172809
900	50000.0	0.03291625272836853
901	50000.0	0.06648034870623949
902	50000.0	0.07590465499762633
903	45196.9	0.01337307429678205
904	50000.0	0.058958302291920006
905	50000.0	0.046562328843093324
906	50000.0	0.05630729336320748
907	50000.0	0.06761654180456222
908	50000.0	0.05356202880977286
909	50000.0	0.03241863973189787
910	50000.0	0.08260876347443383
911	50000.0	0.05437435044866952
912	50000.0	0.04058675422723397
913	50000.0	0.06312669855908233
914	50000.0	0.054451443782719974
915	50000.0	0.08569653864119875
916	50000.0	0.04215580486277197
917	45223.6	0.019042456078563853
918	50000.0	0.03914394672765127
919	50000.0	0.07474340576802803
920	50000.0	0.05853703019136312
921	50000.0	0.08368300181269853
922	50000.0	0.05241283652857085
923	50000.0	0.04859836990793731
924	50000.0	0.08044347563292806
925	50000.0	0.08214967056692277
926	50000.0	0.08072210533409727
927	50000.0	0.05518319383836286
928	50000.0	0.05502423956453839
929	50000.0	0.07482933228078022
930	50000.0	0.0770851988326637
931	50000.0	0.04273212555992796
932	50000.0	0.057045740866715634
933	50000.0	0.07255485269670778
934	50000.0	0.04935068450046352
935	50000.0	0.01738613390978987
936	50000.0	0.006941994346111891
937	50000.0	0.028872147882853128
938	50000.0	0.060252668100280536
939	50000.0	0.08559808806858431
940	50000.0	0.05259689896891082
941	50000.0	0.0834365535953184
942	50000.0	0.0866631469504826
943	50000.0	0.07753426334118459
944	50000.0	0.014003645625515659
945	50000.0	0.033876342899851156
946	50000.0	0.08126412665354081
947	50000.0	0.06595175802915207
948	50000.0	0.10001869074527647
949	45256.5	0.03304741287811339
950	50000.0	1.3297924183234078
951	50000.0	1.4292283500798773
952	50000.0	1.4606288911806486
953	50000.0	1.5002202056804665
954	50000.0	1.3718441578093878
955	50000.0	1.333070221736724
956	50000.0	1.3899429094693974
957	50000.0	1.5271908783202048
958	50000.0	1.3252715826580999
959	50000.0	1.3438968459383198
960	50000.0	1.3899429094693974
961	50000.0	1.2975605643913242
962	50000.0	1.321853612058656
963	50000.0	1.3414460148129452
964	50000.0	1.5045385708351433
965	50000.0	1.3798344098844386
966	50000.0	1.238784007857171
967	50000.0	1.5318064323335387
968	50000.0	1.3252715826580999
969	50000.0	1.4571866891280965
970	50000.0	1.4544947502181194
971	50000.0	1.4091014077093436
972	50000.0	1.4378889996758097
973	50000.0	1.4744223596949282
974	50000.0	1.4013521289016053
975	50000.0	1.252066099805877
976	50000.0	1.3249266921742462
977	50000.0	1.3897127125513709
978	50000.0	1.4298191016803887
979	50000.0	1.303475401940592
980	50000.0	1.2434832014640114
981	50000.0	1.2853741041390547
982	50000.0	1.3770075184849913
983	50000.0	1.3494656850661622
984	50000.0	1.3578644591044369
985	50000.0	1.4214828871081715
986	50000.0	1.3310853688614734
987	50000.0	1.432827166638156
988	50000.0	1.4652762852215866
989	50000.0	1.322519536029465
990	45288.1	1.2757044240759015
991	50000.0	1.3390832316863837
992	50000.0	1.4273154970475548
993	50000.0	1.4026055488746016
994	45288.1	1.2757044240759015
995	50000.0	1.5313099538605954
996	50000.0	1.2943555666968651
997	50000.0	1.3802212490246997
998	50000.0	1.446520285940052
999	50000.0	1.2819234934029908
1000	50000.0	3.2456896960920565
1001	50000.0	1.2452555353046209
1002	50000.0	7.011098033762681
1003	45134.1	7.3111400797759485
1004	50000.0	1.2452703615386382
1005	45162.3	2.2204932902476484
1006	50000.0	2.3527125049990483
1007	45105.2	1.6044224004164325
1008	50000.0	2.5551813856967294
1009	50000.0	3.3905987654064793
1010	50000.0	8.26087629532027
1011	50000.0	6.581574746034525
1012	50000.0	1.7079583071062605
1013	45116.8	2.2197517895981917
1014	50000.0	2.152148958677644
1015	5274.4	5.736184689292256e-09
1016	45119.1	1.120729981969097
1017	30507.9	0.19382674953152357
1018	50000.0	1.9711588677429446
1019	45140.4	4.2293364700377705
1020	50000.0	7.136424956799866
1021	45129.3	7.899275346445028
1022	45111.9	2.527897127185119
1023	50000.0	0.6918838115073567
1024	50000.0	1.2781826212686975
1025	31011.2	0.3436700583334865
1026	50000.0	7.448393439120428
1027	15898.3	3.6394200405572315e-07
1028	50000.0	5.781197371766909
1029	18547.0	0.008251432901792862
1030	50000.0	0.7350429201163422
1031	50000.0	0.6926074428135066
1032	50000.0	3.1429251244686123
1033	50000.0	1.246433055473587
1034	50000.0	2.131040915380016
1035	35392.5	3.609471384669109e-07
1036	1170.8	4.560145646277134e-09
1037	50000.0	3.233679646530205
1038	22325.7	6.251423604497093e-08
1039	50000.0	4.594195889792753
1040	50000.0	1.3793762948065589
1041	50000.0	5.407417207574403
1042	45113.1	4.679465877357661
1043	50000.0	2.008527274122665
1044	26108.6	0.19377857638600532
1045	50000.0	2.1186349280203194
1046	45098.1	2.8546473317265506
1047	50000.0	1.2452555353043253
1048	45160.7	3.6621543362712545
1049	50000.0	1.9034478564182211
1050	50000.0	17.219907452416518
1051	17548.1	3.8422065857179207e-08
1052	50000.0	2.3376844113033695
1053	39340.3	0.7280995331489482
1054	50000.0	7.271629193627011
1055	45119.2	7.4604473492731085
1056	50000.0	0.6918937606407185
1057	26844.2	2.5946186379228184e-08
1058	50000.0	4.411950826295606
1059	50000.0	1.9549988597066825
1060	28518.9	0.001343618158119721
1061	50000.0	7.427274491741221
1062	50000.0	0.6924286608430006
1063	50000.0	11.125618450408371
1064	50000.0	18.38986056027553
1065	50000.0	1.2262425489093058
1066	50000.0	0.6924022895628175
1067	50000.0	2.590547730089701
1068	50000.0	11.125618450498582
1069	50000.0	9.673222150005351
1070	29505.5	7.74581569465188e-07
1071	50000.0	1.9550198061441144
1072	44655.4	10.533775823980505
1073	45156.0	17.482164470370897
1074	50000.0	2.592690190112754
1075	50000.0	2.4757759231755907
1076	50000.0	15.202974790081402
1077	50000.0	12.17214107524533
1078	27835.4	0.3155643595133738
1079	33644.3	0.04338262185296256
1080	50000.0	8.742805358814305
1081	50000.0	1.5259581299298919
1082	50000.0	0.6879025673201461
1083	34342.5	0.40143153841352996
1084	50000.0	0.8841812158250798
1085	50000.0	1.9550329017245633
1086	45167.3	1.7594989744906713
1087	50000.0	0.6918569112388907
1088	50000.0	0.6918569111917894
1089	45155.9	4.164450514895593
1090	50000.0	2.5905477300898436
1091	28518.8	4.909388177091521e-07
1092	50000.0	4.815604243078557
1093	50000.0	0.6227687423175045
1094	50000.0	3.968474339529916
1095	14746.6	3.279306150598988e-06
1096	50000.0	0.9135325183062063
1097	50000.0	7.2716291936267865
1098	20322.0	0.00998730088871035
1099	50000.0	6.302062396666747
1100	50000.0	0.15827991861356955
1101	50000.0	0.21444764453411674
1102	50000.0	0.1439741661503669
1103	50000.0	0.18696622212888342
1104	50000.0	0.12883787692087337
1105	50000.0	0.2562116367314808
1106	50000.0	0.14617679173076487
1107	50000.0	0.19502093205456825
1108	50000.0	0.1546262343376095
1109	50000.0	0.06071724133569051
1110	50000.0	0.10666952772732145
1111	50000.0	0.17175509456523852
1112	50000.0	0.13849443045567178
1113	50000.0	0.23242476099325732
1114	50000.0	0.14518439729401136
1115	50000.0	0.21649195541430122
1116	50000.0	0.18820116649522303
1117	50000.0	0.11908108209902087
1118	50000.0	0.19632735590400416
1119	50000.0	0.09283037306720081
1120	50000.0	0.10022368760475057
1121	50000.0	0.1916144134754711
1122	50000.0	0.15673358700403292
1123	50000.0	0.17246944822593518
1124	50000.0	0.08151129584592312
1125	50000.0	0.10148030398915626
1126	50000.0	0.09901183857895471
1127	50000.0	0.14698111811381023
1128	50000.0	0.21311404145941792
1129	50000.0	0.2137670251228842
1130	50000.0	0.12239090567409641
1131	50000.0	0.19158424508443825
1132	50000.0	0.22600229069779038
1133	50000.0	0.15529992425693465
1134	50000.0	0.14286930467417297
1135	50000.0	0.15496988087100824
1136	50000.0	0.17996502306432208
1137	50000.0	0.14459595003895262
1138	50000.0	0.133064232775252
1139	50000.0	0.1321044164141462
1140	50000.0	0.09469022394209778
1141	50000.0	0.15931979029133791
1142	50000.0	0.11439304531045233
1143	50000.0	0.1276093844369586
1144	50000.0	0.20176592585745926
1145	50000.0	0.1195323537499855
1146	50000.0	0.18590146453898976
1147	50000.0	0.10856944304268548
1148	50000.0	0.12751763727740612
1149	50000.0	0.13553575459865272
1150	50000.0	4.520102170096075
1151	50000.0	6.684752566676532
1152	50000.0	5.331097646667904
1153	50000.0	1.4129850916716364
1154	50000.0	5.628954627257611
1155	50000.0	1.2529818421295924
1156	50000.0	3.228147606211676
1157	50000.0	7.605714537089196
1158	50000.0	3.04903046156589
1159	50000.0	3.475867683234982
1160	50000.0	5.6897611539171695
1161	50000.0	6.412693439246847
1162	50000.0	7.865985902277639
1163	50000.0	2.4946694113040815
1164	50000.0	2.3516456018349423
1165	50000.0	2.922207116967296
1166	50000.0	1.5071935285574294
1167	50000.0	1.1199355627047565
1168	50000.0	2.9640644370956064
1169	50000.0	1.925396542524376
1170	50000.0	5.3121027617605066
1171	50000.0	2.308112859655798
1172	50000.0	1.8335189010220998
1173	50000.0	7.561000916296412
1174	50000.0	8.82304156692478
1175	50000.0	4.823893920572989
1176	50000.0	1.1575445298432205
1177	50000.0	0.8705953325633613
1178	50000.0	2.532951223468652
1179	50000.0	1.2643933919496504
1180	50000.0	7.789626280227067
1181	50000.0	4.845010411469472
1182	50000.0	1.7313616224531305
1183	50000.0	7.145818162921697
1184	50000.0	1.7481976691810952
1185	50000.0	5.643456934431572
1186	50000.0	8.2896789182223
1187	50000.0	8.060865155420803
1188	50000.0	2.6559716596675376
1189	50000.0	2.275669753487491
1190	50000.0	2.505016710201553
1191	50000.0	6.2960894256239985
1192	50000.0	1.5029610900164865
1193	50000.0	4.919674560973351
1194	50000.0	9.135367516195075
1195	50000.0	2.4355029533074406
1196	50000.0	2.4749594286149175
1197	50000.0	3.093114087095154
1198	50000.0	8.995696883268144
1199	50000.0	2.518742865223128
