	0	1
0	37356.6	3.594344770879542e-05
1	41251.2	6.880092902876111e-08
2	50000.0	1.9666400357577767
3	50000.0	1.3742037865783598
4	46888.6	0.06264190750075621
5	42072.4	0.001124131880040195
6	38787.8	3.159761674962743e-08
7	20615.2	1.6634795008773052e-08
8	37641.6	0.007412760474104124
9	44051.0	0.07895576333294825
10	44392.0	0.0001371790917647535
11	50000.0	0.05965139183137426
12	46815.0	0.08202851312649344
13	50000.0	0.05835974153756297
14	23608.6	2.5430949945301016e-08
15	50000.0	1.430508344630736
16	34275.4	9.0791245195793e-09
17	50000.0	0.20811747880807782
18	49652.6	0.44200254159937746
19	37585.6	6.871665590052427e-08
20	46828.0	0.03157668929763034
21	43518.8	0.0325415669715532
22	49358.2	0.13487348678914596
23	39095.2	0.011136833414286965
24	32209.2	2.4730989455111416e-08
25	29044.2	1.0214488204563355e-08
26	48691.0	1.000285716242387
27	30725.2	1.1406005524041177e-08
28	50000.0	0.463947284538175
29	26098.0	2.1534807653153474e-08
30	18894.6	3.052724455704011e-08
31	47019.0	0.08389634763197572
32	48653.8	0.34603708393169197
33	49931.8	0.028633687284177145
34	32901.4	1.2550112810053814e-08
35	33354.8	3.517863845602181e-08
36	40828.6	7.634783875019295e-08
37	50000.0	0.21030285774634008
38	43809.4	0.010560891054883042
39	30002.4	7.668578288720493e-09
40	50000.0	1.6061346543108495
41	50000.0	0.10992118920997088
42	46605.2	0.033821291732254025
43	50000.0	2.664710271393351
44	48845.4	0.029190759458834814
45	47601.6	0.4733919922142763
46	50000.0	0.32338501923579077
47	35081.6	1.2542954091787762e-07
48	25586.8	8.093522420975885e-08
49	50000.0	0.4484986705811861
50	50000.0	18044.051134658126
51	50000.0	17998.207936909654
52	50000.0	9590.810724148745
53	50000.0	51544.72418328373
54	50000.0	6046.689016298774
55	50000.0	1167.0199317787692
56	50000.0	58998.88618603995
57	50000.0	4157.686784618771
58	50000.0	29285.902916805993
59	50000.0	11370.363083282973
60	50000.0	1029.879400141303
61	50000.0	893.537708812343
62	50000.0	106071.56153420518
63	50000.0	100236.95330662359
64	50000.0	27800.753323847566
65	50000.0	8287.782670081097
66	50000.0	186436.82748890793
67	50000.0	3298.9971914725284
68	50000.0	49694.73774944113
69	50000.0	5777.661528088431
70	50000.0	27967.428674115836
71	50000.0	9012.083081818944
72	50000.0	1024.3741458956483
73	50000.0	4810.281495905228
74	50000.0	15916.717544026022
75	50000.0	8772.681743316421
76	50000.0	37545.578484213635
77	50000.0	95475.63723516776
78	50000.0	3775.60006579903
79	50000.0	3085.7396659783653
80	50000.0	58018.057488098086
81	50000.0	43633.21189716095
82	50000.0	271.9727050287926
83	50000.0	40689.636285986475
84	50000.0	112593.38310059598
85	50000.0	14895.17300023186
86	50000.0	704.6247659044501
87	50000.0	15628.400697967323
88	50000.0	17590.552238981134
89	50000.0	2896.8605632242648
90	50000.0	66.61061099925669
91	50000.0	3723.086374919201
92	50000.0	132248.86972627245
93	50000.0	42154.383844059834
94	50000.0	29639.989899351982
95	50000.0	1929.6196188941108
96	50000.0	40225.72483369523
97	50000.0	6398.721105705032
98	50000.0	1204.6561419793566
99	50000.0	77204.8403078511
100	50000.0	23.526229724866376
101	50000.0	19.746903697327006
102	50000.0	37.74653599938886
103	50000.0	44.08448394394186
104	50000.0	54.57013376932633
105	50000.0	50.813097256305795
106	50000.0	68.09851698713788
107	50000.0	7.371633850492719
108	50000.0	29.740525156229843
109	50000.0	25.048373199244157
110	50000.0	35.01272857621261
111	50000.0	24.619043995961942
112	50000.0	31.22995415291664
113	50000.0	20.05162459516407
114	50000.0	31.27545146103688
115	50000.0	41.94245435747702
116	50000.0	35.68600687077209
117	50000.0	34.51080563414628
118	50000.0	20.520968781095625
119	50000.0	56.446163609176175
120	50000.0	36.86720907866405
121	50000.0	20.22066187386713
122	50000.0	29.444378961390214
123	50000.0	22.971429460801854
124	50000.0	48.24085971152784
125	50000.0	13.339004693781849
126	50000.0	34.565363648929214
127	50000.0	56.60390680003161
128	50000.0	13.697924157855264
129	50000.0	18.78055779772528
130	50000.0	45.232451147933205
131	50000.0	30.67638871721407
132	50000.0	19.956390807780508
133	50000.0	14.287407781968975
134	50000.0	91.66406506275864
135	50000.0	13.806172018359907
136	50000.0	59.85281327064432
137	50000.0	38.39298733068664
138	50000.0	5.825557008763452
139	50000.0	13.272508798370572
140	50000.0	44.15597471801016
141	50000.0	32.64381037002353
142	50000.0	41.91613387713089
143	50000.0	75.80723542329699
144	50000.0	79.26344034209856
145	50000.0	55.211300266593675
146	50000.0	72.19326636979677
147	50000.0	72.30784769894578
148	50000.0	36.120878390789485
149	50000.0	23.861954464537497
150	50000.0	24.304044625260072
151	50000.0	14.805421486356533
152	50000.0	25.1564827868038
153	50000.0	49.095473297566166
154	50000.0	51.68920616547992
155	50000.0	40.461288062026696
156	50000.0	64.56358798749969
157	50000.0	11.772771527504606
158	50000.0	31.20455731028079
159	50000.0	26.204463270124016
160	50000.0	28.805992470321108
161	50000.0	15.593851223382975
162	50000.0	33.38941000494756
163	50000.0	17.674873857503037
164	50000.0	36.71844056971495
165	50000.0	44.05003386373276
166	50000.0	40.078824621462196
167	50000.0	30.775985317901537
168	50000.0	23.043058373333608
169	50000.0	51.10193831934514
170	50000.0	50.40319432932631
171	50000.0	17.409062742399573
172	50000.0	33.71779922263991
173	50000.0	19.766601957507355
174	50000.0	30.32995637107832
175	50000.0	11.628399948296842
176	50000.0	30.21600887537346
177	50000.0	54.24413362049787
178	50000.0	10.022869571933025
179	50000.0	25.05112501555243
180	50000.0	49.50656270848974
181	50000.0	30.008846567865042
182	50000.0	31.100639311523185
183	50000.0	12.8046457882924
184	50000.0	72.21101755192346
185	50000.0	14.080306607907621
186	50000.0	39.2190514146395
187	50000.0	52.498140694714586
188	50000.0	3.503655943248289
189	50000.0	9.049953417300085
190	50000.0	48.564281207474906
191	50000.0	36.65035117504086
192	50000.0	31.502500594514185
193	50000.0	64.30595521723077
194	50000.0	45.92425979880535
195	50000.0	60.59637038726646
196	50000.0	63.98388086885244
197	50000.0	78.30366460159038
198	50000.0	24.62101010371784
199	50000.0	13.32579439318645
200	50000.0	28.844067017256684
201	50000.0	26.89205552487774
202	50000.0	36.29973307568369
203	50000.0	39.62887684124232
204	50000.0	32.37450659212449
205	50000.0	33.798094459970415
206	50000.0	37.25027362757366
207	50000.0	32.37450659212449
208	50000.0	34.006614274286356
209	50000.0	30.31632048399378
210	50000.0	34.691461614393916
211	50000.0	39.77649149511573
212	50000.0	31.960540485337198
213	50000.0	26.89205552487774
214	50000.0	31.214010458855974
215	50000.0	35.78857689862786
216	50000.0	39.62887684124232
217	50000.0	28.844067017256684
218	50000.0	27.387446145995302
219	50000.0	32.37450659212449
220	50000.0	41.59442596395604
221	50000.0	34.85658699233875
222	50000.0	27.387446145995302
223	50000.0	33.859507240669885
224	50000.0	34.17142357168482
225	50000.0	26.0214825927605
226	50000.0	28.967097462318897
227	50000.0	32.37450659212449
228	50000.0	34.85658699233875
229	50000.0	31.214010458855974
230	50000.0	26.0214825927605
231	50000.0	33.89620561914918
232	50000.0	37.25027362757366
233	50000.0	28.950862300288357
234	50000.0	34.85658699233875
235	50000.0	30.828338026423268
236	50000.0	38.41807601190529
237	50000.0	31.960540485337198
238	50000.0	35.78857689862786
239	50000.0	33.859507240669885
240	50000.0	36.29973307568369
241	50000.0	34.006614274286356
242	50000.0	30.31632048399378
243	50000.0	32.37450659212449
244	50000.0	25.834467878084656
245	50000.0	27.387446145995302
246	50000.0	33.859507240669885
247	50000.0	34.006614274286356
248	50000.0	35.307211076609605
249	50000.0	34.691461614393916
250	50000.0	434.6378310670442
251	50000.0	15.569153225882374
252	50000.0	37.79444760976348
253	50000.0	19.23848901339246
254	50000.0	40491.202471188495
255	50000.0	2224.6448082918005
256	50000.0	75.88288452205424
257	50000.0	649.5734224940044
258	50000.0	19.985614909936125
259	50000.0	1302.9804800600425
260	50000.0	2.1363077335430445
261	50000.0	0.881624160034369
262	50000.0	38.23651922931159
263	50000.0	6.429751247184069
264	50000.0	8.767851943148512
265	50000.0	24.836739634969064
266	50000.0	8.972701318153801
267	50000.0	3339.760357933342
268	50000.0	24.84781213550891
269	50000.0	20.065241183613427
270	50000.0	1.6219769916306692
271	50000.0	198.40496678821344
272	50000.0	5207.650642810693
273	50000.0	10.891614750447356
274	50000.0	15190.534177241716
275	50000.0	1.9117251828369994
276	50000.0	4.0226345852729715
277	50000.0	20.460587252124952
278	50000.0	15.794854313720975
279	50000.0	12.60313712342214
280	50000.0	44.85731342928118
281	50000.0	1.8059058227534823
282	50000.0	63.541067014122135
283	50000.0	22.628456006806232
284	50000.0	13.605765793607144
285	50000.0	14.430799229451429
286	50000.0	18.89400862134365
287	50000.0	995.4442345297566
288	50000.0	3.7934952089485883
289	50000.0	15.423802013576363
290	50000.0	53.77105542353645
291	50000.0	3.7604849537807126
292	50000.0	10.828458484258205
293	50000.0	1003.5078714357676
294	50000.0	11.846715547735853
295	50000.0	40.739633578422
296	50000.0	0.250736907599385
297	50000.0	4.566074071903356
298	50000.0	3.452100743521431
299	50000.0	15.202657851128421
300	50000.0	0.0
301	50000.0	94.1629000278932
302	50000.0	45.93581543976735
303	50000.0	13.21590549866183
304	50000.0	32.344294561609665
305	50000.0	65.95996622567468
306	50000.0	82.30283038507191
307	50000.0	0.0
308	50000.0	108.46856273748362
309	50000.0	24.364620585467033
310	50000.0	0.0
311	50000.0	413.9830144265479
312	50000.0	129.7115355211306
313	50000.0	0.0
314	50000.0	333.26820561871034
315	50000.0	0.0
316	50000.0	35.58051842794934
317	50000.0	27.97958748122222
318	50000.0	58.51026915223747
319	50000.0	1038.250594517471
320	50000.0	298.8814908292242
321	50000.0	0.0
322	50000.0	1.4995350813835266
323	50000.0	0.0
324	50000.0	415.28345726815877
325	50000.0	228.86898683455988
326	50000.0	122.63063773021281
327	50000.0	98.56965605132577
328	50000.0	45.972311277036525
329	50000.0	113.61829056525656
330	50000.0	0.0
331	50000.0	15.096390415410943
332	50000.0	0.0
333	50000.0	14.262289753511576
334	50000.0	64.18744324921164
335	50000.0	57.23601541565379
336	50000.0	271.5165225561946
337	50000.0	36.20769141995909
338	50000.0	48.43132020792997
339	50000.0	14.826823897704624
340	50000.0	0.0
341	50000.0	0.0
342	50000.0	680.8217770898178
343	50000.0	0.0
344	50000.0	0.0
345	50000.0	0.0
346	50000.0	61.92182717213573
347	50000.0	59.33495471441181
348	50000.0	62.710933331330715
349	50000.0	0.0
350	50000.0	120.44965091758604
351	50000.0	0.7203023441431975
352	50000.0	19.274411084448374
353	50000.0	14.151545105686347
354	50000.0	0.1838007743804742
355	50000.0	11.74482042887768
356	50000.0	15.958056992325217
357	50000.0	0.04157252700070735
358	50000.0	30.48579750601774
359	50000.0	3.9776112305018323
360	50000.0	0.9777253842068496
361	50000.0	3.1427198618515844
362	50000.0	2.809513349560826
363	50000.0	0.3270664497014696
364	50000.0	3.8668838853060103
365	50000.0	1.5815970178935188
366	50000.0	1.1223613396347845
367	50000.0	34.31021355973058
368	50000.0	20.57793955252092
369	50000.0	10.188523772528153
370	50000.0	1.8823402794708823
371	50000.0	3.1325371397568142
372	50000.0	0.12289121251721609
373	50000.0	3.5009361545148385
374	50000.0	4.163790301273346
375	50000.0	2.979836435305804
376	50000.0	6.190133491282994
377	50000.0	1.3022089566197752
378	50000.0	27.274691393606428
379	50000.0	52.47717571520896
380	50000.0	2.7485663521534915
381	50000.0	0.5743375002175599
382	50000.0	4.716487630422567
383	50000.0	71.42786589825252
384	50000.0	0.17292365747250774
385	50000.0	147.1021248742762
386	50000.0	30.17971107804744
387	50000.0	1.1419459792159137
388	50000.0	1.763981032281632
389	50000.0	222.442546596074
390	50000.0	4.276587317843992
391	50000.0	2.0181861325771075
392	50000.0	1.960020335608771
393	50000.0	3.265872225312067
394	50000.0	0.13018617250008171
395	50000.0	0.16601556188800284
396	50000.0	191.54265444582103
397	50000.0	0.6470779892747199
398	50000.0	3.894804456680339
399	50000.0	1.4776643107813734
400	50000.0	2.933926394019867
401	50000.0	0.43302533189524545
402	50000.0	1.2908471497068061
403	50000.0	0.9303229294064661
404	50000.0	0.08353674620677877
405	50000.0	2.917098710275037
406	50000.0	2.6466093475001333
407	50000.0	0.2563495217422303
408	50000.0	0.001986715325026414
409	50000.0	0.015738657822541337
410	50000.0	0.31545485668377904
411	50000.0	2.7224521907916914
412	50000.0	1.0862270823584899
413	50000.0	1.533399335564559
414	50000.0	2.525822273533517
415	50000.0	1.7137923905903674
416	50000.0	1.8425377438447483
417	50000.0	0.7268993893917715
418	50000.0	2.5325800779425878
419	50000.0	3.396104952747005
420	50000.0	0.6888271820615287
421	50000.0	1.9522235003689759
422	50000.0	2.100250595261462
423	50000.0	0.21541244195826764
424	50000.0	2.5276504934817074
425	50000.0	2.725438756088353
426	50000.0	2.556777487731722
427	50000.0	0.028416576957093487
428	50000.0	0.34277303893371397
429	50000.0	1.7796851405085703
430	50000.0	2.5194818264470706
431	50000.0	1.8505249978092284
432	50000.0	0.0799004667428885
433	50000.0	2.8380735990754777
434	50000.0	1.3722668239536437
435	50000.0	0.09257400694008643
436	50000.0	0.9792198814656459
437	50000.0	2.507391403549126
438	50000.0	0.8383467651090026
439	50000.0	3.264268442825766
440	50000.0	1.6911729454203694
441	50000.0	0.9927932686177424
442	50000.0	1.62402344259606
443	50000.0	1.6264841494506697
444	50000.0	1.7753771917625756
445	50000.0	1.979178473142463
446	50000.0	2.1365123594927504
447	50000.0	0.3353520774096693
448	50000.0	1.8994851442311405
449	50000.0	0.057357466530771575
450	50000.0	5953.350344302258
451	50000.0	19387.4128883962
452	50000.0	113526.95679798361
453	50000.0	2067.319444299683
454	50000.0	80328.86161178394
455	50000.0	3535.2462666614038
456	50000.0	560.2355565855678
457	50000.0	6027.211428975643
458	50000.0	13525.994876780434
459	50000.0	7957.094396322887
460	50000.0	6556.594513115339
461	50000.0	24264.923149371873
462	50000.0	1264.6081601438025
463	50000.0	63438.70886538448
464	50000.0	880.3240702390083
465	50000.0	70807.45176975122
466	50000.0	13853.634607293785
467	50000.0	23502.75011319989
468	50000.0	14390.414606805029
469	50000.0	2756.103472274535
470	50000.0	1922.3048819167748
471	50000.0	15205.651558520525
472	50000.0	4200.723716605647
473	50000.0	2628.645683853243
474	50000.0	13962.333923587797
475	50000.0	246939.2935598959
476	50000.0	982.8762966038208
477	50000.0	139618.2085496954
478	50000.0	23350.646468907587
479	50000.0	218208.21305078152
480	50000.0	123570.48412633102
481	50000.0	30204.064025948017
482	50000.0	1431.2798008597133
483	50000.0	26150.56564652097
484	50000.0	1686.554088823766
485	50000.0	4381.268364974254
486	50000.0	11413.35225524088
487	50000.0	899.4265471192327
488	50000.0	1056.678708246899
489	50000.0	11625.113653045739
490	50000.0	250.17921270903585
491	50000.0	608.9993711398373
492	50000.0	38308.53172035379
493	50000.0	17262.17361413691
494	50000.0	2021.9316758597754
495	50000.0	1403.419131481637
496	50000.0	8291.611280604047
497	50000.0	699.5796043065764
498	50000.0	24327.726990541367
499	50000.0	1675.9850426611108
500	50000.0	16.77785164889486
501	50000.0	10.66679970182794
502	50000.0	18.00920936519938
503	50000.0	3.7634846679642573
504	50000.0	22.95591609056646
505	50000.0	18.282075732948567
506	50000.0	35.047417218873726
507	50000.0	6.468038676606332
508	50000.0	46.00915359089696
509	50000.0	26.829156715478387
510	50000.0	5.60241631761911
511	50000.0	19.614682494992618
512	50000.0	17.048570001633493
513	50000.0	5.026538881486786
514	50000.0	13.532160598453393
515	50000.0	9.547125547102642
516	50000.0	21.467916508865294
517	50000.0	6.944183265792217
518	50000.0	6.414886075825836
519	50000.0	34.146046485549604
520	50000.0	21.808264630449234
521	50000.0	4.598943686571099
522	50000.0	12.979213399031014
523	50000.0	12.460402349462658
524	50000.0	21.960392660001105
525	50000.0	8.311135378080694
526	50000.0	10.908483556871118
527	50000.0	19.388128129036197
528	50000.0	0.9407442862513404
529	50000.0	12.404670931571797
530	50000.0	4.078395462916003
531	50000.0	25.388035606750073
532	50000.0	34.03022452485858
533	50000.0	16.723156448752626
534	50000.0	20.168492633910162
535	50000.0	7.153523797432165
536	50000.0	15.961816855547692
537	50000.0	20.86529189386378
538	50000.0	22.278292696449178
539	50000.0	31369.24099274762
540	50000.0	32.544180773618805
541	50000.0	9.795286252935467
542	50000.0	3.401241705961488
543	50000.0	10.784729226653738
544	50000.0	9.940007062928192
545	50000.0	37.91973238252943
546	50000.0	10.294959757716288
547	50000.0	14.64270505923938
548	50000.0	5.895986870296207
549	50000.0	8.673572002570605
550	50000.0	266460.4049881747
551	50000.0	77909.25183190063
552	50000.0	107494.77101894181
553	50000.0	7340276.577915087
554	50000.0	0.11625880439480138
555	50000.0	0.37065691565172765
556	50000.0	859178.1188898248
557	50000.0	26349.050868571852
558	50000.0	1.9178584480007443
559	50000.0	4077.69318606948
560	50000.0	8385.949128249511
561	50000.0	15930.661740050316
562	50000.0	10.112347584716261
563	50000.0	4245.4020584608
564	50000.0	16.243189201813216
565	50000.0	387219.8816395006
566	50000.0	0.44700252694938414
567	50000.0	1060082.6267305387
568	50000.0	33.98606707364096
569	50000.0	91621.18616588839
570	50000.0	1108.3679898469477
571	50000.0	293451.79896336456
572	50000.0	3.913246235250469
573	50000.0	8.68145802576434
574	50000.0	0.006093565467558191
575	50000.0	14738.04533314605
576	50000.0	4705432.68749626
577	50000.0	6.074207635853313
578	50000.0	91048.29219110688
579	50000.0	32879.055381907296
580	50000.0	2.2698710895406267
581	50000.0	0.15253432759224678
582	50000.0	0.040421628420585866
583	50000.0	159744.87797875362
584	50000.0	7756.293244001751
585	50000.0	0.2907844758381829
586	50000.0	2.3077066385981504
587	50000.0	3537025.54706197
588	50000.0	1021.3617201869931
589	50000.0	1629065.2313960977
590	50000.0	5.3402413207588095
591	50000.0	1.7647795057666482
592	50000.0	13207.124644161933
593	50000.0	136447.5261622311
594	50000.0	35347.55459224564
595	50000.0	5164921.888895599
596	50000.0	0.10733034142460111
597	50000.0	574642.5796928204
598	50000.0	0.08376250158470375
599	50000.0	140139.6561723599
600	50000.0	4.883318902637919
601	50000.0	130.52371273234752
602	50000.0	107.64931499141798
603	50000.0	414.39938520256766
604	50000.0	17.091526360014925
605	50000.0	7.224840826458562
606	50000.0	11.551144361100011
607	50000.0	17.721374355577716
608	50000.0	85.32914097249721
609	50000.0	137.01506104662843
610	50000.0	267.56966016870376
611	50000.0	67.00259837411383
612	50000.0	75.82684643731588
613	50000.0	37.76900526206445
614	50000.0	210.97598524141517
615	50000.0	92.55533622367682
616	50000.0	7.412621011913528
617	50000.0	30.994836448316892
618	50000.0	27.09620911296068
619	50000.0	0.4317494724889161
620	50000.0	127.69685969794537
621	50000.0	26.265312973220063
622	50000.0	4.280205302397975
623	50000.0	13.935198312861605
624	50000.0	81.80010153012903
625	50000.0	38.28213666083677
626	50000.0	5.905354901544901
627	50000.0	122.60594091533585
628	50000.0	102.82889383558589
629	50000.0	53.27354174410525
630	50000.0	231.57928693264776
631	50000.0	65.91185585124103
632	50000.0	42.238915258323786
633	50000.0	78.75430919908463
634	50000.0	20.30638393928706
635	50000.0	54.39670815174507
636	50000.0	0.06448595761210323
637	50000.0	53.55868082375
638	50000.0	135.6376348951447
639	50000.0	75.88603450886139
640	50000.0	119.57026727148313
641	50000.0	202.3584700946129
642	50000.0	56.27121516992887
643	50000.0	72.65154660030862
644	50000.0	3.7804627509537267
645	50000.0	124.90039111445108
646	50000.0	28.340114914651984
647	50000.0	53.46075305363864
648	50000.0	203.51609509748891
649	50000.0	34.470249056498936
650	50000.0	0.09413591950303947
651	50000.0	0.04531594349730013
652	50000.0	1.0099541569136685
653	50000.0	0.028233008532377313
654	50000.0	0.14896425709198652
655	50000.0	1.4007382356487936
656	50000.0	0.2700892675319618
657	50000.0	0.30591744214109384
658	50000.0	0.26087799339177037
659	50000.0	0.012841480682287664
660	50000.0	2.5421088511569114
661	50000.0	0.006129949524892745
662	50000.0	0.07322819263987104
663	50000.0	1.3860849551973622
664	50000.0	0.09511820702683757
665	50000.0	0.07945874149468923
666	50000.0	1.1384533331129687
667	50000.0	0.21390390403461682
668	50000.0	0.2339268020465295
669	50000.0	2.54588200978728
670	50000.0	0.012614333489287343
671	50000.0	0.008812550874742656
672	50000.0	0.004876812276051108
673	50000.0	0.4405229338335614
674	50000.0	2.145120209693279
675	50000.0	0.02555268171384136
676	50000.0	0.01609081983458991
677	50000.0	0.42308478224273555
678	50000.0	0.006141760201484462
679	50000.0	2.3982409728568848
680	50000.0	0.010698838590782491
681	50000.0	0.006110377830570528
682	50000.0	0.6641719042523399
683	50000.0	0.8486570231094556
684	50000.0	1.2375531252613716
685	50000.0	0.009623952351225883
686	50000.0	0.176815227317127
687	50000.0	1.4286022695041283
688	50000.0	0.3435986372727753
689	50000.0	0.07325666751234419
690	50000.0	0.09981310985582499
691	50000.0	2.147075957854457
692	50000.0	0.1387676413912132
693	50000.0	0.014399037856190044
694	50000.0	2.2444738426539264
695	50000.0	0.009459354442723535
696	50000.0	0.4429788521606171
697	50000.0	0.031550166766911705
698	50000.0	3.363397431892799
699	50000.0	0.0526946631355115
700	50000.0	28.921381931637022
701	50000.0	79.46197958024705
702	50000.0	64.48067752571714
703	50000.0	53.02686885909215
704	50000.0	49.1850517021367
705	50000.0	6.821020478213773
706	50000.0	70.97889622763729
707	50000.0	27.405116508039622
708	50000.0	29.566785238825542
709	50000.0	23.227873068702003
710	50000.0	39.32898057896527
711	50000.0	56.57763958231736
712	50000.0	51.13053065715859
713	50000.0	31.232725229009805
714	50000.0	45.4084979044354
715	50000.0	56.658399719221656
716	50000.0	47.54629164125161
717	50000.0	50.16490381217325
718	50000.0	46.3112762386786
719	50000.0	71.5751299025687
720	50000.0	31.668323837292427
721	50000.0	40.44996077565468
722	50000.0	74.03330014282936
723	50000.0	42.165289362204604
724	50000.0	45.959446638735855
725	50000.0	21.76587308541177
726	50000.0	50.69847896854954
727	50000.0	56.24322365332525
728	50000.0	6.690955127013355
729	50000.0	26.16781425774544
730	50000.0	71.04598090601488
731	50000.0	21.753385580341764
732	50000.0	58.23793010062167
733	50000.0	81.79885743697362
734	50000.0	45.91441977375056
735	50000.0	49.90424545645637
736	50000.0	38.285015899602385
737	50000.0	37.2968651424848
738	50000.0	67.84101693288058
739	50000.0	26.40992057998675
740	50000.0	31.314126728033454
741	50000.0	31.334709921868175
742	50000.0	24.143058826731334
743	50000.0	35.87304971802097
744	50000.0	29.292398545275933
745	50000.0	36.078042036798884
746	50000.0	13.762937178839968
747	50000.0	43.118526616487834
748	50000.0	19.10106027420093
749	50000.0	49.83196585888817
750	50000.0	5.016214496980642
751	50000.0	5.331996810989853
752	50000.0	5.896146204688278
753	50000.0	5.5266433143760505
754	50000.0	5.0897968753747405
755	50000.0	6.34755324249557
756	50000.0	3.768259587553392
757	50000.0	3.8852143647244985
758	50000.0	5.260213451976276
759	50000.0	5.3999637792585435
760	50000.0	4.366688983111741
761	50000.0	6.977802064813906
762	50000.0	3.234388981373038
763	50000.0	5.759801811092641
764	50000.0	6.855589623887394
765	50000.0	2.90635894789463
766	50000.0	4.217370294964337
767	50000.0	5.651017411055505
768	50000.0	5.876729397462069
769	50000.0	5.3518980428362966
770	50000.0	6.024287917161924
771	50000.0	7.914790427629162
772	50000.0	3.8517400010563483
773	50000.0	2.9548482219251833
774	50000.0	6.538891978494123
775	50000.0	2.5338579957943503
776	50000.0	5.185204346013057
777	50000.0	4.260466862809482
778	50000.0	4.957628882351189
779	50000.0	6.253210550522262
780	50000.0	4.7639539978694785
781	50000.0	4.3995737146456575
782	50000.0	6.875310431475144
783	50000.0	6.398736218396621
784	50000.0	4.59738686607084
785	50000.0	5.706901732839492
786	50000.0	3.8321870202437793
787	50000.0	4.43593836634752
788	50000.0	6.188662253135986
789	50000.0	5.417535290310406
790	50000.0	5.596967183324159
791	50000.0	3.6623363475995645
792	50000.0	5.631463076584803
793	50000.0	3.2886110021853403
794	50000.0	4.450158038667125
795	50000.0	4.5910317376472065
796	50000.0	5.800211960634718
797	50000.0	5.975694367735522
798	50000.0	5.827015409383803
799	50000.0	3.901232647835412
800	50000.0	5.366846522061324
801	50000.0	7.250885244236974
802	50000.0	3.05275915941801
803	50000.0	6.714048665232406
804	50000.0	10.905783381538908
805	50000.0	5.760591885126138
806	50000.0	5.203278775519792
807	50000.0	6.210994463054432
808	50000.0	7.276498348015592
809	50000.0	13.706561846824755
810	50000.0	7.654473431337659
811	50000.0	9.283901131644736
812	50000.0	10.08689570184134
813	50000.0	9.146796370870085
814	50000.0	9.544573104803243
815	50000.0	7.148756541387167
816	50000.0	14.766797847247528
817	50000.0	9.014456285880161
818	50000.0	9.387428581928198
819	50000.0	10.41876983875489
820	50000.0	6.956357999453436
821	50000.0	9.230359933819166
822	50000.0	6.842291603962805
823	50000.0	2.8390074568974315
824	50000.0	7.427149727002847
825	50000.0	7.414523390115335
826	50000.0	8.05326422055468
827	50000.0	3.4487688636176586
828	50000.0	6.59786103536897
829	50000.0	4.120173089401119
830	50000.0	5.535476511516064
831	50000.0	7.4981703991364625
832	50000.0	4.663348141550356
833	50000.0	4.060478485260905
834	50000.0	2.325606311803627
835	50000.0	3.2998325792186165
836	50000.0	9.331454790516165
837	50000.0	4.785568973706253
838	50000.0	14.056068929467859
839	50000.0	3.1848081146849516
840	50000.0	6.041589474575519
841	50000.0	5.345267625324839
842	50000.0	7.748806001796318
843	50000.0	4.66475923319826
844	50000.0	6.079349475329974
845	50000.0	14.715567852623604
846	50000.0	8.41756428703615
847	50000.0	7.305200202841992
848	50000.0	6.335799132191495
849	50000.0	6.6619589128278065
850	50000.0	22.462772382637457
851	50000.0	26.97479569901169
852	50000.0	8.265723136379318
853	50000.0	26.570054462735776
854	50000.0	34.2975056070988
855	50000.0	20.24339079023302
856	50000.0	23.30516610443145
857	50000.0	26.389981094426712
858	50000.0	32.11281863387309
859	50000.0	56.29384048386078
860	50000.0	26.587423906586945
861	50000.0	39.87729399580557
862	50000.0	24.341699810646354
863	50000.0	26.33896471258131
864	50000.0	35.69344300300339
865	50000.0	22.164405744772658
866	50000.0	55.371119649910916
867	50000.0	27.958099400084393
868	50000.0	25.639492728184187
869	50000.0	22.29981255321011
870	50000.0	33.198685508091714
871	50000.0	36.90484634719304
872	50000.0	14.06418366166628
873	50000.0	13.603609860239427
874	50000.0	18.277360020902783
875	50000.0	16.933053551302557
876	50000.0	16.266189377182876
877	50000.0	9.611088969983678
878	50000.0	25.42546024264349
879	50000.0	13.008239945509155
880	50000.0	20.535015333557226
881	50000.0	29.656893388520558
882	50000.0	19.585095861112226
883	50000.0	11.757305582899418
884	50000.0	8.540821266657888
885	50000.0	11.702227868801211
886	50000.0	30.826578762783647
887	50000.0	18.74867855218908
888	50000.0	48.82313436066657
889	50000.0	14.86481822212499
890	50000.0	18.64559773938218
891	50000.0	24.193553683531864
892	50000.0	21.568985223778718
893	50000.0	18.90144669380862
894	50000.0	25.18203847040612
895	50000.0	48.207318932038206
896	50000.0	27.086576503995083
897	50000.0	24.06827259135924
898	50000.0	19.59327182130462
899	50000.0	20.12095376568717
900	50000.0	0.08182260169290512
901	50000.0	0.1128375687223997
902	50000.0	0.10952976028638624
903	50000.0	0.03799113831342353
904	50000.0	0.09954006091584784
905	50000.0	0.09270533629215141
906	50000.0	0.05969885479270527
907	50000.0	0.0968959425179003
908	50000.0	0.06526731826481687
909	50000.0	0.07444555391041785
910	50000.0	0.09312074843233234
911	50000.0	0.12615987944099788
912	50000.0	0.13242631064835758
913	50000.0	0.09827517356268327
914	50000.0	0.1061386427810989
915	50000.0	0.09861879253429198
916	50000.0	0.12569735137199806
917	50000.0	0.07178057065762644
918	50000.0	0.1744255519231089
919	50000.0	0.12744335905914053
920	50000.0	0.10610363044761825
921	50000.0	0.14169301022017128
922	50000.0	0.10497550649262503
923	50000.0	0.09542106225081337
924	50000.0	0.11384110381239428
925	50000.0	0.08984519690007157
926	50000.0	0.11266045699178928
927	50000.0	0.12586439856669535
928	50000.0	0.053781687507950336
929	50000.0	0.12401155939788974
930	50000.0	0.09555959093441668
931	50000.0	0.0819706836286068
932	50000.0	0.10900576799865327
933	50000.0	0.06399906225175514
934	50000.0	0.11376584016038542
935	50000.0	0.057304228920873966
936	50000.0	0.06912348018687205
937	50000.0	0.12451726436234996
938	50000.0	0.06919671240418897
939	50000.0	0.11337441926214602
940	50000.0	0.08751594438394524
941	50000.0	0.12352853791942735
942	50000.0	0.10306459976565333
943	50000.0	0.09867638184623609
944	50000.0	0.09490304906692124
945	50000.0	0.1025698537962473
946	50000.0	0.13298896177608466
947	50000.0	0.06265428166115328
948	50000.0	0.11534991536448284
949	50000.0	0.10758978695476759
950	50000.0	1.7205124829620313
951	50000.0	1.7205124829620313
952	50000.0	1.7516332863668005
953	50000.0	1.7343715604146204
954	50000.0	1.80401232471256
955	50000.0	1.5792500916779793
956	50000.0	1.8354712925785812
957	50000.0	1.5859049377949994
958	50000.0	1.6691033627087268
959	50000.0	1.5856590522395246
960	50000.0	1.8354712925785812
961	50000.0	1.6150771661215537
962	50000.0	1.5856590522395246
963	50000.0	1.5856590522395246
964	50000.0	1.7343715604146204
965	50000.0	1.7069719097527525
966	50000.0	1.5628236680436787
967	50000.0	1.7343715604146204
968	50000.0	1.6691033627087268
969	50000.0	1.7144152117358715
970	50000.0	1.5508203550388668
971	50000.0	1.7516332863668005
972	50000.0	1.7973933718649302
973	50000.0	1.523126270543822
974	50000.0	1.7144152117358715
975	50000.0	1.7354459744547608
976	50000.0	1.80401232471256
977	50000.0	1.7354459744547608
978	50000.0	1.7343715604146204
979	50000.0	1.582822674808035
980	50000.0	1.5726443568657318
981	50000.0	1.7354459744547608
982	50000.0	1.5792500916779793
983	50000.0	1.7354459744547608
984	50000.0	1.7069719097527525
985	50000.0	1.4989018048370346
986	50000.0	1.588846965180704
987	50000.0	1.6634298859413188
988	50000.0	1.7516332863668005
989	50000.0	1.5726443568657318
990	50000.0	1.7558655434892945
991	50000.0	1.588846965180704
992	50000.0	1.4875693944193729
993	50000.0	1.4989018048370346
994	50000.0	1.7558655434892945
995	50000.0	1.5859049377949994
996	50000.0	1.6727480306388927
997	50000.0	1.80401232471256
998	50000.0	1.7889227669042946
999	50000.0	1.6821246578975377
1000	50000.0	3.2184874141766047
1001	50000.0	1.2452555356546866
1002	50000.0	7.0110980740722395
1003	50000.0	7.996205800470522
1004	50000.0	2.5399602391868195
1005	50000.0	3.1771251224904713
1006	50000.0	3.1619867890239632
1007	50000.0	3.061944671278556
1008	50000.0	2.777988543047512
1009	50000.0	4.016895241590455
1010	50000.0	10.759775714716437
1011	50000.0	7.007243924642634
1012	50000.0	2.5379304056954304
1013	50000.0	16.45759592078283
1014	50000.0	3.26315848290755
1015	50000.0	0.03158850885275265
1016	50000.0	1.2452556186710357
1017	50000.0	9.786231494811087
1018	50000.0	3.9076970494865497
1019	50000.0	4.955552065040721
1020	50000.0	7.856587203340406
1021	50000.0	25.481189547677143
1022	50000.0	7.202875595143229
1023	50000.0	0.6918586819123662
1024	50000.0	7.186626273650424
1025	45032.4	1.640357752498637
1026	50000.0	10.491740236918524
1027	50000.0	0.0011145807465529768
1028	50000.0	5.781197550085559
1029	50000.0	0.5161534718257752
1030	50000.0	4.381572433363512
1031	50000.0	8.999918851144562
1032	50000.0	3.248150067904658
1033	50000.0	6.709081218797559
1034	50000.0	6.219109919187729
1035	50000.0	5.771963563695175
1036	50000.0	1.7580952085403786e-05
1037	50000.0	9.245350714711039
1038	50000.0	0.18958788025025133
1039	50000.0	8.77169518016837
1040	50000.0	2.1383995512363
1041	50000.0	7.378509234676812
1042	50000.0	5.86076200978184
1043	50000.0	2.6712408167276327
1044	50000.0	0.015935691010191055
1045	50000.0	2.1186352448464896
1046	50000.0	3.70137659335346
1047	50000.0	1.9930783884186074
1048	50000.0	7.395116671937243
1049	50000.0	9.961417126378963
1050	50000.0	62.32757339962352
1051	50000.0	0.2102309199020269
1052	50000.0	10.93477065012931
1053	50000.0	2.46963412449794
1054	50000.0	7.271629372812323
1055	50000.0	16.919326409250527
1056	50000.0	0.7043773919726786
1057	50000.0	3.165353286804912
1058	50000.0	15.382675950924943
1059	50000.0	2.0652432408905246
1060	50000.0	6.191524095261023
1061	50000.0	18.687548175396163
1062	50000.0	1.2874835368292519
1063	50000.0	11.125618483541835
1064	50000.0	42.800784824847184
1065	50000.0	13.931270428287187
1066	50000.0	5.022508214483513
1067	50000.0	4.634790729931259
1068	50000.0	15.381688752168623
1069	50000.0	16.122810182592602
1070	50000.0	0.11176090687242517
1071	50000.0	3.3490445046284067
1072	50000.0	10.141040079807379
1073	50000.0	18.81550980409075
1074	50000.0	9.247936394117847
1075	50000.0	11.016510347796554
1076	50000.0	14.100859310133393
1077	50000.0	8.811454329433152
1078	50000.0	3.771704208346898
1079	50000.0	0.7584463151827816
1080	50000.0	8.742750650571221
1081	50000.0	2.2342822495333823
1082	50000.0	0.8551904056234771
1083	50000.0	0.916212022715199
1084	50000.0	9.411573087572988
1085	50000.0	1.961342067547114
1086	50000.0	3.870693696933517
1087	50000.0	0.6918569919246396
1088	50000.0	0.7864659071036689
1089	50000.0	20.136108909057715
1090	50000.0	4.043227374588851
1091	50000.0	1.1151627984803159
1092	50000.0	8.133042585294838
1093	50000.0	6.354323324749589
1094	50000.0	9.48451718110316
1095	50000.0	0.8752350771430333
1096	50000.0	5.308776853299387
1097	50000.0	7.2716370185896295
1098	50000.0	0.09232554200869082
1099	50000.0	13.193378590772701
1100	50000.0	0.5893150826194945
1101	50000.0	0.837406854938634
1102	50000.0	0.6226204976064513
1103	50000.0	0.6709393332110307
1104	50000.0	0.9278768416560098
1105	50000.0	0.7617220473606302
1106	50000.0	0.48548918919352485
1107	50000.0	0.7566513333297572
1108	50000.0	0.633322555920296
1109	50000.0	0.5631994923603237
1110	50000.0	0.44782128416448164
1111	50000.0	0.660485748622411
1112	50000.0	0.9430792227382717
1113	50000.0	0.5227692600645174
1114	50000.0	0.46903166498806775
1115	50000.0	0.5476939435521451
1116	50000.0	0.9026356584159023
1117	50000.0	0.6971973911342945
1118	50000.0	0.5030204789207628
1119	50000.0	0.7756771413689559
1120	50000.0	0.5613045788547826
1121	50000.0	0.9288686888819406
1122	50000.0	0.6592507645102568
1123	50000.0	0.3195740187237367
1124	50000.0	0.5439222599481056
1125	50000.0	0.572505129603351
1126	50000.0	0.5853515765756759
1127	50000.0	0.5164015834208027
1128	50000.0	0.9118292608403236
1129	50000.0	0.47011544248549797
1130	50000.0	0.5677237180302782
1131	50000.0	0.981220504747671
1132	50000.0	0.5625570481659151
1133	50000.0	0.5282512472640559
1134	50000.0	0.3288524584146987
1135	50000.0	0.6527936794396596
1136	50000.0	0.6130366210389171
1137	50000.0	0.42317904394614353
1138	50000.0	0.5969881522101519
1139	50000.0	0.5187112691834059
1140	50000.0	0.5170710793114829
1141	50000.0	0.48701563433362793
1142	50000.0	0.7117403074161847
1143	50000.0	0.976944750351828
1144	50000.0	1.0124346106723088
1145	50000.0	0.44075783988382533
1146	50000.0	1.1364095867003465
1147	50000.0	0.7389941198724838
1148	50000.0	0.7420697529590361
1149	50000.0	0.8961388681183463
1150	50000.0	19.40219367240254
1151	50000.0	19.16324318988489
1152	50000.0	19.437749428405102
1153	50000.0	10.032365192220379
1154	50000.0	16.271654497329838
1155	50000.0	8.358335574622611
1156	50000.0	15.70859540356668
1157	50000.0	19.842830472897315
1158	50000.0	14.32585530904375
1159	50000.0	20.52193019551321
1160	50000.0	21.10313459664578
1161	50000.0	20.5613754679183
1162	50000.0	17.519781127272744
1163	50000.0	12.79978628167786
1164	50000.0	13.524673406705414
1165	50000.0	14.906407242076076
1166	50000.0	8.934132943421634
1167	50000.0	8.52787029941792
1168	50000.0	20.368388450564595
1169	50000.0	14.61571471896276
1170	50000.0	19.245098060993833
1171	50000.0	15.206910495118473
1172	50000.0	9.607277666032214
1173	50000.0	20.447737866211035
1174	50000.0	19.274297063961324
1175	50000.0	20.415250146239167
1176	50000.0	8.888658246139395
1177	50000.0	5.447607053782665
1178	50000.0	12.363686207051757
1179	50000.0	5.9617325770695375
1180	50000.0	14.914540772826337
1181	50000.0	21.279572206650904
1182	50000.0	10.399235679767532
1183	50000.0	18.88948251849095
1184	50000.0	9.210449807732257
1185	50000.0	21.512138023984363
1186	50000.0	17.98279543946489
1187	50000.0	13.11067401908401
1188	50000.0	15.601500598788425
1189	50000.0	12.318400556476181
1190	50000.0	15.42528352365701
1191	50000.0	18.096627379295764
1192	50000.0	10.732960159758054
1193	50000.0	18.251599761738532
1194	50000.0	19.18776591674896
1195	50000.0	13.586882606823346
1196	50000.0	14.910456499829746
1197	50000.0	16.150929006761476
1198	50000.0	18.217085556890368
1199	50000.0	13.259129246888289
