	0	1
0	6831.6	7.701462634668373e-09
1	7016.4	8.894790392771954e-09
2	6948.0	8.508181549693946e-09
3	7101.6	8.670910501561537e-09
4	6926.4	7.469986457746409e-09
5	6987.6	7.584247693919518e-09
6	6850.8	8.337678526519053e-09
7	6488.4	7.1948219927891295e-09
8	6741.6	8.155054866484136e-09
9	6991.2	7.355496698543359e-09
10	7146.0	7.397409020330676e-09
11	7082.4	8.256292933819045e-09
12	6811.2	8.093722420016431e-09
13	6984.0	8.236552150122242e-09
14	6818.4	7.869482899119843e-09
15	6567.6	8.398854068886878e-09
16	6640.8	8.901921173440781e-09
17	6740.4	8.409704873822679e-09
18	7071.6	7.2304905787848225e-09
19	6392.4	8.10410169051648e-09
20	6804.0	7.886077953017483e-09
21	6787.2	7.725691426217198e-09
22	6801.6	6.795959553140227e-09
23	6741.6	7.70021999348585e-09
24	6762.0	7.085536327585084e-09
25	6687.6	7.98417241297759e-09
26	7201.2	7.570647315547838e-09
27	6712.8	7.641999413574912e-09
28	6913.2	7.380852431408256e-09
29	6949.2	8.623426830081135e-09
30	6672.0	8.846963342832115e-09
31	6722.4	7.313180799155724e-09
32	6768.0	8.134203437430191e-09
33	7039.2	7.215591980222574e-09
34	6624.0	7.749212940780896e-09
35	6651.6	6.681049992404915e-09
36	7004.4	8.027821235807727e-09
37	7065.6	7.703043679822959e-09
38	6666.0	8.037773183016684e-09
39	7005.6	8.413302838278965e-09
40	6951.6	7.262605093075816e-09
41	7047.6	7.583379278176452e-09
42	6812.4	8.217127650973225e-09
43	6895.2	7.994417695460222e-09
44	6636.0	8.532170452447122e-09
45	6872.4	8.164743555958386e-09
46	6686.4	7.708126297974674e-09
47	6812.4	8.585925108538485e-09
48	6872.4	7.789735449448674e-09
49	6914.4	8.213742237465485e-09
50	9380.4	7.831250899004615e-09
51	9072.0	8.766968917926182e-09
52	8616.0	7.732188478929844e-09
53	9034.8	7.562074269269778e-09
54	8998.8	8.194306088133744e-09
55	8936.4	7.874745552393866e-09
56	9181.2	8.197933567327928e-09
57	9133.2	8.024777568010892e-09
58	9315.6	8.768326689708374e-09
59	8718.0	8.010681493840357e-09
60	8946.0	8.653297188648046e-09
61	9330.0	8.138366835446409e-09
62	9024.0	8.280311943831137e-09
63	9186.0	7.1053047566396275e-09
64	9172.8	8.490308102496817e-09
65	9078.0	7.871026388718702e-09
66	9168.0	7.92711472901292e-09
67	9026.4	7.105308613905008e-09
68	9241.2	8.016374481335347e-09
69	9235.2	8.673339661282602e-09
70	8664.0	7.573740478368394e-09
71	9439.2	7.96922432403721e-09
72	8706.0	8.2408839184075e-09
73	8688.0	6.634460712109596e-09
74	8912.4	7.966301985652228e-09
75	8727.6	9.06100505022988e-09
76	9025.2	8.270536648432346e-09
77	9163.2	7.59953637484462e-09
78	8991.6	8.158901467168345e-09
79	8926.8	8.622138501557328e-09
80	8941.2	7.73410401732167e-09
81	8778.0	7.084216345342238e-09
82	8635.2	7.379112921179784e-09
83	8785.2	8.055297650214248e-09
84	9088.8	7.3821902805639926e-09
85	9080.4	7.936682110362889e-09
86	9001.2	8.726652883289732e-09
87	8868.0	7.23274077041798e-09
88	8862.0	7.978860313612048e-09
89	8960.4	7.712842289579409e-09
90	8830.8	7.616406499392208e-09
91	8853.6	7.423103878419462e-09
92	9068.4	8.655882179854346e-09
93	9235.2	7.624067948116765e-09
94	8755.2	7.311097051144843e-09
95	9046.8	7.557930343706847e-09
96	8836.8	7.01937544354022e-09
97	9075.6	7.585030641995221e-09
98	8898.0	8.019972939378588e-09
99	9328.8	7.636664191817997e-09
100	50000.0	3.07854913726964
101	50000.0	3.19385649914013
102	50000.0	3.1475568246553665
103	50000.0	2.5191862425945155
104	50000.0	2.8241733350196516
105	50000.0	2.439587012704977
106	45770.4	3.8408350987768727
107	50000.0	2.051461267512459
108	50000.0	2.325938795621492
109	50000.0	1.9144338622200696
110	45835.2	2.40615426155541
111	50000.0	2.9902516640079413
112	50000.0	2.401541282868448
113	50000.0	2.4501087543720566
114	45865.2	2.5026954348588624
115	50000.0	2.500050429762417
116	50000.0	2.271859555802817
117	50000.0	3.4036314660027736
118	50000.0	2.2799004506090803
119	50000.0	2.794175020511723
120	50000.0	2.8141448242751093
121	50000.0	3.2785473697287424
122	50000.0	2.918048053268797
123	50000.0	2.4604059025578833
124	45836.4	2.605834630260501
125	50000.0	2.356219498232812
126	50000.0	3.213573299443494
127	50000.0	3.6417792997153278
128	50000.0	2.6672030044806965
129	50000.0	3.0178917806754155
130	50000.0	2.856196948370017
131	50000.0	2.6617805467278277
132	50000.0	2.534145052209636
133	50000.0	2.3601150107073003
134	50000.0	3.728953394704128
135	50000.0	2.32826522949403
136	50000.0	3.221979245383733
137	50000.0	2.73882277016367
138	45829.2	1.6492865455126995
139	50000.0	4.22848099572529
140	45885.6	2.6869892909897066
141	50000.0	2.7455621274365773
142	50000.0	3.482150865029527
143	50000.0	3.18192350025642
144	50000.0	3.106480872334688
145	50000.0	2.0894140198959152
146	45842.4	2.360169649631659
147	45901.2	2.953579990964797
148	45842.4	2.560577817395772
149	50000.0	2.7725915240805494
150	50000.0	4.061872304556458
151	50000.0	4.342458320695609
152	50000.0	4.391758123857641
153	50000.0	4.193674849702367
154	50000.0	4.806298850162936
155	50000.0	3.9620598920496533
156	50000.0	3.7013750232847835
157	50000.0	3.595779388951307
158	50000.0	4.135017832263168
159	50000.0	3.269416464865728
160	50000.0	5.225105154001841
161	50000.0	4.497853850469835
162	50000.0	4.129969392819094
163	50000.0	3.2580220404438487
164	50000.0	4.083136517732959
165	50000.0	4.241470676347672
166	50000.0	4.461867990920429
167	50000.0	4.057593792544625
168	50000.0	3.712641793850583
169	50000.0	4.525449683372142
170	50000.0	4.786700461643453
171	50000.0	2.9015346410054823
172	50000.0	3.9102960757095113
173	50000.0	4.421261647964548
174	50000.0	3.6058896027369762
175	50000.0	2.9723305239592306
176	50000.0	4.277622389354507
177	50000.0	3.813073112344835
178	50000.0	3.7352175959312413
179	50000.0	3.5776860219691393
180	50000.0	3.677263467201185
181	50000.0	3.8206057094931545
182	50000.0	3.424988653807631
183	50000.0	5.177630163876376
184	50000.0	4.585011569487055
185	50000.0	5.134376218829604
186	50000.0	5.185439200984667
187	50000.0	3.671255143528488
188	50000.0	2.280368842581672
189	50000.0	4.388630688327137
190	50000.0	4.770280236661951
191	50000.0	4.573036579176107
192	50000.0	5.0423530127472915
193	50000.0	4.500593226273123
194	50000.0	4.517682025802386
195	50000.0	3.770138915802183
196	50000.0	4.994864902989422
197	50000.0	4.223304112699731
198	50000.0	4.496232806035281
199	50000.0	4.248226571468977
200	148.8	0.0
201	178.8	0.0
202	169.2	0.0
203	176.4	0.0
204	168.0	0.0
205	176.4	0.0
206	171.6	0.0
207	168.0	0.0
208	168.0	0.0
209	158.4	0.0
210	162.0	0.0
211	152.4	0.0
212	182.4	0.0
213	178.8	0.0
214	160.8	0.0
215	168.0	0.0
216	176.4	0.0
217	148.8	0.0
218	156.0	0.0
219	168.0	0.0
220	198.0	0.0
221	144.0	0.0
222	156.0	0.0
223	186.0	0.0
224	156.0	0.0
225	187.2	0.0
226	207.6	0.0
227	168.0	0.0
228	144.0	0.0
229	160.8	0.0
230	187.2	0.0
231	160.8	0.0
232	171.6	0.0
233	157.2	0.0
234	144.0	0.0
235	168.0	0.0
236	208.8	0.0
237	182.4	0.0
238	168.0	0.0
239	186.0	0.0
240	169.2	0.0
241	168.0	0.0
242	158.4	0.0
243	168.0	0.0
244	196.8	0.0
245	156.0	0.0
246	186.0	0.0
247	168.0	0.0
248	159.6	0.0
249	162.0	0.0
250	50000.0	3.592667062186641e-05
251	43378.0	0.0008490164770650826
252	41018.0	1.087259133668486e-06
253	46135.2	8.018761865950345e-05
254	46143.6	0.0005117576753409107
255	46670.4	0.00013108572633335094
256	32356.0	5.697781914774564e-07
257	46155.6	1.516754145452172e-05
258	37491.6	1.5575760825265157e-06
259	50000.0	2.9860226567904256e-06
260	50000.0	9.73048846742258e-05
261	42360.4	4.243724814666149e-06
262	46206.0	2.8748633269532045e-05
263	37136.4	0.00043101917544523786
264	46832.4	2.4842342433247004e-06
265	33421.6	0.000606886040486758
266	46180.8	2.078660693598832e-05
267	50000.0	0.00010052430392388408
268	50000.0	1.409171712122443e-05
269	36997.2	0.0006729686997682403
270	34043.2	1.0370022304060022e-06
271	50000.0	2.3926652963307777e-05
272	42365.2	0.00020191053155598336
273	46162.8	1.3736687447634029e-05
274	50000.0	7.005283132673399e-07
275	50000.0	2.1623191027290218e-05
276	43049.2	0.00038816553527867457
277	43595.2	0.0006933551679880838
278	46858.8	5.918509216889546e-06
279	33190.0	0.0006867454252593435
280	50000.0	4.191835607882057e-05
281	46216.8	0.0006139238851578775
282	46827.6	8.071187837095181e-05
283	43420.0	0.005459325131064119
284	35836.8	1.2313168127503106e-05
285	36886.8	1.3494337572981146e-05
286	46690.8	3.6158177059653216e-05
287	50000.0	0.00036852647500266935
288	42128.8	1.0683791831959996e-05
289	46687.2	0.0014131723280531128
290	46752.0	3.6190585876516644e-06
291	46518.0	0.00027562300301732523
292	37668.0	0.0010539908551398245
293	45975.6	0.013782032800528162
294	43571.2	0.00018937592421893102
295	50000.0	0.00012308479029455736
296	35299.2	0.0025814071416905356
297	42128.8	4.293708655947757e-05
298	46777.2	1.6498102939079593e-05
299	43032.4	0.0003191591921101903
300	2744.4	0.0
301	50000.0	92.94000000348548
302	50000.0	35.35000000447212
303	50000.0	3.8200000046508507
304	50000.0	21.750000005562963
305	50000.0	64.79000000533917
306	50000.0	54.07000000430156
307	2820.0	0.0
308	50000.0	22.630000005037864
309	50000.0	15.540000004766643
310	2436.0	0.0
311	50000.0	396.04000000321656
312	50000.0	128.11000000586364
313	2186.4	0.0
314	50000.0	311.01000000442093
315	2598.0	0.0
316	50000.0	29.26000000361576
317	3290.4	0.0
318	50000.0	43.190000005651484
319	50000.0	1000.0000000030634
320	50000.0	290.9700000043087
321	2594.4	0.0
322	2826.0	0.0
323	3027.6	0.0
324	50000.0	412.92000000553537
325	50000.0	216.94000000601721
326	50000.0	117.50000000459593
327	50000.0	53.48000000602796
328	50000.0	7.780000004113899
329	50000.0	72.60000000515052
330	2326.8	0.0
331	50000.0	14.650000004530574
332	2732.4	0.0
333	50000.0	10.210000004533956
334	50000.0	39.060000004856505
335	2972.4	0.0
336	50000.0	263.20000000493536
337	50000.0	14.140000004556367
338	50000.0	42.4200000070335
339	50000.0	2.350000005215655
340	2848.8	0.0
341	2772.0	0.0
342	50000.0	675.0100000046959
343	2674.8	0.0
344	2498.4	0.0
345	2445.6	0.0
346	50000.0	56.81000000420594
347	50000.0	42.09000000421751
348	50000.0	45.79000000424539
349	2271.6	0.0
350	8283.6	7.78176289739325e-09
351	8059.2	7.440994444570197e-09
352	8090.4	7.448859681861565e-09
353	8144.4	8.416617803243932e-09
354	8473.2	7.763138153524544e-09
355	8222.4	7.834790967966365e-09
356	8616.0	7.2059726272767965e-09
357	8048.4	8.00718581989019e-09
358	8151.6	8.473751018066983e-09
359	8346.0	7.188004660171977e-09
360	8002.8	8.358752120002406e-09
361	7969.2	7.3675696960245794e-09
362	7957.2	6.700282671234636e-09
363	8073.6	6.809513594301532e-09
364	8133.6	7.500552552391296e-09
365	8407.2	7.591249419882676e-09
366	8503.2	7.775935759650456e-09
367	8446.8	7.985227669453381e-09
368	8524.8	8.04535222256559e-09
369	8270.4	8.50598390829401e-09
370	8220.0	8.274433853492516e-09
371	8031.6	8.112159628118468e-09
372	8512.8	7.821675848116916e-09
373	7804.8	8.532646888673005e-09
374	7965.6	8.705115635168172e-09
375	8014.8	8.539469217577841e-09
376	8223.6	6.230531073549606e-09
377	8096.4	8.193372310316308e-09
378	8468.4	7.800842253926997e-09
379	8250.0	7.828272356392381e-09
380	7987.2	8.61353185542944e-09
381	8204.4	7.153532424954637e-09
382	7893.6	7.929633457645075e-09
383	8305.2	7.87001259423691e-09
384	7987.2	8.27905792124574e-09
385	8104.8	7.290218026227326e-09
386	8661.6	7.3746578558513325e-09
387	7974.0	7.555225407239792e-09
388	8647.2	7.49570942275258e-09
389	8572.8	7.507618127069437e-09
390	7863.6	7.381111449950256e-09
391	7990.8	7.961750694340831e-09
392	8307.6	8.61943902139007e-09
393	7788.0	8.299044267688052e-09
394	8527.2	6.1028571319572404e-09
395	8407.2	8.17018522225593e-09
396	8132.4	7.479792601116446e-09
397	8269.2	7.917344940895061e-09
398	8109.6	8.015202777364118e-09
399	7867.2	8.193166930527912e-09
400	7368.0	7.672669062968352e-09
401	7771.2	7.518564823681453e-09
402	7464.0	7.912039243491543e-09
403	7856.4	7.192422317593855e-09
404	7698.0	8.104468589838313e-09
405	7840.8	7.269544821571863e-09
406	7996.8	8.102188468418682e-09
407	7532.4	8.739574238685944e-09
408	7852.8	8.108729939963038e-09
409	7951.2	8.022975248116824e-09
410	7662.0	8.356421102417658e-09
411	7768.8	7.784336755341204e-09
412	7526.4	8.232874115058354e-09
413	7798.8	8.370658799743868e-09
414	7586.4	7.553495049771711e-09
415	8067.6	7.960401073588524e-09
416	7747.2	8.136840332545036e-09
417	7783.2	6.077257680766665e-09
418	7819.2	8.08326042921275e-09
419	7753.2	7.675632164321914e-09
420	7748.4	8.185177990463594e-09
421	7641.6	7.766282351454423e-09
422	8068.8	7.654452300068445e-09
423	7729.2	7.86989704544584e-09
424	7760.4	8.205244530413158e-09
425	7978.8	7.320403363539497e-09
426	7873.2	8.184930357413e-09
427	7754.4	7.71194147276233e-09
428	7939.2	7.729896462956469e-09
429	7759.2	8.361623517298418e-09
430	7833.6	8.101613026451249e-09
431	7795.2	7.453387531551895e-09
432	7794.0	8.4926801327308e-09
433	7761.6	7.896537211973996e-09
434	7526.4	7.74710136068627e-09
435	7791.6	7.156413875190967e-09
436	8010.0	8.666486437229432e-09
437	7638.0	8.105329626407292e-09
438	7854.0	8.113984260821569e-09
439	7428.0	7.720108524384195e-09
440	8090.4	7.789159125486477e-09
441	7479.6	8.24220241262424e-09
442	7734.0	7.799588116943819e-09
443	7845.6	7.939280638017581e-09
444	7852.8	7.3124233700821376e-09
445	7794.0	8.076846601241647e-09
446	7724.4	8.081785297202542e-09
447	7612.8	7.487930275196447e-09
448	7471.2	7.671260983412033e-09
449	7934.4	7.520455279762638e-09
450	8709.6	6.670006590473086e-09
451	9050.4	8.573424763258235e-09
452	9223.2	7.67589933816445e-09
453	9027.6	8.597853532257438e-09
454	8900.4	8.512630922820167e-09
455	9018.0	6.998845065330849e-09
456	9001.2	7.89593377536409e-09
457	9432.0	7.834635073133817e-09
458	9030.0	7.815241593712683e-09
459	8875.2	7.71439538729726e-09
460	9091.2	8.375840278689715e-09
461	9361.2	8.969087846680569e-09
462	8607.6	7.522549980180952e-09
463	8816.4	8.433366013564115e-09
464	8880.0	6.6791629430527164e-09
465	8937.6	8.171341537018944e-09
466	8624.4	7.23957646895169e-09
467	8737.2	7.98952295458844e-09
468	9416.4	7.431263076654026e-09
469	9136.8	7.511850231994104e-09
470	8666.4	7.799980847070039e-09
471	8629.2	8.773826653947569e-09
472	8952.0	8.500611282606107e-09
473	9195.6	6.846347732293405e-09
474	9126.0	7.844647961687431e-09
475	9334.8	6.962232980748474e-09
476	9105.6	7.115352257034289e-09
477	9382.8	8.20553634846432e-09
478	9176.4	8.093724401198435e-09
479	9464.4	7.509949685654054e-09
480	9330.0	7.519279128528687e-09
481	9076.8	7.2563500295974914e-09
482	9116.4	8.863615738637637e-09
483	8847.6	7.2448106169104715e-09
484	8896.8	7.49557096802585e-09
485	8882.4	7.787757812473897e-09
486	8919.6	7.976190809918093e-09
487	9266.4	7.215271959017809e-09
488	9165.6	7.78471817393153e-09
489	8632.8	8.072479468808333e-09
490	8932.8	8.701249836470448e-09
491	8676.0	7.763478726482824e-09
492	8913.6	8.401913452251152e-09
493	9223.2	7.548110928455149e-09
494	8998.8	8.602736186846087e-09
495	8857.2	8.203742566707386e-09
496	8832.0	7.953380324297597e-09
497	8940.0	7.353833223564382e-09
498	8971.2	8.01625384360381e-09
499	8996.4	7.964978284574531e-09
500	8442.0	8.11248947583845e-09
501	8238.0	7.2508054821424295e-09
502	7902.0	7.372382914136053e-09
503	7904.4	8.294962572036197e-09
504	8023.2	8.474589188483892e-09
505	7892.4	8.884677478933895e-09
506	8119.2	8.486453234195398e-09
507	7840.8	8.17092051974945e-09
508	8757.6	8.641952121730788e-09
509	7842.0	8.23255049762946e-09
510	7981.2	7.686878681432201e-09
511	8487.6	8.072930989474166e-09
512	8240.4	8.821508340385631e-09
513	7962.0	7.147564934273678e-09
514	7988.4	8.035003688748114e-09
515	7809.6	7.649266289761792e-09
516	7860.0	8.585663129600796e-09
517	8448.0	7.800313857505154e-09
518	8563.2	7.449273230302736e-09
519	8145.6	7.179136932535811e-09
520	7966.8	7.515734045501489e-09
521	7990.8	7.852957812153643e-09
522	7885.2	7.754984292751644e-09
523	8016.0	8.51819492524102e-09
524	8188.8	6.784705905275741e-09
525	8205.6	6.922307578993412e-09
526	8474.4	7.477382698006183e-09
527	8010.0	8.299049232868147e-09
528	8517.6	8.019454728543986e-09
529	8102.4	7.232611339817294e-09
530	7996.8	8.374275057946683e-09
531	8186.4	7.348693881926024e-09
532	7737.6	8.333843380252542e-09
533	8252.4	8.574139346950332e-09
534	7876.8	8.000212978488404e-09
535	7759.2	7.3127113164762786e-09
536	8440.8	8.219076761173249e-09
537	7855.2	7.062452611535293e-09
538	8550.0	7.450900968914453e-09
539	12702.8	1.1307483428631691e-07
540	7875.6	7.0233974847292446e-09
541	7633.2	7.340563837346727e-09
542	7892.4	6.980016580498784e-09
543	8538.0	8.031598310353141e-09
544	8026.8	7.513432936017249e-09
545	8458.8	8.821398888181233e-09
546	8505.6	7.603213257720832e-09
547	8040.0	7.019197802503063e-09
548	7933.2	8.19172181389725e-09
549	8158.8	7.347068422850405e-09
550	9218.4	6.79868311903367e-09
551	9572.4	7.262169992586463e-09
552	9691.2	7.764032094627486e-09
553	9108.0	7.837519584866176e-09
554	9178.8	6.6249536169095394e-09
555	8836.8	6.513377186149681e-09
556	9470.4	6.836487290199999e-09
557	9430.8	6.756198030360082e-09
558	9447.6	8.539407714221164e-09
559	9288.0	7.979844813991406e-09
560	9649.2	6.185210074032568e-09
561	9430.8	8.269795623690757e-09
562	9418.8	7.744998834413166e-09
563	9536.4	7.317602539036733e-09
564	9589.2	6.0677147125496296e-09
565	9609.6	7.283002687956592e-09
566	9632.4	7.2616576231089125e-09
567	8809.2	6.453745054122374e-09
568	9354.0	6.545053207880005e-09
569	9411.6	7.368102141606047e-09
570	9877.2	7.572965677420027e-09
571	9278.4	6.910906300327443e-09
572	9463.2	6.786678852925741e-09
573	8937.6	7.539603238857063e-09
574	10016.4	8.632224331968652e-09
575	9124.8	6.599679554491112e-09
576	9867.6	6.770458897316176e-09
577	9188.4	6.550673938176306e-09
578	9510.0	7.850238449868129e-09
579	9178.8	7.823743415016275e-09
580	9186.0	7.926200008171033e-09
581	9151.2	6.500293291352262e-09
582	9280.8	6.908189684427737e-09
583	9222.0	5.6563471309222274e-09
584	9391.2	6.417898263313042e-09
585	9162.0	7.503479764539935e-09
586	9326.4	7.460777599811289e-09
587	9452.4	7.216862961261704e-09
588	9614.4	7.341345646564196e-09
589	9670.8	6.504815450604236e-09
590	9259.2	7.521278414842404e-09
591	9381.6	7.61037611821184e-09
592	9361.2	7.861159474227687e-09
593	10066.8	7.274246759725736e-09
594	13107.2	5.682776051315483e-07
595	9703.2	7.145297112697377e-09
596	9879.6	7.737434613889201e-09
597	9348.0	6.71521689207846e-09
598	8761.2	7.055773323823874e-09
599	9217.2	7.918987846097765e-09
600	50000.0	1.1310130804315771e-07
601	46222.8	3.678898682420488e-07
602	46219.2	3.6727866556396324e-07
603	50000.0	3.7196829656643113e-07
604	46143.6	6.937749361722457e-08
605	42448.0	8.077537774658818e-08
606	46203.6	2.784819503083808e-07
607	38603.6	2.890071973238392e-07
608	50000.0	6.115173741089108e-08
609	50000.0	2.26346489149021e-07
610	38519.6	4.187430271192488e-07
611	50000.0	2.2820168605839577e-07
612	42442.0	4.760172037891363e-07
613	46185.6	3.860229908179969e-08
614	50000.0	2.1183148830940383e-07
615	46222.8	1.977217204475981e-07
616	50000.0	1.410510029706857e-07
617	38608.4	2.9186987883479052e-08
618	38552.0	1.0379069960218794e-07
619	42444.4	1.3488873558575616e-07
620	46171.2	3.0272275830792406e-07
621	46165.2	1.9175739701359424e-07
622	42407.2	4.771183315644147e-08
623	38636.0	9.69410493530699e-08
624	42380.8	7.181759536743516e-08
625	46172.4	1.2368744825011424e-07
626	50000.0	2.2108711650733422e-07
627	50000.0	1.6236569425496683e-07
628	42457.6	9.122400487189181e-08
629	50000.0	9.804726472616584e-08
630	50000.0	7.969904252385606e-08
631	46172.4	5.471695594480436e-08
632	42440.8	3.5619457736350186e-08
633	50000.0	1.496664548903151e-07
634	42370.0	1.0597792268025068e-07
635	50000.0	5.737903083396685e-07
636	42346.0	1.6871849162468754e-07
637	38598.8	2.5530728196444215e-07
638	42426.4	3.657828390192024e-07
639	38602.4	5.362489108295163e-07
640	38651.6	5.9173563039679795e-08
641	50000.0	1.1121540420454177e-07
642	50000.0	2.6236966157806746e-07
643	50000.0	4.393261699080769e-07
644	46188.0	1.482185003732189e-07
645	38589.2	2.0060699263914056e-07
646	46189.2	1.337753288021671e-07
647	42392.8	1.454918486625275e-07
648	46213.2	2.0836486280116003e-07
649	38616.8	3.311326364500201e-08
650	7266.0	8.656338929127212e-09
651	7612.8	7.797470634368135e-09
652	7413.6	7.682377025018756e-09
653	7465.2	7.881721674405711e-09
654	7185.6	7.391836619299809e-09
655	7532.4	6.67395559279355e-09
656	7400.4	7.421369864370763e-09
657	7408.8	7.710239852621622e-09
658	7446.0	8.431395260734335e-09
659	7443.6	7.653487842986936e-09
660	7462.8	7.870400686694205e-09
661	7131.6	8.268137161194932e-09
662	7102.8	8.47735474089853e-09
663	7630.8	7.233049599916544e-09
664	7256.4	8.02172731654488e-09
665	7436.4	7.305959905582607e-09
666	7609.2	7.510748815861385e-09
667	7579.2	6.530280262138716e-09
668	7596.0	7.950253454172094e-09
669	7368.0	7.47874652186287e-09
670	6862.8	7.342562854505707e-09
671	7134.0	8.056328303289368e-09
672	7155.6	7.664039768407679e-09
673	7003.2	7.636463188075244e-09
674	7310.4	7.998771444915763e-09
675	7364.4	8.33800520264017e-09
676	7232.4	8.170130844279893e-09
677	7291.2	8.377850549846593e-09
678	7338.0	7.276686060730744e-09
679	7418.4	7.551288799937085e-09
680	6678.0	8.516266339112766e-09
681	6996.0	8.718005887947485e-09
682	7533.6	7.796245856277102e-09
683	7539.6	8.345974774574224e-09
684	7243.2	7.835046226240682e-09
685	7360.8	8.298258470509468e-09
686	7438.8	8.590043932055099e-09
687	7185.6	7.430504893775779e-09
688	7310.4	8.005960733495052e-09
689	7321.2	8.162223627871195e-09
690	7164.0	8.10941185414305e-09
691	7911.6	8.755763341284435e-09
692	7124.4	6.69596235188748e-09
693	7086.0	8.494457981203323e-09
694	7555.2	8.432597555504604e-09
695	7412.4	7.872995021473422e-09
696	7593.6	7.402961502644804e-09
697	7194.0	8.142018349414835e-09
698	7306.8	7.88984849064694e-09
699	7305.6	7.066093286552855e-09
700	50000.0	1.7792235789608601
701	50000.0	2.6064596119604504
702	50000.0	2.990693620424519
703	50000.0	2.887602946703036
704	50000.0	2.4817230966699775
705	45763.2	1.6617187479212396
706	50000.0	2.990760245070542
707	50000.0	3.0399775020960584
708	50000.0	2.1372870578608625
709	45753.6	1.667438617087445
710	45805.2	3.278843184823306
711	45871.2	2.188909422739537
712	50000.0	2.7480448549566825
713	50000.0	2.4210070688525076
714	50000.0	2.7130295635018005
715	45765.6	2.64951627245767
716	50000.0	2.4224843142752137
717	45710.4	2.944120034963505
718	50000.0	2.636382579017522
719	45662.4	1.861884280547578
720	50000.0	2.3151201249088027
721	45806.4	2.0382022166363982
722	50000.0	2.868364193710295
723	50000.0	2.5827556970202656
724	50000.0	2.40324881879893
725	50000.0	2.000256949202311
726	50000.0	2.9753817407787486
727	45782.4	2.200882149353048
728	50000.0	2.4265746712543854
729	50000.0	2.4760996628311185
730	50000.0	3.092994689944389
731	50000.0	1.9072682675515544
732	50000.0	2.524062859987532
733	50000.0	2.9424380171588025
734	50000.0	2.502833485309707
735	50000.0	2.2532847458669787
736	50000.0	2.736210533770446
737	50000.0	2.9560729565382515
738	50000.0	2.791484117422429
739	50000.0	2.141312780839324
740	50000.0	2.5785239669737314
741	50000.0	2.293753658056855
742	41651.2	1.9007478394801207
743	50000.0	2.0627355576912185
744	50000.0	2.2076745866898544
745	50000.0	2.5483700948772228
746	50000.0	2.361467360920699
747	50000.0	2.6876491697635085
748	50000.0	2.0879690943361977
749	50000.0	2.528915813308392
750	50000.0	3.313397495511051
751	50000.0	4.1560008989333985
752	50000.0	2.3009319310426832
753	50000.0	4.380570843311888
754	50000.0	5.2172400593328145
755	50000.0	3.8780030291105816
756	50000.0	2.381102767630878
757	50000.0	2.0541747509608053
758	50000.0	1.7499369263011275
759	50000.0	3.295732620514259
760	50000.0	3.2408464435758786
761	50000.0	3.380618106526768
762	50000.0	2.862190959563627
763	50000.0	4.732478853097448
764	50000.0	5.613036543640232
765	50000.0	2.534255880444595
766	50000.0	3.6399816640023426
767	50000.0	5.48155607085401
768	50000.0	3.6903921890826736
769	50000.0	3.4263519248859255
770	50000.0	5.444181932961192
771	50000.0	3.76922462880042
772	50000.0	2.565166261811945
773	50000.0	1.9203103898196552
774	50000.0	3.6543248083443123
775	50000.0	2.447399282353124
776	50000.0	4.654484297585769
777	50000.0	2.592754400608592
778	50000.0	3.645309867705868
779	50000.0	5.524426572304248
780	50000.0	2.797134772956055
781	50000.0	3.8973833534227444
782	50000.0	4.549084106357513
783	50000.0	2.430229720444824
784	50000.0	3.965845467123247
785	50000.0	5.032288449855338
786	50000.0	2.9699460634472743
787	50000.0	4.95255008695659
788	50000.0	3.665508879450512
789	50000.0	3.8983775789212225
790	50000.0	5.366503953625172
791	50000.0	1.911525141908679
792	50000.0	2.8869004424388587
793	50000.0	2.0415660940431204
794	50000.0	2.273047089943734
795	50000.0	3.084478092338569
796	50000.0	6.210895886500598
797	50000.0	5.155104477323945
798	50000.0	4.065082828941504
799	50000.0	2.4005443336805716
800	50000.0	5.349692711419477
801	50000.0	7.122733803822814
802	50000.0	3.0766018420421313
803	50000.0	6.717659030793493
804	50000.0	13.142202941110085
805	50000.0	5.737123711267273
806	50000.0	5.203129253451318
807	50000.0	6.248746006246664
808	50000.0	7.194131414742503
809	50000.0	14.293210256327786
810	50000.0	7.647425343897284
811	50000.0	9.270111848805588
812	50000.0	9.887498596734847
813	50000.0	9.103120908773384
814	50000.0	9.501426055211232
815	50000.0	7.0153968598794645
816	50000.0	15.20956426120585
817	50000.0	8.448823505822627
818	50000.0	9.29980482659108
819	50000.0	10.205887628384016
820	50000.0	7.521116632706963
821	50000.0	9.209553074990477
822	50000.0	6.680473856934751
823	50000.0	2.7336446088516912
824	50000.0	7.129654325739463
825	50000.0	7.4081536891062125
826	50000.0	6.874086740965588
827	50000.0	3.4476759648854847
828	50000.0	6.563836918119492
829	50000.0	4.051882396558569
830	50000.0	5.534313906034002
831	50000.0	7.504323465695864
832	50000.0	4.682290869324035
833	50000.0	4.071040805567961
834	50000.0	2.333476810502409
835	50000.0	3.296351509409989
836	50000.0	8.852186059321816
837	50000.0	4.787665676611064
838	50000.0	13.615006451650254
839	50000.0	3.20921779316202
840	50000.0	6.030169784797253
841	50000.0	5.35681574179896
842	50000.0	7.956752322036854
843	50000.0	4.672195452310172
844	50000.0	6.079965713812821
845	50000.0	14.41511282639252
846	50000.0	9.216194488151006
847	50000.0	7.0584734590960805
848	50000.0	6.290964231109941
849	50000.0	6.608206366731139
850	50000.0	22.26185573083789
851	50000.0	28.49430690653589
852	50000.0	4.575599949171697
853	50000.0	27.31705012330633
854	50000.0	34.62686160578701
855	50000.0	19.972748044099074
856	50000.0	21.53931577184004
857	50000.0	27.881372495218887
858	50000.0	30.192688739020156
859	50000.0	52.9823258946529
860	50000.0	26.403310049577176
861	50000.0	36.121873334326025
862	50000.0	21.980753103409548
863	50000.0	27.71380161650915
864	50000.0	33.71028600827905
865	50000.0	21.808845256978067
866	50000.0	49.38002500518708
867	50000.0	24.044239518842655
868	50000.0	25.962091332814914
869	50000.0	21.702164862658066
870	50000.0	30.28760941834589
871	50000.0	37.03893187480152
872	50000.0	16.00051547066611
873	50000.0	11.536597208415461
874	50000.0	19.47743291776412
875	50000.0	16.94124683912694
876	50000.0	14.734361549819507
877	50000.0	10.974248209411767
878	50000.0	25.162737168273786
879	50000.0	12.6815590054402
880	50000.0	21.15430795711872
881	50000.0	28.86260754346746
882	50000.0	19.380639514881004
883	50000.0	12.057578434519328
884	50000.0	9.145429364019046
885	50000.0	12.20984136710275
886	50000.0	29.703264783071653
887	50000.0	18.213183678594525
888	50000.0	39.676977181248226
889	50000.0	14.900582187709698
890	50000.0	16.73500980570494
891	50000.0	23.015576366626185
892	50000.0	19.909399008999944
893	50000.0	16.125548215620217
894	50000.0	25.46693484110805
895	50000.0	47.86635890773026
896	50000.0	26.758058778813655
897	50000.0	23.92123155434583
898	50000.0	19.235848563617132
899	50000.0	23.241909655768293
900	50000.0	0.07745509418529295
901	50000.0	0.1293837297793127
902	50000.0	0.12618468007436281
903	50000.0	0.032164444659254346
904	50000.0	0.11475979276921677
905	50000.0	0.10277654422966212
906	45516.0	0.07724415034423018
907	50000.0	0.02794497955663573
908	50000.0	0.10791283023234417
909	50000.0	0.07036137558872362
910	50000.0	0.10015268498316417
911	50000.0	0.04609266415258926
912	45433.2	0.05298707709699659
913	50000.0	0.05535282760408951
914	50000.0	0.07614657846370569
915	50000.0	0.14047814536705108
916	50000.0	0.1039995611442425
917	50000.0	0.06833424234017293
918	50000.0	0.08685990703249917
919	50000.0	0.13720230377207976
920	45442.8	0.08487859946796003
921	50000.0	0.039853500116290165
922	50000.0	0.07148744706840482
923	50000.0	0.04190354372275333
924	50000.0	0.12640122646147206
925	50000.0	0.1074885768406185
926	50000.0	0.07909859073280216
927	50000.0	0.08035465975433631
928	50000.0	0.0619969087162179
929	50000.0	0.11926104507502977
930	50000.0	0.12758218780234926
931	50000.0	0.06506869206405508
932	50000.0	0.10472215239633317
933	50000.0	0.07738804942081608
934	45454.8	0.05568522947281078
935	50000.0	0.03861897533653007
936	50000.0	0.05361058240085263
937	50000.0	0.06282114215946724
938	50000.0	0.08166769029017953
939	50000.0	0.13306940488320063
940	50000.0	0.14057147025486394
941	45384.0	0.091113474589217
942	50000.0	0.10934188313242021
943	50000.0	0.11167820164058746
944	50000.0	0.014656972692156423
945	50000.0	0.10170898539288249
946	50000.0	0.07249132136068467
947	50000.0	0.12960536776510184
948	50000.0	0.07671456377281682
949	50000.0	0.04136655815157351
950	45832.8	0.3382580879372061
951	45832.8	0.3514438084438516
952	50000.0	0.3566812711920315
953	50000.0	0.47087492281021337
954	50000.0	0.26482515766969783
955	50000.0	0.14048219935661743
956	37305.2	0.16125713495219726
957	45730.8	0.33153792009376704
958	50000.0	0.21133879689363821
959	50000.0	0.2462122096592149
960	37305.2	0.20541364545605695
961	41723.2	0.23284099175605083
962	50000.0	0.21742630236933524
963	50000.0	0.20830277187792773
964	50000.0	0.4396524701619585
965	50000.0	0.23186824571525017
966	50000.0	0.28139216060151706
967	50000.0	0.3429851025719616
968	50000.0	0.21133879689363821
969	50000.0	0.29362748821651663
970	45692.4	0.36752346883231596
971	50000.0	0.29114217639443174
972	50000.0	0.2218147132426552
973	50000.0	0.21276006880983273
974	50000.0	0.2815717977547722
975	45704.4	0.05621898034432014
976	50000.0	0.2571712099986575
977	45704.4	0.1835260066438302
978	50000.0	0.3949037289211821
979	50000.0	0.2743958967230776
980	50000.0	0.2713100598448082
981	45704.4	0.17080547457854084
982	50000.0	0.18671519443768075
983	45704.4	0.1770995185413217
984	50000.0	0.29343260123779835
985	50000.0	0.2697670537513633
986	50000.0	0.2795977817887623
987	50000.0	0.3057260237610597
988	50000.0	0.2466743591982396
989	50000.0	0.30685411875796426
990	45697.2	0.1404247789063158
991	50000.0	0.3052636021302648
992	50000.0	0.20143378456186545
993	50000.0	0.1490052875938372
994	45697.2	0.1404247789063158
995	45730.8	0.24403631835593736
996	45822.0	0.24431905010610647
997	50000.0	0.3005250910606272
998	50000.0	0.19193439634560278
999	45816.0	0.17623509660331174
1000	50000.0	2.555572503944089
1001	50000.0	1.245255535304292
1002	40800.4	3.4399109874874663
1003	50000.0	5.550022513680586
1004	50000.0	1.2452555353042918
1005	50000.0	2.977350582097462
1006	50000.0	2.1929336220331495
1007	45463.2	1.582242863888317
1008	50000.0	2.3750109956045535
1009	50000.0	2.9876533080810876
1010	36213.2	0.6435564253671557
1011	50000.0	3.6732152874022033
1012	50000.0	1.7383019059752123
1013	50000.0	1.8125645107409933
1014	50000.0	2.7790055514099157
1015	8054.0	9.844229900705828e-07
1016	45280.8	1.1207299826344783
1017	31572.0	2.3517593739082914
1018	50000.0	1.6683942133013976
1019	45360.0	2.7032720274675617
1020	50000.0	6.519176171223625
1021	45339.6	4.381937497505256
1022	45418.8	3.7997199886380075
1023	50000.0	0.7043987369916364
1024	50000.0	1.3816385122792152
1025	31291.2	0.42375001419969127
1026	45409.2	3.9844379167480306
1027	8529.2	2.2617435834358392e-06
1028	50000.0	5.397275295360352
1029	31470.0	0.12456332859408248
1030	26944.0	0.8802705263469266
1031	50000.0	0.6920487040197246
1032	50000.0	3.169805587296605
1033	35980.4	0.8994977406114714
1034	50000.0	2.2197068542453797
1035	3686.4	6.3329714145199376e-09
1036	3652.8	6.135281034116791e-09
1037	50000.0	1.669474323094898
1038	22187.6	0.19620573538634908
1039	50000.0	3.5647001375570015
1040	50000.0	1.5657793920872871
1041	40902.4	1.5215285874637905
1042	50000.0	6.1634926670536485
1043	50000.0	2.177708869595407
1044	26974.0	0.00010433626805034438
1045	50000.0	2.1186349280202412
1046	31627.2	0.9654231299187981
1047	50000.0	1.2471656259017898
1048	31405.2	1.148968440258039
1049	50000.0	1.8150962164605058
1050	36107.6	1.8290305837651286
1051	13042.0	1.2830223213700352e-06
1052	50000.0	2.4634379559765005
1053	35986.4	0.5834809590319847
1054	50000.0	7.27162919362663
1055	40723.6	1.4585614031220817
1056	50000.0	0.7102791862155624
1057	22120.4	1.283922015989638e-05
1058	45314.4	1.6643635783426212
1059	50000.0	1.9549988595233014
1060	22130.0	0.19553955888435157
1061	50000.0	7.199707147759969
1062	50000.0	1.0707994956912912
1063	50000.0	10.20855649131972
1064	50000.0	16.16218467811913
1065	26914.0	0.00015224647712348596
1066	50000.0	1.212762575753062
1067	50000.0	2.5905477300896953
1068	50000.0	11.125618450408197
1069	50000.0	5.090355970028684
1070	12926.8	3.276257676882707e-06
1071	50000.0	1.957376225191527
1072	27066.4	1.4830447943590044
1073	36298.4	1.458989482350015
1074	50000.0	2.7218816860964146
1075	50000.0	6.208881839518652
1076	45379.2	7.9820616417484205
1077	40780.0	0.2555443947222201
1078	21939.2	0.4478624496531062
1079	22302.8	7.001260641474476e-06
1080	50000.0	7.76897840439498
1081	40705.6	0.00029623629476475917
1082	50000.0	0.8249652594833602
1083	17413.2	3.2445730967083923e-06
1084	50000.0	2.033377798280812
1085	50000.0	1.4809041274048336
1086	40574.8	1.368501992223457
1087	50000.0	0.6226729800321363
1088	50000.0	0.6918569111917646
1089	45339.6	3.0581956214906834
1090	50000.0	2.590547730089767
1091	22062.8	2.060977781092267e-05
1092	50000.0	5.06273745642982
1093	50000.0	0.6933164004362734
1094	50000.0	2.595735778823693
1095	17755.2	5.925840266987252e-06
1096	50000.0	0.6968488008712644
1097	45396.0	6.544466274699386
1098	22071.2	1.5529225574901735e-06
1099	50000.0	5.395734532402008
1100	50000.0	0.49586295629218624
1101	50000.0	0.40788203558162583
1102	50000.0	0.38599282546355845
1103	50000.0	0.4885925972540971
1104	50000.0	0.22938988301463348
1105	50000.0	0.4245528494719296
1106	50000.0	0.21604784994951834
1107	50000.0	0.30976044845887396
1108	50000.0	0.2677760360282613
1109	50000.0	0.29435226045662805
1110	50000.0	0.32518637782809245
1111	50000.0	0.2816879844708882
1112	50000.0	0.5857412769717937
1113	50000.0	0.28292995342447236
1114	50000.0	0.3597967960707278
1115	50000.0	0.30012126894274294
1116	50000.0	0.5194161165334588
1117	50000.0	0.2828620006086579
1118	50000.0	0.42846794191837534
1119	50000.0	0.66530812357981
1120	50000.0	0.37117055824941353
1121	50000.0	0.32227380784348936
1122	50000.0	0.2134350856360249
1123	50000.0	0.40481139887573886
1124	50000.0	0.3971621489260718
1125	50000.0	0.4881744291129876
1126	50000.0	0.5325044082572927
1127	50000.0	0.5086070359859065
1128	50000.0	0.715453298517269
1129	50000.0	0.5042659013153648
1130	50000.0	0.4270146418803244
1131	50000.0	0.3580141952580278
1132	50000.0	0.2672039902273166
1133	50000.0	0.46241026433831794
1134	50000.0	0.43441072487573
1135	50000.0	0.351711916984913
1136	50000.0	0.33288775559863304
1137	50000.0	0.5297143293421533
1138	50000.0	0.5339078100178044
1139	50000.0	0.46573717488469574
1140	50000.0	0.5113541801921438
1141	50000.0	0.5928791382675226
1142	50000.0	0.7408319441433661
1143	50000.0	0.5519979582324541
1144	50000.0	0.6307533602015692
1145	50000.0	0.09418563896536664
1146	50000.0	0.5139701330248652
1147	50000.0	0.3392215543716709
1148	50000.0	1.054561183554122
1149	50000.0	0.28916942349641206
1150	50000.0	4.447899679271979
1151	50000.0	4.479213853943691
1152	50000.0	5.71839010192173
1153	50000.0	2.6123260574744287
1154	50000.0	6.306537952985152
1155	50000.0	3.0386321743914477
1156	50000.0	3.3465903041888643
1157	50000.0	7.518843265282692
1158	50000.0	2.4925081395962017
1159	50000.0	4.582444839320113
1160	50000.0	5.186053087280104
1161	50000.0	4.653678730806388
1162	50000.0	6.474654999231776
1163	50000.0	2.9902468996358893
1164	50000.0	3.146364054089273
1165	50000.0	2.7129548072171783
1166	50000.0	3.1082891207133736
1167	50000.0	2.9434124721422097
1168	50000.0	5.118440015740778
1169	50000.0	3.1809863554070605
1170	50000.0	5.838738898113144
1171	50000.0	2.972605376199378
1172	50000.0	2.7996856882590295
1173	50000.0	6.329833988414651
1174	50000.0	8.402932650560972
1175	50000.0	4.81745136202427
1176	50000.0	2.692203166349248
1177	50000.0	2.1585926250605216
1178	50000.0	3.414974597153931
1179	50000.0	2.644072519063659
1180	50000.0	8.346077310042343
1181	50000.0	4.611941341964075
1182	50000.0	2.9152243450205786
1183	50000.0	8.221922952135438
1184	50000.0	2.341911648652536
1185	50000.0	3.580197900699855
1186	50000.0	7.342472043656061
1187	50000.0	6.910650418069781
1188	50000.0	3.5838657133025613
1189	50000.0	2.9804745926924614
1190	50000.0	2.8032778741374615
1191	50000.0	4.595754684428732
1192	50000.0	3.3223814583440534
1193	50000.0	5.132865201057714
1194	50000.0	7.4709062300445295
1195	50000.0	2.6367337763069374
1196	50000.0	3.7283363868630772
1197	50000.0	2.9293219490541333
1198	50000.0	8.205983827976786
1199	50000.0	3.101445949399208
