	0	1
0	3085.2	7.624817890922006e-09
1	2989.2	7.156810259447737e-09
2	3134.4	5.703723172523379e-09
3	3136.8	6.3908410466156325e-09
4	3134.4	5.7042383875091815e-09
5	2947.2	8.167095311073657e-09
6	3246.0	6.715152549580848e-09
7	2866.8	6.760930077081111e-09
8	3127.2	6.910427882299022e-09
9	3070.8	6.884503809199239e-09
10	3022.8	5.9932552353765095e-09
11	3031.2	6.909703762701557e-09
12	3082.8	5.473957547223496e-09
13	3121.2	6.947379277774922e-09
14	2940.0	7.250688405436719e-09
15	3145.2	6.526479480710846e-09
16	2972.4	6.635591987954144e-09
17	3049.2	7.154404078516527e-09
18	3007.2	5.529009698052828e-09
19	3051.6	6.50080871109428e-09
20	3087.6	5.017712108881403e-09
21	3182.4	5.595532699407199e-09
22	3076.8	6.5634756355843355e-09
23	3008.4	7.513882424986216e-09
24	3084.0	7.248414283886819e-09
25	3032.4	5.429438404514681e-09
26	3327.6	6.7509514078271186e-09
27	3141.6	5.9854119745928374e-09
28	3244.8	7.1111333750885016e-09
29	2949.6	7.290659310414946e-09
30	2925.6	6.776198372591681e-09
31	3176.4	5.943156741925771e-09
32	3189.6	5.939225460036815e-09
33	3024.0	7.148231657505669e-09
34	3062.4	6.350566082610837e-09
35	3040.8	7.080548539298238e-09
36	3024.0	6.733449183213972e-09
37	3188.4	6.232102942515802e-09
38	3060.0	7.0481574179159125e-09
39	3061.2	5.499651168700041e-09
40	3153.6	7.824784292372258e-09
41	3208.8	8.209622691508726e-09
42	3060.0	5.945216487239301e-09
43	2917.2	7.762509505994535e-09
44	3117.6	6.243658078933287e-09
45	3153.6	6.421441845599668e-09
46	3164.4	6.415877257919086e-09
47	3133.2	6.197544013023319e-09
48	2956.8	6.6410304893539336e-09
49	3244.8	6.147704260118524e-09
50	4485.6	6.2765009196327905e-09
51	4190.4	7.561067998177158e-09
52	4197.6	8.376958948606062e-09
53	4353.6	6.650222418609747e-09
54	4454.4	7.1265601243748755e-09
55	4246.8	6.197631357239908e-09
56	4470.0	6.5206313422714316e-09
57	4404.0	6.489070869415534e-09
58	4299.6	6.097498157860455e-09
59	4357.2	6.164238192902624e-09
60	4216.8	8.375964504180343e-09
61	4581.6	6.567808129576648e-09
62	4484.4	6.993171838217906e-09
63	4489.2	6.257919092324339e-09
64	4423.2	6.914323052631683e-09
65	4311.6	7.068160257245948e-09
66	4378.8	5.55858014393115e-09
67	4155.6	6.960404128158423e-09
68	4332.0	5.9460674620904126e-09
69	4341.6	8.227110795362432e-09
70	4298.4	7.461343245866354e-09
71	4386.0	7.174644206244245e-09
72	4372.8	6.874819391881541e-09
73	4131.6	7.133993596447944e-09
74	4533.6	7.2259602443929995e-09
75	4287.6	7.288724394622224e-09
76	4459.2	7.22372766680949e-09
77	4406.4	6.687818718032602e-09
78	4369.2	7.376615339795537e-09
79	4227.6	7.480957442995365e-09
80	4348.8	5.480372742019357e-09
81	4153.2	8.441690655427427e-09
82	4227.6	7.272380701304899e-09
83	4375.2	6.2806413840480055e-09
84	4467.6	7.919556780539584e-09
85	4503.6	7.960407497367288e-09
86	4396.8	5.19414230445528e-09
87	4407.6	6.3954139876399215e-09
88	4456.8	6.6830624024336566e-09
89	4296.0	5.984027167359526e-09
90	4164.0	7.2565978729827915e-09
91	4329.6	6.811025041305291e-09
92	4395.6	6.870850468664275e-09
93	4350.0	5.4664188503731795e-09
94	4468.8	6.769096567016736e-09
95	4437.6	6.724009074599417e-09
96	4198.8	7.52417797797017e-09
97	4152.0	7.474485793209475e-09
98	4375.2	7.44872316238912e-09
99	4280.4	5.996568314037322e-09
100	45368.4	1.1832609632403843
101	50000.0	1.9612305686722191
102	50000.0	1.1305651442536901
103	50000.0	1.2184906654682455
104	50000.0	0.9572421729368786
105	50000.0	0.912287379333334
106	50000.0	1.4380442722759335
107	45382.8	1.3243356300938192
108	50000.0	0.8805378525218339
109	50000.0	0.8502772922787379
110	45412.8	0.8261109735864176
111	50000.0	1.6851494360967307
112	50000.0	1.4758654873725399
113	50000.0	1.2023579859215516
114	50000.0	0.9632265987010641
115	50000.0	1.3309428788010693
116	40818.4	0.9560167656434588
117	50000.0	0.8905380734173324
118	50000.0	1.3229759269526542
119	50000.0	0.8430097416950402
120	50000.0	1.3355492221024212
121	50000.0	0.5698355310721644
122	50000.0	2.0008177233497912
123	50000.0	1.2704029615058627
124	45356.4	1.0504420815290705
125	40687.6	0.8304223716469445
126	50000.0	1.2652021497106425
127	50000.0	1.2869137875725742
128	50000.0	1.9480834493832524
129	50000.0	1.7356299648028881
130	50000.0	1.3218439907708606
131	50000.0	1.2682748901809693
132	45366.0	1.048654086676899
133	50000.0	5.764065282998345
134	50000.0	1.5488731621754053
135	50000.0	1.9425975603278332
136	45408.0	0.7864092060331139
137	50000.0	1.2361414473688699
138	50000.0	1.1778953443655398
139	50000.0	4.881609980235025
140	50000.0	1.197090453564635
141	50000.0	2.064180718931883
142	50000.0	0.9223366994871167
143	50000.0	0.9846757869213558
144	50000.0	0.8839987126080265
145	50000.0	1.5117918005755207
146	45420.0	0.7133082499182525
147	50000.0	1.2252557805386215
148	50000.0	1.3067035678102576
149	50000.0	1.0847436107071657
150	50000.0	3.0551329484112832
151	50000.0	4.802204950410743
152	50000.0	3.3839355326493488
153	50000.0	3.2818105533822886
154	50000.0	3.144951014583893
155	50000.0	3.1451349124658607
156	50000.0	2.986034243766578
157	50000.0	2.7692445895270184
158	50000.0	3.0799282356127207
159	50000.0	2.099739315837918
160	50000.0	3.5123225346289066
161	50000.0	5.180223465563962
162	50000.0	2.711827042265816
163	50000.0	3.9678488870618467
164	50000.0	2.782039711466844
165	50000.0	2.8339063699607756
166	50000.0	2.7235699062203746
167	50000.0	3.1005677981571274
168	50000.0	2.7718495363706976
169	50000.0	3.3412551400260293
170	50000.0	3.199584088717041
171	50000.0	2.4023480807489332
172	50000.0	3.521011217271991
173	50000.0	3.3237664458069736
174	50000.0	2.4734934897846808
175	50000.0	2.432438063735109
176	50000.0	3.1315694925725213
177	50000.0	2.6129425717212222
178	50000.0	4.003036811758656
179	50000.0	3.544183738052967
180	50000.0	2.856360408510947
181	50000.0	2.7438375119066807
182	50000.0	3.137902652168815
183	50000.0	5.6123192484269495
184	50000.0	3.1782835384718062
185	50000.0	5.3920364209906
186	50000.0	2.8704490529140605
187	50000.0	3.0349532838266002
188	50000.0	2.11274665053213
189	50000.0	4.984156594318727
190	50000.0	2.9876720707658975
191	50000.0	3.363763332044305
192	50000.0	3.5364167897624705
193	50000.0	3.08302292244406
194	50000.0	2.916222431879185
195	50000.0	3.040762813265704
196	50000.0	3.2868958477853787
197	50000.0	2.826356853359707
198	50000.0	2.959148339225883
199	50000.0	3.3068831173168505
200	194.4	0.0
201	195.6	0.0
202	150.0	0.0
203	244.8	0.0
204	262.8	0.0
205	159.6	0.0
206	152.4	0.0
207	262.8	0.0
208	170.4	0.0
209	183.6	0.0
210	183.6	0.0
211	175.2	0.0
212	183.6	0.0
213	195.6	0.0
214	170.4	0.0
215	190.8	0.0
216	244.8	0.0
217	194.4	0.0
218	164.4	0.0
219	262.8	0.0
220	248.4	0.0
221	212.4	0.0
222	164.4	0.0
223	200.4	0.0
224	256.8	0.0
225	277.2	0.0
226	212.4	0.0
227	262.8	0.0
228	212.4	0.0
229	170.4	0.0
230	277.2	0.0
231	194.4	0.0
232	152.4	0.0
233	206.4	0.0
234	212.4	0.0
235	237.6	0.0
236	220.8	0.0
237	183.6	0.0
238	190.8	0.0
239	200.4	0.0
240	150.0	0.0
241	170.4	0.0
242	183.6	0.0
243	262.8	0.0
244	235.2	0.0
245	164.4	0.0
246	200.4	0.0
247	170.4	0.0
248	223.2	0.0
249	183.6	0.0
250	4939.2	9.318540989694516e-10
251	4675.2	7.855004190602257e-10
252	4702.8	8.989937018113714e-10
253	4870.8	8.761853945710705e-10
254	4578.0	8.912923843199335e-10
255	4755.6	9.115360364196184e-10
256	4612.8	8.693361157219984e-10
257	4656.0	9.083627206466745e-10
258	4618.8	8.689409203458707e-10
259	4698.0	8.808038288438128e-10
260	4761.6	9.203756202617612e-10
261	4867.2	9.080306525461892e-10
262	4761.6	7.566521590080757e-10
263	4545.6	9.553895442080352e-10
264	4569.6	9.343348406066624e-10
265	4878.0	8.435661838754619e-10
266	4684.8	8.653849195850951e-10
267	4960.8	7.193788999729063e-10
268	4747.2	9.011623304891902e-10
269	4509.6	9.606389122502047e-10
270	4441.2	8.01138246893438e-10
271	4473.6	8.397554942965242e-10
272	4678.8	8.687749505931338e-10
273	4387.2	8.71569025993852e-10
274	4562.4	9.217023690906807e-10
275	4838.4	8.043471558932565e-10
276	4378.8	8.196513298554877e-10
277	4789.2	9.056431474514638e-10
278	4496.4	8.344044563499417e-10
279	4429.2	8.755683526365939e-10
280	4926.0	8.390837301438075e-10
281	4512.0	8.730513656561017e-10
282	4627.2	9.562683423493845e-10
283	4538.4	8.928186978504697e-10
284	4494.0	7.69202897606378e-10
285	4210.8	9.22341777156686e-10
286	4630.8	9.472732089110438e-10
287	4539.6	9.063038238175894e-10
288	4592.4	8.750786107902933e-10
289	4753.2	7.663634108924492e-10
290	4744.8	8.234408587914965e-10
291	4702.8	7.906791109182086e-10
292	4689.6	7.798025843874588e-10
293	4639.2	8.961006374719609e-10
294	4674.0	8.726706507355834e-10
295	4644.0	9.086959530211324e-10
296	4338.0	8.334580685702744e-10
297	4734.0	8.78301892237192e-10
298	4857.6	9.637625452137863e-10
299	5055.6	7.181222949622415e-10
300	1340.4	0.0
301	50000.0	92.94000000472678
302	50000.0	35.35000000438379
303	50000.0	3.820000005333756
304	50000.0	21.750000006045745
305	50000.0	64.79000000505248
306	50000.0	54.07000000462047
307	1395.6	0.0
308	50000.0	22.630000005359697
309	50000.0	15.540000004919866
310	1482.0	0.0
311	50000.0	396.0400000049571
312	50000.0	128.11000000584744
313	1856.4	0.0
314	50000.0	311.0100000054143
315	1710.0	0.0
316	50000.0	29.26000000373792
317	8417.6	0.0
318	50000.0	43.190000004389134
319	50000.0	1000.0000000046788
320	50000.0	290.97000000610353
321	1503.6	0.0
322	1410.0	0.0
323	1868.4	0.0
324	50000.0	412.9200000064596
325	50000.0	216.94000000521777
326	50000.0	117.50000000602617
327	50000.0	53.4800000041425
328	50000.0	7.780000002720344
329	50000.0	72.60000000465246
330	1326.0	0.0
331	50000.0	14.650000006883172
332	2198.4	0.0
333	50000.0	10.21000000435046
334	50000.0	39.060000005203484
335	1585.2	0.0
336	50000.0	263.2000000060353
337	50000.0	14.140000003857619
338	50000.0	42.42000000449083
339	50000.0	2.350000006001575
340	1407.6	0.0
341	1476.0	0.0
342	50000.0	675.0100000048253
343	1476.0	0.0
344	2667.6	0.0
345	1489.2	0.0
346	50000.0	56.810000004011684
347	50000.0	42.09000000619557
348	50000.0	45.79000000512973
349	2026.8	0.0
350	4431.6	6.1009521826373424e-09
351	4149.6	7.3263726196925724e-09
352	4209.6	6.886131290276542e-09
353	4404.0	6.929030494928973e-09
354	4225.2	6.294645514340275e-09
355	4347.6	5.872666092067349e-09
356	4406.4	6.725586647593529e-09
357	4204.8	6.146227871787956e-09
358	4352.4	7.535429866891468e-09
359	4174.8	7.266805222231669e-09
360	4305.6	6.43249951231863e-09
361	3973.2	7.507912454620577e-09
362	4226.4	6.221067633412766e-09
363	4135.2	6.774541338263638e-09
364	4185.6	6.78994482399226e-09
365	4260.0	8.091039696369574e-09
366	4274.4	7.582164679206237e-09
367	4386.0	6.226654236301014e-09
368	4389.6	8.064469867820098e-09
369	13386.4	0.00037386390961260306
370	4239.6	6.990079141706319e-09
371	4135.2	7.301493607164901e-09
372	4329.6	7.1947264680787095e-09
373	4123.2	6.4903257174752874e-09
374	4418.4	7.713718578147541e-09
375	4168.8	6.751074485074926e-09
376	4092.0	6.10231374699759e-09
377	4326.0	7.815138588272454e-09
378	4345.2	7.222993637236979e-09
379	4014.0	8.046319128485035e-09
380	4276.8	6.872478069983368e-09
381	4224.0	7.843816632901595e-09
382	4305.6	6.015848333841724e-09
383	4238.4	6.438132487816932e-09
384	4050.0	6.107001335158902e-09
385	4280.4	5.6569879835821375e-09
386	4320.0	8.334686995166388e-09
387	13229.2	0.00048260226361217126
388	4380.0	5.875035062236487e-09
389	4322.4	7.498832279633499e-09
390	8925.2	0.001697580817114146
391	4294.8	6.937881405783122e-09
392	4248.0	7.008590881632037e-09
393	4230.0	7.204414436300687e-09
394	4242.0	7.040305994617717e-09
395	4311.6	7.4058079017703835e-09
396	4316.4	6.841166674610706e-09
397	4305.6	7.220112905691229e-09
398	4185.6	5.906209658167694e-09
399	4342.8	6.148599286215445e-09
400	3818.4	7.651828042025868e-09
401	3919.2	6.792621688802849e-09
402	3948.0	6.542841812024392e-09
403	4093.2	7.135653359658851e-09
404	3998.4	6.352894430563668e-09
405	4016.4	7.430400307137748e-09
406	3946.8	5.990892460773952e-09
407	3970.8	7.178929386445242e-09
408	3825.6	7.504652109754868e-09
409	4074.0	7.4329206598002066e-09
410	3891.6	7.19196622973894e-09
411	3837.6	7.950907099653883e-09
412	3914.4	7.011599185123219e-09
413	4065.6	7.34203745109578e-09
414	3950.4	5.88051419026109e-09
415	3936.0	6.533529285575472e-09
416	3919.2	6.907744498054122e-09
417	4128.0	7.673044721066703e-09
418	3919.2	7.0728428526424006e-09
419	4028.4	5.873227347965282e-09
420	4056.0	6.925250275996735e-09
421	3882.0	7.053112569215879e-09
422	4155.6	6.4122392463677366e-09
423	3812.4	7.670401688524364e-09
424	3819.6	6.458845143023955e-09
425	3914.4	8.406791135466226e-09
426	3864.0	8.59539829135621e-09
427	3994.8	8.609270307971579e-09
428	3906.0	7.127336952301797e-09
429	3980.4	7.785218350292733e-09
430	3801.6	7.586127270019651e-09
431	4050.0	6.676329883503986e-09
432	4059.6	6.6136656978021115e-09
433	4131.6	7.746838739782676e-09
434	4015.2	7.339747168605848e-09
435	3874.8	7.3172854768126256e-09
436	4075.2	7.2096248008697184e-09
437	3996.0	7.569315689100418e-09
438	3996.0	7.96750311313278e-09
439	3962.4	7.318850779685974e-09
440	4012.8	6.804959094207311e-09
441	3885.6	7.79307447111401e-09
442	4132.8	7.487087239027034e-09
443	4033.2	5.643584989228566e-09
444	4036.8	6.5239981992168565e-09
445	3886.8	7.233682362803174e-09
446	4082.4	7.368857694044715e-09
447	3897.6	7.62286309645238e-09
448	3981.6	7.368829602839762e-09
449	4076.4	7.3449086451166735e-09
450	4216.8	6.783927730570683e-09
451	4255.2	7.537994123212492e-09
452	4351.2	6.680665105410358e-09
453	4219.2	7.523127646826916e-09
454	4682.4	6.939377080158928e-09
455	4216.8	7.547110020888188e-09
456	4384.8	6.136565920421658e-09
457	4388.4	7.268480970580647e-09
458	4402.8	6.915431349422837e-09
459	4222.8	7.458402993739608e-09
460	4293.6	6.393450234790948e-09
461	4293.6	6.570985447043624e-09
462	4204.8	7.464481455270655e-09
463	4314.0	7.779781336802449e-09
464	4441.2	6.326362417395104e-09
465	4227.6	6.706263140444707e-09
466	4354.8	7.1909499607486656e-09
467	4372.8	7.3498482551439625e-09
468	4246.8	6.356053257397361e-09
469	4399.2	6.808394327678363e-09
470	4318.8	7.760094948468546e-09
471	4284.0	6.8998993347506565e-09
472	4368.0	6.92225047322605e-09
473	4054.8	6.916404314915749e-09
474	4353.6	6.70663169768502e-09
475	4293.6	7.916321217496955e-09
476	4321.2	6.697706338463965e-09
477	4377.6	7.456225882961222e-09
478	4406.4	6.354983489970253e-09
479	4365.6	6.746348486259647e-09
480	4693.2	7.58611281858194e-09
481	4404.0	6.9952501612152666e-09
482	4429.2	5.6688849020628394e-09
483	4350.0	6.929929872883578e-09
484	4280.4	6.2083226078468565e-09
485	4352.4	6.929948827113582e-09
486	4310.4	8.269303386290398e-09
487	4144.8	7.528452124433476e-09
488	4327.2	6.98637825138932e-09
489	4316.4	6.963656304652294e-09
490	4267.2	7.2911436606985895e-09
491	4312.8	6.754155079712719e-09
492	4362.0	6.509983328302829e-09
493	4392.0	6.258832693740988e-09
494	4258.8	7.825661492554769e-09
495	4387.2	6.30222142033096e-09
496	4364.4	7.31877732951165e-09
497	4326.0	7.054838320600926e-09
498	4363.2	7.198341627427623e-09
499	4303.2	7.358743411666195e-09
500	4406.4	7.018105955690615e-09
501	4021.2	6.951366665353686e-09
502	4148.4	7.69450950838828e-09
503	4122.0	6.65319878473109e-09
504	3908.4	7.352319458330182e-09
505	4137.6	6.4656739806966395e-09
506	4221.6	7.069870235536551e-09
507	4305.6	7.504623480362341e-09
508	4188.0	6.505379983117636e-09
509	4148.4	7.67213354315622e-09
510	4005.6	6.5892052899272575e-09
511	4249.2	7.774444614222898e-09
512	4258.8	7.418985918357355e-09
513	4111.2	6.299558828050843e-09
514	4016.4	6.999459022761527e-09
515	4077.6	7.110341995151418e-09
516	4051.2	5.892282564526773e-09
517	4137.6	7.126996520581334e-09
518	4316.4	7.509371624306154e-09
519	4236.0	6.4923469467126834e-09
520	4142.4	7.300432560421118e-09
521	3868.8	6.5399845960023885e-09
522	4141.2	7.361468877814464e-09
523	3942.0	7.46712091327473e-09
524	13705.6	0.012642975318160396
525	4359.6	7.362571912995525e-09
526	4120.8	6.790139916472976e-09
527	4161.6	6.022879690835173e-09
528	4114.8	5.788863726957246e-09
529	9011.6	7.1847359073202e-05
530	4066.8	7.387007950945028e-09
531	4294.8	7.50309001653091e-09
532	4106.4	6.1509811440132685e-09
533	4126.8	6.932813837460283e-09
534	3908.4	7.984820629946902e-09
535	4066.8	5.1255723158765705e-09
536	4191.6	6.952970859799188e-09
537	3914.4	6.230228919315636e-09
538	4058.4	6.883958237806665e-09
539	4412.4	7.567158123081709e-09
540	4212.0	6.29482519412872e-09
541	4317.6	7.105691234949327e-09
542	3836.4	6.529972526614534e-09
543	4310.4	7.948340330620983e-09
544	4219.2	6.560476289423063e-09
545	4255.2	6.7407261398022975e-09
546	23975.6	0.07613750245418757
547	4016.4	7.315604565686403e-09
548	4101.6	6.129101767985492e-09
549	4173.6	7.317713740906028e-09
550	5727.6	7.193328689269822e-09
551	5959.2	8.084932441350258e-09
552	5475.6	7.990442500035206e-09
553	6434.4	7.806567518518496e-09
554	5719.2	7.96843205721758e-09
555	6019.2	7.213011606901911e-09
556	6702.0	7.605974372592805e-09
557	5508.0	7.589061198000383e-09
558	6744.0	8.783426539786539e-09
559	4993.2	6.7270131057681145e-09
560	5952.0	6.8262695383939745e-09
561	5912.4	7.40552883519548e-09
562	5006.4	6.847587792601331e-09
563	5368.8	7.711097837375872e-09
564	7671.6	8.980619632063013e-09
565	7826.4	8.738070605030636e-09
566	7506.0	8.870302562640447e-09
567	5760.0	7.222576925886166e-09
568	6264.0	8.449121981023179e-09
569	6519.6	8.109414764104373e-09
570	7071.6	8.405781175413872e-09
571	5647.2	7.315219992272938e-09
572	7316.4	7.664528786445044e-09
573	6961.2	8.815088200178729e-09
574	7902.0	8.82615784834593e-09
575	6024.0	7.062095856711036e-09
576	5905.2	6.810187627447006e-09
577	5260.8	6.115188010824668e-09
578	6549.6	8.150852859257046e-09
579	6020.4	8.41719633553295e-09
580	6442.8	8.031750967032702e-09
581	6542.4	7.867450928454611e-09
582	7082.4	8.575853129372963e-09
583	5775.6	7.882699031363921e-09
584	5550.0	5.979373995736801e-09
585	6442.8	8.535945383631663e-09
586	6304.8	7.70025218102475e-09
587	5606.4	7.485398493391062e-09
588	6788.4	8.498122734601622e-09
589	6520.8	7.936618869101513e-09
590	6396.0	7.737089999382252e-09
591	5188.8	8.18979441111841e-09
592	5629.2	7.317917294617698e-09
593	7728.0	8.971897035241522e-09
594	5208.0	7.2698441954728255e-09
595	6013.2	6.968673240203215e-09
596	7435.2	8.096351319302082e-09
597	6049.2	7.71284249858713e-09
598	5312.4	7.470601146849668e-09
599	5416.8	6.428034083391584e-09
600	6566.4	8.072237759510843e-09
601	6582.0	7.454936171841505e-09
602	6816.0	8.711428895044322e-09
603	6668.4	8.634039563358494e-09
604	6529.2	8.522148555204746e-09
605	6393.6	7.497546055106013e-09
606	6519.6	7.78064174483082e-09
607	6639.6	8.211305874676448e-09
608	6744.0	8.33857155507171e-09
609	6646.8	8.242056741082663e-09
610	6729.6	8.070491737907515e-09
611	6682.8	8.122269369295012e-09
612	6561.6	8.185289274696781e-09
613	6612.0	7.697791660191981e-09
614	6685.2	8.325376968314828e-09
615	6640.8	8.928836969744808e-09
616	6717.6	7.870041657631639e-09
617	6398.4	8.771092348434647e-09
618	6670.8	7.74116817408557e-09
619	6657.6	7.82901846178271e-09
620	6879.6	8.353735177399399e-09
621	6648.0	7.11790070448268e-09
622	6464.4	7.825876839403606e-09
623	6654.0	7.747364029106557e-09
624	6816.0	7.80607464607473e-09
625	6474.0	8.879988687660188e-09
626	6547.2	8.31684581536906e-09
627	6724.8	8.474759528829373e-09
628	6817.2	8.270833816496948e-09
629	6805.2	7.815544642928117e-09
630	6624.0	7.866141157928963e-09
631	6546.0	8.531720318541258e-09
632	6754.8	7.741339296995098e-09
633	6656.4	8.576626470682978e-09
634	6620.4	8.93450095677198e-09
635	6789.6	7.590839008799903e-09
636	6546.0	7.264933885483731e-09
637	6639.6	7.334084547470081e-09
638	6606.0	7.827419584701587e-09
639	6598.8	8.758631126806375e-09
640	6625.2	8.111002633415403e-09
641	6822.0	7.816182699131646e-09
642	6723.6	6.920816506468596e-09
643	6508.8	7.656503236615612e-09
644	6666.0	8.584692589479264e-09
645	6799.2	6.525507411115293e-09
646	6692.4	8.687714448796746e-09
647	6453.6	8.947557770935853e-09
648	6770.4	7.62173913766642e-09
649	6724.8	8.98063249228038e-09
650	3486.0	6.973881841091665e-09
651	3385.2	6.746835183107065e-09
652	3474.0	7.543271373792983e-09
653	3234.0	7.059071488270232e-09
654	3324.0	7.370476283551374e-09
655	3471.6	7.820847483760129e-09
656	3304.8	7.048805945654424e-09
657	3440.4	5.2634773533294595e-09
658	3406.8	6.7425543155527985e-09
659	3192.0	7.809421633254533e-09
660	3438.0	6.842204429827938e-09
661	3366.0	7.117205720663331e-09
662	3338.4	7.946274239489063e-09
663	3298.8	7.80133979774059e-09
664	3250.8	7.598458734143786e-09
665	3144.0	7.420324176871191e-09
666	3468.0	7.604411267877933e-09
667	3476.4	6.9923550076478345e-09
668	3422.4	6.581459846613943e-09
669	3408.0	6.6202540956190635e-09
670	3229.2	7.0615430101951745e-09
671	3274.8	7.288483279302225e-09
672	3129.6	7.32075540542059e-09
673	3348.0	7.78406839938782e-09
674	3417.6	7.129811862988827e-09
675	3172.8	7.320468045625358e-09
676	3288.0	8.238983729560482e-09
677	3459.6	6.04804075200166e-09
678	3307.2	6.918055941812526e-09
679	3446.4	5.745242246960598e-09
680	3302.4	7.068422069147132e-09
681	3307.2	6.085563116218027e-09
682	3376.8	6.1500044338755585e-09
683	3248.4	6.576396931819859e-09
684	3361.2	5.398040893944871e-09
685	3290.4	7.093049170704009e-09
686	3433.2	6.762180676879178e-09
687	3406.8	6.949127252234814e-09
688	3363.6	5.746375834592643e-09
689	3331.2	7.574873974393047e-09
690	3402.0	6.762013818261002e-09
691	3348.0	6.659638857815677e-09
692	3266.4	7.153065766122168e-09
693	3289.2	6.639845280503599e-09
694	3423.6	6.6498545304939876e-09
695	3150.0	7.933066948380264e-09
696	3375.6	6.558243122256379e-09
697	3249.6	6.773813691132915e-09
698	3559.2	6.361386451976701e-09
699	3264.0	5.9045434081775686e-09
700	50000.0	0.2357018131847317
701	50000.0	0.5644205641717013
702	50000.0	0.7612504782029824
703	50000.0	0.4450052346118455
704	50000.0	0.6074113289480023
705	50000.0	1.3926617256840115
706	50000.0	0.36021379953122423
707	50000.0	0.2912540796446684
708	50000.0	0.22232781768285564
709	50000.0	0.24925301363395952
710	50000.0	0.5455254770068765
711	40813.6	0.4221758352052734
712	50000.0	0.49015018778505626
713	50000.0	0.5873265034602044
714	50000.0	0.6313338745659344
715	45411.6	0.5675014830426985
716	50000.0	0.5793162212996921
717	45360.0	0.6868692857405487
718	50000.0	0.49603587037960944
719	45392.4	0.518822041331123
720	50000.0	0.4638504784093852
721	50000.0	0.3414919820160925
722	40702.0	0.5875612197481803
723	50000.0	0.2447968951627637
724	50000.0	0.44243024099129924
725	50000.0	0.2854006036398174
726	45379.2	0.5046970141095118
727	50000.0	0.874700355745396
728	50000.0	0.6165118565623612
729	50000.0	0.4299560771904883
730	50000.0	0.6771160382660545
731	45354.0	0.2988988381437593
732	50000.0	0.42066376140607914
733	50000.0	0.8933847791357105
734	50000.0	0.3583951968175969
735	50000.0	0.5683640519616113
736	50000.0	0.464845761073549
737	50000.0	0.5341761580852271
738	50000.0	0.6364751148826333
739	50000.0	0.5809404619415671
740	50000.0	0.4577563093519693
741	50000.0	0.5214516969984767
742	50000.0	0.29478973403610864
743	50000.0	0.5063582538354682
744	45411.6	0.5633360206563093
745	50000.0	0.7325761144598854
746	50000.0	0.8226689187885075
747	50000.0	0.3591186986392358
748	50000.0	0.7909052349920216
749	50000.0	0.7118718036766242
750	50000.0	3.0549118244608517
751	50000.0	3.1445484516014073
752	50000.0	2.6905693921142437
753	50000.0	4.103773518715451
754	50000.0	5.2117887341819955
755	50000.0	3.9420642086752955
756	50000.0	2.358711544914134
757	50000.0	2.4575470060510876
758	50000.0	1.3650845903030748
759	50000.0	3.5615566532617997
760	50000.0	3.539446530035213
761	50000.0	3.2700554433208304
762	50000.0	2.4036798575395464
763	50000.0	5.104389509960311
764	50000.0	4.623947135180437
765	50000.0	1.8570226717436313
766	50000.0	2.8991562423901627
767	50000.0	5.40606942516458
768	50000.0	3.4092219152286836
769	50000.0	2.9888369733784286
770	50000.0	5.130360595767064
771	50000.0	3.1128939015900956
772	50000.0	3.267613160250155
773	50000.0	2.2275990437219355
774	50000.0	3.3444352799908748
775	50000.0	2.3122057539746783
776	50000.0	4.778236235148891
777	50000.0	1.4794557590236588
778	50000.0	3.3921711156365424
779	50000.0	6.595033814096942
780	50000.0	2.4579519052034478
781	50000.0	3.253009209357235
782	50000.0	5.131255348605306
783	50000.0	2.896220960927999
784	50000.0	3.654141059207528
785	50000.0	4.84055769127149
786	50000.0	2.002061233401383
787	50000.0	4.196493519387596
788	50000.0	3.664994451605561
789	50000.0	2.5209504066289887
790	50000.0	4.950936799838513
791	50000.0	2.1790443858036803
792	50000.0	2.1873594913924617
793	50000.0	2.2683293711692407
794	50000.0	3.1478207222808954
795	50000.0	2.61079483279721
796	50000.0	5.213167877935975
797	50000.0	5.637986318556438
798	50000.0	5.0669231167388835
799	50000.0	2.354686508052562
800	50000.0	5.349692725099411
801	50000.0	7.1150753483933045
802	50000.0	3.0751673703704254
803	50000.0	6.714013735121782
804	50000.0	13.127438458312838
805	50000.0	5.726688734895184
806	50000.0	5.203129284410018
807	50000.0	6.1507615876273425
808	50000.0	7.370067210472354
809	50000.0	14.373110364781885
810	50000.0	7.645334273612503
811	50000.0	9.234688680217237
812	50000.0	10.14849365695304
813	50000.0	9.092591661202542
814	50000.0	9.483440842820723
815	50000.0	7.015718029447146
816	50000.0	15.820332515089635
817	50000.0	8.447789450638892
818	50000.0	9.281032209492096
819	50000.0	10.204557217365046
820	50000.0	7.2225100407527
821	50000.0	9.22526363037645
822	50000.0	6.567979425575229
823	50000.0	2.672279107964673
824	50000.0	7.118044151087547
825	50000.0	7.4081537794803936
826	50000.0	6.638710128626167
827	50000.0	3.4461004867020897
828	50000.0	6.574063699396779
829	50000.0	3.8330042796388732
830	50000.0	5.5343138266769945
831	50000.0	7.502104842194382
832	50000.0	4.627907083526291
833	50000.0	4.056177935910086
834	50000.0	2.3205839641519153
835	50000.0	3.296351396901103
836	50000.0	8.854974502862362
837	50000.0	4.775466715159034
838	50000.0	13.636115534564254
839	50000.0	3.183894703515485
840	50000.0	6.023059246184394
841	50000.0	5.346516356255829
842	50000.0	7.733236488867917
843	50000.0	4.660426474807247
844	50000.0	6.079965717443696
845	50000.0	15.461282632815848
846	50000.0	9.913079886640016
847	50000.0	7.0585176529111155
848	50000.0	6.293325719783114
849	50000.0	6.607688911350307
850	50000.0	22.243673491968213
851	50000.0	27.91548075253869
852	50000.0	4.557562349872565
853	50000.0	26.844471928320303
854	50000.0	34.77238448875314
855	50000.0	19.980729068608113
856	50000.0	21.677193952856225
857	50000.0	27.35920361963621
858	50000.0	30.096665978015096
859	50000.0	49.925096737569284
860	50000.0	25.903496155439647
861	50000.0	35.94013712255682
862	50000.0	22.00133847636741
863	50000.0	26.354962165989605
864	50000.0	32.63346616427849
865	50000.0	21.818612635105282
866	50000.0	47.87047518664372
867	50000.0	23.72460268025508
868	50000.0	25.57553528615202
869	50000.0	19.82744477834799
870	50000.0	29.130452618373276
871	50000.0	36.10408349705678
872	50000.0	15.94786111939446
873	50000.0	12.235015743625635
874	50000.0	19.427462124546604
875	50000.0	16.932270921508366
876	50000.0	14.436286322267028
877	50000.0	10.969824329492132
878	50000.0	25.329580508619994
879	50000.0	12.575633140138248
880	50000.0	21.104710713770366
881	50000.0	28.78654631947625
882	50000.0	19.043135313373135
883	50000.0	11.859211069592133
884	50000.0	9.277584276599267
885	50000.0	12.14525835429242
886	50000.0	30.99275774437504
887	50000.0	18.081283444882736
888	50000.0	40.27017067912017
889	50000.0	14.351212911204424
890	50000.0	12.32102735092911
891	50000.0	23.557158330880508
892	50000.0	19.90621422043435
893	50000.0	15.467670309626374
894	50000.0	25.36705664832087
895	50000.0	47.81404689894304
896	50000.0	26.364630196081247
897	50000.0	23.615074509514166
898	50000.0	19.14934487068579
899	50000.0	21.519534759028495
900	50000.0	0.022526272073790744
901	50000.0	0.046252063950415055
902	50000.0	0.03480940707518432
903	50000.0	0.0006265719134217918
904	50000.0	0.03947645710847638
905	50000.0	0.048682699338119126
906	50000.0	0.04756788897096111
907	50000.0	0.03081877729835547
908	50000.0	0.04515802446742771
909	50000.0	0.007537670783757555
910	50000.0	0.04457527953628393
911	50000.0	0.0319000090029478
912	50000.0	0.0013388266610089516
913	50000.0	0.03166517726054981
914	50000.0	0.013395595976331798
915	50000.0	0.03693746954047654
916	50000.0	0.023525682762513968
917	50000.0	0.0026755613510824005
918	50000.0	0.01883435331633585
919	45217.2	0.048920628110577444
920	50000.0	0.023718353322676043
921	50000.0	0.014231700634663901
922	50000.0	0.03568992670551321
923	45206.4	0.0041161293522552714
924	50000.0	0.03313434392520218
925	50000.0	0.046192813639597395
926	50000.0	0.02476493765266117
927	50000.0	0.016764888841020564
928	50000.0	0.010670656343170392
929	50000.0	0.05667122540953358
930	50000.0	0.039848447420937204
931	50000.0	0.01995654783658054
932	50000.0	0.00544581338375032
933	50000.0	0.032265559796593554
934	50000.0	0.010079560045574176
935	50000.0	0.0024434206008418615
936	45265.2	0.0062214302861319125
937	50000.0	0.01970903871388572
938	50000.0	0.020278379922969592
939	50000.0	0.07467149897563755
940	50000.0	0.03349739640775908
941	50000.0	0.04344557737562056
942	50000.0	0.09425263025076269
943	50000.0	0.030825250553682616
944	50000.0	0.0014257891254047194
945	50000.0	0.011494365085046532
946	50000.0	0.012880209101643381
947	50000.0	0.03043222731497739
948	50000.0	0.051481440335541605
949	50000.0	0.01010500736385822
950	50000.0	0.21232553611404067
951	50000.0	0.2125682705474226
952	50000.0	0.20400825950080978
953	50000.0	0.3786203880419429
954	50000.0	0.31508931711250904
955	50000.0	0.099754702259117
956	50000.0	0.10603760633854398
957	45324.0	0.273274750428141
958	45321.6	0.13846242360763336
959	50000.0	0.1734147883156528
960	50000.0	0.10603760633854398
961	50000.0	0.21761193886693966
962	50000.0	0.1734147883156528
963	50000.0	0.1734147883156528
964	50000.0	0.3786203880419429
965	50000.0	0.2853046816200155
966	50000.0	0.14249757702903906
967	50000.0	0.3786203880419429
968	45321.6	0.13846242360763336
969	50000.0	0.1462039691600201
970	50000.0	0.23898583635926185
971	50000.0	0.20400825950080978
972	50000.0	0.14765630157488374
973	50000.0	0.10144441109590682
974	50000.0	0.1462039691600201
975	50000.0	0.1286633361431663
976	50000.0	0.31508931711250904
977	50000.0	0.1286633361431663
978	50000.0	0.3786203880419429
979	50000.0	0.3240775875580105
980	45394.8	0.13852323072740114
981	50000.0	0.1286633361431663
982	50000.0	0.099754702259117
983	50000.0	0.1286633361431663
984	50000.0	0.2853046816200155
985	50000.0	0.24079809508702588
986	50000.0	0.1608127252932785
987	50000.0	0.355195901088739
988	50000.0	0.20400825950080978
989	45394.8	0.13515460162486595
990	50000.0	0.09488288573442735
991	50000.0	0.16257204244987997
992	50000.0	0.22232570968021523
993	50000.0	0.24079809508702588
994	50000.0	0.09488288573442735
995	45324.0	0.273274750428141
996	50000.0	0.181063201903732
997	50000.0	0.31508931711250904
998	50000.0	0.34769059344031406
999	50000.0	0.18708503392000925
1000	50000.0	1.3703799069825593
1001	50000.0	1.2452555353050625
1002	50000.0	4.4072160370085
1003	50000.0	8.098173812876457
1004	50000.0	1.2452561042467112
1005	42203.8	2.0086485219264785
1006	50000.0	1.9378508928635267
1007	41845.6	0.9900678998289656
1008	50000.0	2.3374200040274733
1009	50000.0	1.7987641517827968
1010	45157.2	3.086028200390587
1011	50000.0	2.539777571057786
1012	50000.0	1.245311966492133
1013	46946.0	2.5360557848509284
1014	50000.0	2.5693808330432084
1015	1341.6	3.996539148851094e-09
1016	50000.0	1.2452555353049342
1017	45120.0	3.4422987802387164
1018	50000.0	1.9377404958739803
1019	49601.2	3.6839627227962075
1020	50000.0	7.856584531404922
1021	50000.0	6.672645893964548
1022	41328.8	3.4688264831401994
1023	50000.0	0.6918948155924768
1024	50000.0	0.9617217072568677
1025	16612.8	3.523789683812606e-07
1026	41881.0	4.485909633780862
1027	2338.2	4.444141066027866e-09
1028	50000.0	5.7812007315665195
1029	14026.2	3.0575854827281365e-08
1030	27875.2	0.1383762972505155
1031	50000.0	0.6922027871074945
1032	50000.0	2.400022596427004
1033	41101.6	0.8719195683604177
1034	50000.0	2.043675691191497
1035	2512.6	4.735138411532156e-09
1036	1294.8	4.627633841503947e-09
1037	50000.0	2.8292809916822437
1038	8002.2	4.554278373556342e-09
1039	50000.0	5.752084391055051
1040	45144.0	1.121045695709369
1041	50000.0	4.218671607814098
1042	50000.0	5.076148126133755
1043	46237.6	1.3564961141967276
1044	10027.0	4.719367306825871e-09
1045	50000.0	2.1186349280203083
1046	45157.2	1.901908101064991
1047	50000.0	1.2452555353044148
1048	45931.2	3.4799074498276665
1049	50000.0	1.8232511326275342
1050	36333.6	2.084628192118632e-06
1051	3872.6	3.246250475420104e-09
1052	50000.0	2.3999055223568773
1053	34199.4	0.7819995756575095
1054	50000.0	7.271630967266337
1055	19652.6	7.739586413609152e-08
1056	50000.0	0.6918886479637351
1057	6406.2	3.368237620039985e-09
1058	40266.4	0.6687575294234304
1059	50000.0	1.93785783648344
1060	12080.0	4.964430234978186e-09
1061	50000.0	7.27206628795449
1062	50000.0	0.8182812458136238
1063	50000.0	11.125618450408599
1064	50000.0	28.312236848152004
1065	35056.0	1.2852180876581982e-06
1066	50000.0	0.6918666118188067
1067	50000.0	2.5905477300897024
1068	50000.0	11.125618450408197
1069	37223.2	2.092557345171803
1070	6473.4	5.47750139960535e-09
1071	50000.0	1.955000982714044
1072	17977.2	1.54443171421242
1073	35526.8	3.7775849417376812
1074	50000.0	2.4634876714969662
1075	50000.0	1.8868097750869253
1076	50000.0	16.90018570992812
1077	34527.4	4.919231790895635
1078	16780.4	2.8792607388046445e-08
1079	8327.2	4.858159204511465e-09
1080	50000.0	8.742766131920336
1081	50000.0	0.7681860014202213
1082	38464.6	0.48436442061747453
1083	2210.8	3.599546439545596e-09
1084	50000.0	0.8818321507398952
1085	50000.0	1.9115454813377326
1086	41767.2	0.9774994413156446
1087	50000.0	0.6918569111921913
1088	50000.0	0.6918569111917777
1089	27354.6	5.4582031459686976e-08
1090	50000.0	2.5905477300897646
1091	6737.2	4.626336082413385e-09
1092	50000.0	4.321125519399152
1093	39618.4	0.3459284891996837
1094	50000.0	2.592660134759164
1095	3164.2	4.187472513515325e-09
1096	50000.0	0.691889557798863
1097	50000.0	6.960048870703671
1098	3140.2	3.976679439737526e-09
1099	50000.0	8.136203181438102
1100	50000.0	0.2805757148734705
1101	50000.0	0.12102331949283551
1102	50000.0	0.17510037981759868
1103	50000.0	0.21253913398729343
1104	50000.0	0.14668224951374495
1105	50000.0	0.2394443055171258
1106	50000.0	0.22601103521188995
1107	50000.0	0.1296876778903512
1108	50000.0	0.2211501116782018
1109	50000.0	0.12904609201323433
1110	50000.0	0.16764826778920677
1111	50000.0	0.26883286617016744
1112	50000.0	0.18918795351308265
1113	50000.0	0.11140173447877519
1114	50000.0	0.19016987766831267
1115	50000.0	0.19021261638339262
1116	50000.0	0.18077023053091384
1117	50000.0	0.1397567849064949
1118	50000.0	0.20891294492826767
1119	50000.0	0.18076830857951356
1120	50000.0	0.12449039940085393
1121	50000.0	0.2252127357289478
1122	50000.0	0.21395187813981656
1123	50000.0	0.10868749005572502
1124	50000.0	0.23938487583067034
1125	50000.0	0.1530551528273121
1126	50000.0	0.2199583375794986
1127	50000.0	0.19903659615017025
1128	50000.0	0.17760777670349115
1129	50000.0	0.20547709493009164
1130	50000.0	0.14978631014443278
1131	50000.0	0.2323858603977264
1132	50000.0	0.19618903506541854
1133	50000.0	0.13802611614167284
1134	50000.0	0.12187174836359779
1135	50000.0	0.1559385530415681
1136	50000.0	0.12860264394804716
1137	50000.0	0.20957889171605926
1138	50000.0	0.2667989933337569
1139	50000.0	0.17854407183909243
1140	50000.0	0.18005268579021377
1141	50000.0	0.13431073992097228
1142	50000.0	0.19911895230335871
1143	50000.0	0.09634504311905975
1144	50000.0	0.1194345332866783
1145	50000.0	0.26609308829057976
1146	50000.0	0.16088096340112826
1147	50000.0	0.21144981071765967
1148	50000.0	0.18489201442134623
1149	50000.0	0.15215988568699015
1150	50000.0	2.22054675825778
1151	50000.0	3.216819644300253
1152	50000.0	3.173356776865629
1153	50000.0	1.2190515995585307
1154	50000.0	2.071702001161593
1155	50000.0	1.2059175856263202
1156	50000.0	1.1228545177512406
1157	50000.0	6.265202864723222
1158	50000.0	1.321554260608822
1159	50000.0	3.1270473019891396
1160	50000.0	2.398906694248046
1161	50000.0	3.245304810935001
1162	50000.0	6.586339760236714
1163	50000.0	0.9358688219418865
1164	50000.0	1.4172115360527637
1165	50000.0	1.398325842173658
1166	50000.0	1.0037883559360368
1167	50000.0	0.9177462160255072
1168	50000.0	2.7074720173692115
1169	50000.0	1.2919112427535417
1170	50000.0	3.054312802976425
1171	50000.0	1.4348656994356581
1172	50000.0	1.106690073137917
1173	50000.0	3.6669140916997085
1174	50000.0	5.891600669767246
1175	50000.0	3.005847699598352
1176	50000.0	1.1149324427433678
1177	50000.0	1.2238922940471302
1178	50000.0	1.3528986866583856
1179	50000.0	0.9748111585540666
1180	50000.0	6.7387574249638265
1181	50000.0	2.90220274446357
1182	50000.0	0.8717768648263874
1183	50000.0	6.437609439188033
1184	50000.0	1.1345402240330122
1185	50000.0	2.0736813640124403
1186	50000.0	6.544926797975373
1187	50000.0	6.517642895026976
1188	50000.0	1.396329709694586
1189	50000.0	1.1087194599338308
1190	50000.0	1.3234667267824736
1191	50000.0	3.6887158757509604
1192	50000.0	0.9308732496644501
1193	50000.0	2.847534032276525
1194	50000.0	5.100398980162593
1195	50000.0	1.5434635548212803
1196	50000.0	1.5941481513066373
1197	50000.0	1.4575310410866849
1198	50000.0	6.505643770717292
1199	50000.0	1.5694963829025101
