	0	1
0	4797.2	8.238954616848735e-09
1	4611.0	8.774652784300981e-09
2	4657.4	8.37186619984064e-09
3	4480.3	7.900954989680251e-09
4	4838.3	7.136106100281351e-09
5	4654.4	7.848847612456426e-09
6	5427.5	8.247779492168459e-09
7	4526.0	8.36612185101507e-09
8	4513.8	8.064851651045437e-09
9	4588.4	7.322883333133411e-09
10	4717.7	7.565441478769032e-09
11	4601.9	7.260908056908772e-09
12	4710.0	6.967270332830103e-09
13	4693.0	7.810626520161682e-09
14	4646.8	7.793038723570672e-09
15	4489.5	6.79170508735649e-09
16	4541.7	7.142719971632078e-09
17	4729.4	7.828994918826475e-09
18	4642.1	7.871027728663005e-09
19	4746.2	8.621029224779103e-09
20	4725.3	7.807192237810201e-09
21	4739.2	9.117932293081791e-09
22	4676.0	7.728070083012836e-09
23	4637.6	7.563674962583239e-09
24	4734.1	8.395964088020512e-09
25	5406.5	7.487371467141859e-09
26	4775.1	8.091794594993704e-09
27	4635.7	7.9258435952087e-09
28	4515.4	7.720754094642098e-09
29	4832.4	7.909018497869136e-09
30	4522.1	7.031162511354579e-09
31	4657.8	7.470869864636907e-09
32	4633.5	6.8437354285830325e-09
33	4652.6	7.903761154825274e-09
34	5107.8	8.43094065649846e-09
35	5085.0	7.337551738836858e-09
36	4765.2	7.891799159969778e-09
37	4626.6	7.944724634372343e-09
38	4542.3	8.471441083112413e-09
39	4626.5	8.201595153442063e-09
40	4572.9	8.536266164410293e-09
41	4303.7	8.866896553214204e-09
42	4538.4	7.993408981983866e-09
43	4454.6	7.776515603536902e-09
44	4500.8	8.489665441446683e-09
45	4786.3	7.768393033673477e-09
46	4617.6	8.044200632563598e-09
47	4714.1	7.353917363372866e-09
48	4675.9	7.571772458329654e-09
49	4660.0	8.65259571557945e-09
50	5538.8	8.198106701315592e-09
51	10369.4	4.0303154545213943e-07
52	10069.8	1.0597849980498744e-05
53	5520.9	7.997554017735436e-09
54	5370.8	7.75499374156238e-09
55	5333.3	8.143285569847873e-09
56	5505.6	8.249379629391451e-09
57	6465.7	7.672014972960426e-09
58	5563.2	7.410726795547102e-09
59	6001.8	8.052336534832026e-09
60	5528.2	8.431736358934945e-09
61	5370.7	8.323928537533581e-09
62	6040.6	8.131949746179677e-09
63	5336.3	6.82438898642753e-09
64	5433.2	7.1227450155064544e-09
65	5467.3	8.881515437833743e-09
66	5801.4	8.160906231734267e-09
67	5674.8	7.812821006916902e-09
68	5579.2	7.999112999666834e-09
69	5323.3	8.46474933207704e-09
70	5204.1	7.611911038864378e-09
71	5428.9	7.867537442263827e-09
72	5293.0	7.587041724789733e-09
73	5800.7	7.826178375295193e-09
74	5606.3	8.473027189048833e-09
75	5391.6	7.650522900903348e-09
76	5458.1	8.872838878092649e-09
77	5430.2	8.03885764247251e-09
78	14422.2	0.00013669167591189165
79	5263.0	8.196082805124335e-09
80	9880.3	6.029632403385087e-05
81	5611.3	7.266633536242836e-09
82	6003.9	7.822262666964744e-09
83	5650.3	7.594419317551493e-09
84	5388.8	7.372661115761533e-09
85	5966.5	7.47099007709082e-09
86	5444.1	7.41698043807759e-09
87	5676.7	7.861105364461785e-09
88	10057.3	7.326669071790868e-06
89	5223.4	8.064042886434282e-09
90	5767.9	7.379176509436039e-09
91	5611.7	7.922919232111083e-09
92	10141.8	8.395677064039296e-05
93	5449.4	6.92871253895704e-09
94	5738.1	8.1538414152218e-09
95	5305.7	7.4062363707392935e-09
96	10427.0	1.1108008227006042e-05
97	5897.4	7.2246341771629604e-09
98	5575.0	8.1457433952058e-09
99	5456.0	7.908312671487543e-09
100	50000.0	1.6110166766686411
101	50000.0	1.9785077724046432
102	50000.0	1.0944558321758866
103	50000.0	1.0989721167025204
104	50000.0	2.387901324709527
105	50000.0	1.3087874845417977
106	47548.6	1.094471287558134
107	50000.0	1.5923002901660155
108	50000.0	0.8954636170718479
109	50000.0	0.9949593678012111
110	50000.0	1.0960600956661222
111	50000.0	1.120455108113219
112	46835.5	1.392945205728138
113	46662.0	1.5919347204037066
114	50000.0	1.8904347843202587
115	47473.4	2.605753640412952
116	47479.0	1.0859024367159607
117	50000.0	1.700045456216691
118	50000.0	1.3930911486474395
119	43303.3	1.146504181402329
120	50000.0	1.5200879952085864
121	43551.5	0.8954664494999275
122	46130.5	1.9066300062393176
123	50000.0	0.8037097332731438
124	47709.8	0.7959701272680065
125	47498.7	0.796067953471729
126	50000.0	1.293457223534853
127	50000.0	1.293457140848155
128	50000.0	2.188934604973446
129	50000.0	2.0945447821182004
130	46932.3	0.8961547945967814
131	50000.0	1.1943627967276582
132	50000.0	1.9846384474021772
133	50000.0	2.01014141552828
134	43768.8	0.9949606134513271
135	50000.0	2.613929187467344
136	50000.0	1.293590428880903
137	50000.0	1.4386630087923156
138	50000.0	2.387900789524618
139	50000.0	4.523832938551173
140	50000.0	2.229297854345407
141	50000.0	2.219695664403548
142	46634.2	1.7350250521208008
143	50000.0	1.0706495226452084
144	46903.1	1.2934611407353613
145	46667.1	1.1939509507188228
146	50000.0	1.293536958773908
147	46877.8	0.9950083530912869
148	50000.0	1.3852901779783668
149	50000.0	1.1166536150505622
150	50000.0	6.21571401181023
151	50000.0	5.173841078757569
152	50000.0	4.32783712709783
153	50000.0	4.3778228170488465
154	50000.0	4.721873871245267
155	50000.0	4.378006535267871
156	50000.0	4.954826072205482
157	50000.0	4.306572926846043
158	50000.0	5.252585150528994
159	50000.0	4.1281615080312495
160	50000.0	5.446602004587922
161	50000.0	4.892689789609021
162	50000.0	3.9558216719629593
163	50000.0	5.765913909468345
164	50000.0	4.282132056277573
165	50000.0	4.576912803748643
166	50000.0	3.741319376305243
167	50000.0	4.178999431416598
168	50000.0	4.529114646797901
169	50000.0	5.209800146889648
170	50000.0	5.070230278025775
171	50000.0	3.5280021619948556
172	50000.0	4.98679494028089
173	50000.0	4.178981282705668
174	50000.0	3.3999926159959464
175	50000.0	3.979835273472721
176	50000.0	4.179342695046984
177	50000.0	3.798736266170381
178	50000.0	4.4778308622045255
179	50000.0	4.8161643638570455
180	50000.0	3.6118276753854026
181	50000.0	4.959875910195903
182	50000.0	4.802755551703901
183	50000.0	7.28461547403288
184	50000.0	5.032104575558064
185	50000.0	5.608672720698285
186	50000.0	6.025727428871799
187	50000.0	3.5660457820546028
188	50000.0	2.5868948146812607
189	50000.0	6.446127921798849
190	50000.0	5.134921141738491
191	50000.0	5.3249999752092565
192	50000.0	4.652304694570119
193	50000.0	4.079332883666931
194	50000.0	5.059706526531244
195	50000.0	3.8804573226641494
196	50000.0	4.151382336920326
197	50000.0	4.781766835987534
198	50000.0	4.7098677469241546
199	50000.0	5.718563991718788
200	2840.3	0.0
201	1558.3	0.0
202	90.0	0.0
203	791.7	0.0
204	101.0	0.0
205	3543.2	0.0
206	944.3	0.0
207	101.0	0.0
208	105.6	0.0
209	134.2	0.0
210	1399.4	0.0
211	150.2	0.0
212	1753.6	0.0
213	1558.3	0.0
214	257.3	0.0
215	3033.0	0.0
216	791.7	0.0
217	2840.3	0.0
218	1990.6	0.0
219	101.0	0.0
220	708.2	0.0
221	881.2	0.0
222	1990.6	0.0
223	5804.4	0.0
224	1389.8	0.0
225	2844.1	0.0
226	1585.9	0.0
227	101.0	0.0
228	881.2	0.0
229	257.3	0.0
230	2844.1	0.0
231	395.0	0.0
232	944.3	0.0
233	1553.7	0.0
234	881.2	0.0
235	2397.6	0.0
236	235.4	0.0
237	1753.6	0.0
238	3033.0	0.0
239	5804.4	0.0
240	90.0	0.0
241	105.6	0.0
242	134.2	0.0
243	101.0	0.0
244	883.7	0.0
245	1990.6	0.0
246	5804.4	0.0
247	105.6	0.0
248	2057.4	0.0
249	1399.4	0.0
250	11283.0	9.522019106179977e-10
251	10972.7	8.554370652291174e-10
252	10671.4	9.616812474592878e-10
253	11689.0	6.919641496742162e-10
254	10687.9	9.392112068056732e-10
255	10647.4	1.0231833593000706e-09
256	11235.8	9.60703275669252e-10
257	10561.2	7.905307504045347e-10
258	26073.0	6.817377811751419e-08
259	10361.4	9.809011835440351e-10
260	10281.8	7.680268983254588e-10
261	10562.3	9.917424902865526e-10
262	15116.9	3.50088153085979e-07
263	11658.0	9.552200404870161e-10
264	15220.1	3.2967515184560576e-07
265	15810.1	1.9958968675540667e-09
266	12193.8	9.859562589760324e-10
267	15181.6	1.5420970809099573e-08
268	11564.0	1.0107352292432092e-09
269	15624.9	5.424021251331859e-09
270	10554.5	1.0090096291945726e-09
271	10859.0	9.100667713811648e-10
272	10384.4	9.58339226867422e-10
273	10382.2	9.560991690440324e-10
274	10781.9	1.0085541562144213e-09
275	11325.7	9.711995262626736e-10
276	11804.1	8.479981513726768e-10
277	11908.0	9.261732740689982e-10
278	25316.4	1.1520462215616831e-08
279	15705.0	3.670105958371046e-09
280	15296.8	1.2238046544761113e-06
281	10822.5	9.397260855648989e-10
282	11503.7	1.0417197533269625e-09
283	11436.9	9.438082517718258e-10
284	15708.5	3.932528982869086e-09
285	12559.7	8.680973510148596e-10
286	11487.0	9.571860515974984e-10
287	10591.2	8.339226036368209e-10
288	10528.8	8.227680758523205e-10
289	14821.0	4.6567831078637427e-08
290	11248.7	8.771933326864732e-10
291	10702.6	8.70293641833121e-10
292	11411.8	8.185647496355667e-10
293	10525.3	9.220488786824614e-10
294	11738.0	8.52093714793721e-10
295	18965.0	1.4309513926129971e-05
296	18713.4	4.769785431650517e-09
297	12024.5	1.0453890742218664e-09
298	11238.9	9.491753003768213e-10
299	11692.7	9.815693464489614e-10
300	8860.7	0.0
301	50000.0	93.11363278396409
302	50000.0	35.350000003656554
303	50000.0	3.820000004360233
304	50000.0	21.75000000559867
305	50000.0	64.79000000520944
306	50000.0	54.08265282510509
307	6776.5	0.0
308	50000.0	22.630000004965
309	50000.0	15.54000000430988
310	7137.3	0.0
311	50000.0	396.04000000523445
312	50000.0	128.11000000567032
313	8776.2	0.0
314	50000.0	311.0100000050603
315	6782.8	0.0
316	50000.0	29.260000004341794
317	7472.0	0.0
318	50000.0	43.190000005581844
319	50000.0	1000.0000000043914
320	50000.0	290.97000000338795
321	6536.3	0.0
322	6908.2	0.0
323	6716.8	0.0
324	50000.0	412.9200000052777
325	50000.0	216.94000000464462
326	50000.0	117.55922594080137
327	50000.0	53.48000000433658
328	50000.0	7.780000006328682
329	50000.0	72.60000000467984
330	6836.0	0.0
331	50000.0	14.650000004697034
332	8401.5	0.0
333	50000.0	10.210000004713597
334	50000.0	39.06000000381108
335	5720.2	0.0
336	50000.0	263.20000000431054
337	50000.0	14.140000005187545
338	50000.0	42.42000000455973
339	50000.0	2.3500000037144813
340	8820.1	0.0
341	9464.4	0.0
342	50000.0	675.0100000047901
343	8332.3	0.0
344	6531.4	0.0
345	6635.6	0.0
346	50000.0	56.81000000527918
347	50000.0	42.090000003525546
348	50000.0	45.79000000609971
349	7294.4	0.0
350	7746.1	7.86008300272556e-09
351	34240.7	0.00980329087375146
352	11846.1	0.0061470705077573806
353	8312.3	7.4003357693554725e-09
354	25920.3	0.0066187110310133536
355	16016.6	0.009394996563285938
356	7583.8	7.744917246453256e-09
357	29471.5	0.0002979804982047586
358	20897.7	0.00651564303300103
359	21808.8	0.0150833748927597
360	16724.1	0.0011744447329220449
361	16892.9	0.00018906103128345922
362	24401.3	0.018865420303729584
363	24769.9	0.015291710218203719
364	33169.4	0.017179026225454513
365	34241.1	0.11639146204045055
366	16209.1	0.003890353270522653
367	7355.6	8.343900743897388e-09
368	7737.0	8.534356009899726e-09
369	34294.4	0.031555225434710885
370	11822.4	6.398083040584502e-06
371	45729.7	0.09392322878423909
372	37695.1	0.020356111642204296
373	21814.9	0.004653245224892107
374	25569.5	0.032087176555886276
375	15686.2	0.009770176395786282
376	7714.4	6.568298561979352e-09
377	24604.7	0.019213975278025108
378	12512.8	0.003806597960107559
379	37386.4	0.10278368131698365
380	41548.9	0.05364096603956361
381	37608.1	0.012774097115517646
382	12027.5	0.01210851560127445
383	25267.8	0.05164301506159595
384	28690.5	0.007695220734455996
385	20318.1	0.034535950682938556
386	7620.0	8.333711418071656e-09
387	50000.0	0.1151743420277371
388	24734.1	0.037711842681064436
389	16545.0	0.01838665920154523
390	25651.3	0.055333199896483776
391	12660.7	0.007362764801797766
392	8024.1	7.817408473658352e-09
393	27336.9	0.008246652068046288
394	20294.0	0.0024483500101354846
395	17159.4	0.003182218401213783
396	21609.8	0.018019866711312088
397	29500.5	0.03300931980847473
398	7369.4	8.913553616039988e-09
399	11506.7	0.003910442032755238
400	20907.2	0.0026101911052585323
401	17439.3	1.4264506470181963e-05
402	9127.6	8.537826229745014e-09
403	14104.2	0.00013027538612282903
404	11159.5	7.928864976075865e-09
405	7755.8	7.956815056401353e-09
406	12106.7	0.0004132939572272778
407	7876.8	8.392851364151696e-09
408	8361.0	8.080074796033051e-09
409	9767.0	7.0785893394574895e-09
410	9550.1	7.940413318741995e-09
411	14205.9	4.610444998115573e-05
412	8561.9	8.789272763865187e-09
413	9506.3	7.955971515165875e-09
414	10245.2	7.844820742623332e-09
415	9193.0	7.813929191037725e-09
416	12197.2	2.0227527578374725e-06
417	7650.7	7.791428778918345e-09
418	10518.6	7.736632602350823e-09
419	8271.2	7.497664534658548e-09
420	9979.8	8.437714883549887e-09
421	13377.9	0.0019635223413723207
422	12925.8	0.0001149025131437463
423	23234.1	0.00056438803420275
424	9607.2	7.200348432302972e-09
425	14738.3	0.002827292463354087
426	18158.6	0.0025466724852249998
427	9347.8	8.40578275348902e-09
428	10885.9	8.425387622744951e-09
429	12254.0	0.0021804851837653448
430	10127.6	7.446275543388239e-09
431	13785.0	0.00010320718645687868
432	9196.4	7.96280279216018e-09
433	8856.3	7.545475986714906e-09
434	8544.0	7.679950163812121e-09
435	8696.0	7.457460942422173e-09
436	9213.1	8.053992729350598e-09
437	8887.6	8.53642651527691e-09
438	13585.8	6.647084922917146e-06
439	14369.5	2.916274245420498e-05
440	10536.2	8.200957951385292e-09
441	19667.2	0.025087124064389305
442	20427.4	0.0004003494705185101
443	11466.8	0.0012717822690089314
444	9435.3	7.562327264889712e-09
445	10440.1	8.66036274366304e-09
446	14445.7	0.001210561257844251
447	10626.4	8.125401526504454e-09
448	14684.3	3.0952794380073126e-05
449	8149.7	7.617386429336447e-09
450	7861.4	7.57608114150384e-09
451	8633.2	8.086654512493012e-09
452	37138.6	0.0013512991718245856
453	34417.4	0.7025670884267115
454	13156.7	0.0002803674107635322
455	28689.4	0.000497210615065468
456	41816.9	0.12487773493246643
457	29747.4	0.001090136350465926
458	26094.0	0.0002988763827281588
459	29650.8	0.18019729113263125
460	34054.9	0.14346585401444284
461	37986.2	0.0015467537370981968
462	12934.3	6.448413682648137e-05
463	17208.7	1.79723404806444e-05
464	21042.0	0.0027256272995816472
465	21794.9	0.0003052134308583392
466	12520.0	1.4325150509947898e-05
467	41420.8	0.0005883657081890656
468	25413.3	0.0001309220504030997
469	37725.8	0.0007948691404302919
470	25033.6	1.271690303661231
471	34264.4	0.0005509813715590222
472	21692.5	8.397937686143223e-05
473	17186.2	5.9646310091153084e-05
474	20946.8	0.0003540509672293441
475	16996.8	0.00019416463411565948
476	26809.7	0.034102814160485474
477	17695.7	0.0011042680242241867
478	41340.3	0.0014228205568894599
479	12756.9	3.861364154431004e-05
480	15834.0	0.008027214371197067
481	12892.6	8.396700851518438e-06
482	20913.0	0.00114453065100207
483	15542.6	1.9189998576743645e-05
484	29084.3	0.0005139428144950726
485	37135.4	0.0010073056658267254
486	24854.9	0.247098832241957
487	20232.0	0.0002999468464037151
488	29384.5	0.000606348988001171
489	29809.9	0.0006083569228046303
490	39265.4	1.5123803719165072
491	13181.7	4.0970011704864135e-06
492	21782.4	0.0008274191447904917
493	34430.2	0.0010624262968613302
494	36995.6	0.0015701119476513239
495	38846.0	0.0002688050872510549
496	46135.3	0.014690419238154132
497	27444.8	0.019759222210947627
498	16674.0	0.0001833260440965312
499	20412.5	0.00010923575559788795
500	42923.6	0.3312084605140269
501	37824.8	0.0004523682592758073
502	33654.8	0.30834087135040733
503	38528.0	0.00013186571482653322
504	26015.7	3.9850996191442115e-05
505	45783.1	7.011152802442607e-05
506	37876.1	0.00019295138205888417
507	50000.0	0.502355910388607
508	27504.3	0.00015486503905145027
509	38165.6	0.07519064033640052
510	34411.1	0.1694594588728965
511	50000.0	0.0013087703149805084
512	46168.4	0.3163920895573822
513	34903.3	4.323278472563602e-05
514	34031.2	5.304492164935765e-06
515	31897.8	4.264510893424472e-05
516	28641.4	0.0015440895847355684
517	34049.6	0.09429077192135742
518	30638.2	0.002107131295486485
519	33632.9	5.8523508608811766e-05
520	22747.4	0.12990156406245218
521	17387.1	0.009260179113703597
522	26196.1	0.07427684518195962
523	30658.0	0.09581454889997411
524	37888.4	0.03258253665651476
525	46051.8	0.0024553863721936426
526	45664.4	0.0008090979348821858
527	46187.7	0.0001497581228020456
528	21768.1	3.885481999697068e-06
529	26559.9	0.00040902007404948135
530	21597.4	0.13453378110869796
531	30443.5	3.729865848216336e-05
532	13065.8	1.556924139813585e-05
533	25528.2	1.1948699438036838e-05
534	41625.3	4.7909935114021744e-05
535	26957.6	3.097300052502448e-06
536	37834.2	0.2317802322395123
537	18261.9	0.3005104270244271
538	30862.4	0.0001388687123843893
539	18961.1	4.0983251524891935e-05
540	37960.4	0.15244771205939575
541	31077.2	0.0023682713422649372
542	45918.9	0.039929847446953645
543	37578.2	6.681205829405097e-05
544	46186.8	0.0009145925517844329
545	42398.0	0.0008195094469079463
546	50000.0	0.014090850177613249
547	26126.3	1.1940912066189911e-05
548	42581.0	0.0038843866619211313
549	50000.0	0.09844363546471405
550	18577.0	4.975146070750809e-08
551	14021.3	2.7021538899840092e-08
552	7069.8	6.65109571236627e-09
553	30621.8	4.768669482935872e-07
554	12506.7	2.8229724890333343e-07
555	11639.1	6.184301232465508e-09
556	14583.4	9.496007687267689e-07
557	7476.8	6.885739997413241e-09
558	38477.6	1.152632811608051e-06
559	12343.3	0.00033417860935606444
560	8087.0	5.538588710104953e-09
561	17357.9	0.0013104644336794991
562	12981.1	0.0003869418651122485
563	12281.6	0.001288947437310476
564	34235.3	0.19029995633742897
565	38329.4	0.0003155219502612311
566	50000.0	0.0009838570297408804
567	45921.7	1.244892511012066
568	31966.3	1.8848535295325561e-06
569	42101.0	6.709029692437503e-05
570	37931.2	0.030932973043421873
571	14702.6	0.004385131250926368
572	26623.6	0.00022014512420100027
573	42298.8	5.784539340914739e-07
574	50000.0	4.219014690071166e-05
575	30764.2	0.09223764877609757
576	15845.4	1.4352824627255252e-06
577	21321.7	0.01221659116090066
578	50000.0	0.005383179892587833
579	10265.7	7.225541231507522e-09
580	7854.1	6.968283347499243e-09
581	50000.0	0.0005460845358563958
582	50000.0	0.005500584306848516
583	11502.0	7.481293504878261e-09
584	50000.0	2.8293020255679266
585	42986.2	0.015537478384594
586	35042.8	0.1294379406043088
587	12016.1	0.005913747575383315
588	19622.7	8.905179537402835e-06
589	30775.1	2.252856648967559e-06
590	17350.8	3.3390921704306164e-06
591	16345.4	0.0009940509977947377
592	8352.2	6.910250570939632e-09
593	50000.0	0.001015194313968566
594	19641.2	0.0004355058868596664
595	11812.1	7.80235488803087e-09
596	46586.5	0.1295055858334992
597	18186.4	0.059514998310194446
598	10276.5	6.8665471213538064e-09
599	9363.5	6.935553350924469e-09
600	24946.1	8.030858565451028e-05
601	7381.3	8.46984983262744e-09
602	7502.0	9.210879895247479e-09
603	7577.6	7.702794985793468e-09
604	7998.2	8.599432293820112e-09
605	7885.3	8.18010462491888e-09
606	7440.6	8.716287284375745e-09
607	9051.3	8.57550696331934e-09
608	7671.8	8.113827590590665e-09
609	7700.7	9.262163458604178e-09
610	7480.7	8.7609110939631e-09
611	7494.6	8.194404704337259e-09
612	7347.6	8.422450052718618e-09
613	7402.0	8.545018096099002e-09
614	7548.9	8.2682719295211e-09
615	8189.3	8.272526519300657e-09
616	8007.5	9.094687109695947e-09
617	7840.0	8.65097347087474e-09
618	7295.2	8.682386117724682e-09
619	9367.2	8.13844802102677e-09
620	11874.0	4.804192162466799e-05
621	7682.2	8.067639618994797e-09
622	7900.6	7.995197187556126e-09
623	9094.8	9.060827405285188e-09
624	7284.7	8.019492084105316e-09
625	8014.1	8.145063906402353e-09
626	7456.5	8.878267650279389e-09
627	7401.1	8.236266284496833e-09
628	11970.8	2.8913674744484924e-05
629	7422.6	8.590094430051397e-09
630	7441.1	8.652168247639478e-09
631	8573.1	7.635099174045126e-09
632	29264.9	0.003318314923283898
633	7356.4	8.307786845466737e-09
634	7681.9	8.89508737135953e-09
635	8024.3	8.529555446386153e-09
636	7524.0	9.027439477953152e-09
637	7552.3	8.359859657302896e-09
638	7970.8	8.540886065371649e-09
639	7539.5	8.478618870148268e-09
640	7375.9	8.195814727099274e-09
641	7410.5	8.992259518590977e-09
642	7295.6	8.280942327021464e-09
643	7954.3	8.631978914600127e-09
644	7361.1	8.565339673656241e-09
645	12208.0	0.0003511920966499021
646	7334.8	8.60886749352151e-09
647	7333.9	8.036714095912235e-09
648	7579.3	8.897872388417333e-09
649	12253.2	3.4332374607760565e-05
650	6280.9	7.630766788915142e-09
651	6671.9	6.619966331268097e-09
652	7026.4	7.068891688318342e-09
653	10995.9	2.7798059246259613e-08
654	6879.3	7.0592056394282355e-09
655	6207.9	7.638665700719858e-09
656	6346.8	8.693045096466045e-09
657	6487.3	6.665649700125683e-09
658	15132.9	4.186277568712379e-08
659	6012.1	7.480316736494522e-09
660	5943.6	8.191002857708045e-09
661	6177.1	7.7382283256769e-09
662	6041.8	7.527396614011519e-09
663	6067.3	6.927187229583528e-09
664	5863.3	8.163049772102539e-09
665	6201.4	7.2036534744726404e-09
666	6338.2	7.977912858133923e-09
667	6059.3	7.176867925065177e-09
668	6351.8	7.3813818615365666e-09
669	5938.2	7.524692661879659e-09
670	14904.8	1.4833995978231838e-08
671	6480.1	8.148724254224706e-09
672	6866.2	7.859856368744006e-09
673	7500.2	7.713555866335443e-09
674	7541.5	9.00762042286807e-09
675	6011.8	7.015771983994819e-09
676	6336.5	7.900615529963827e-09
677	6047.1	8.752840668875426e-09
678	6311.0	7.963234788043033e-09
679	6084.4	7.571569308831228e-09
680	6406.1	8.30355575208409e-09
681	6331.5	7.258945302985895e-09
682	11078.0	1.8926576758436707e-08
683	5808.9	6.226899307777867e-09
684	6587.1	6.27705419778656e-09
685	6924.9	6.4452726813735925e-09
686	5950.3	8.272329827516989e-09
687	6030.9	8.312644189004252e-09
688	12535.0	7.664113653674767e-08
689	8023.3	7.237809973163551e-09
690	6507.2	7.836991782910472e-09
691	6118.3	7.528945590717197e-09
692	7069.8	6.672166158580599e-09
693	7059.4	7.875516878699236e-09
694	6578.9	7.1402920868157694e-09
695	11862.4	2.571862855506897e-08
696	5790.3	8.360469657903464e-09
697	5991.8	7.243755773913452e-09
698	5972.3	6.5915149214626755e-09
699	12065.0	3.3606290258035296e-08
700	50000.0	0.49751233849250165
701	50000.0	0.6964724875249597
702	50000.0	1.0944551285207185
703	50000.0	0.5977300182028056
704	47426.2	0.7959673741145891
705	50000.0	2.135822574796012
706	42725.1	0.29964914662194947
707	43824.3	0.2984878579622643
708	46479.7	1.1969294338113514
709	47492.2	0.39798769617068097
710	46043.9	0.4021860769791618
711	50000.0	0.4001474932590455
712	50000.0	0.2984889414723183
713	50000.0	0.7960556926219596
714	50000.0	0.5969756969724967
715	45354.4	0.69669045601922
716	50000.0	0.6149593765174425
717	43381.0	0.4995240311449445
718	47516.9	0.5969755873859703
719	46873.5	0.2997362089010391
720	44937.8	1.0944557453857078
721	46796.9	0.39798575336036784
722	46860.8	0.39798710518980335
723	46715.3	0.2652785485762884
724	41791.7	0.59697805222971
725	47508.2	0.8972295047250123
726	46462.5	0.49827151281519705
727	39871.0	0.19899218275318226
728	50000.0	2.054640347957178
729	50000.0	0.9951538348223282
730	44573.1	0.35001798658267724
731	50000.0	0.5719434231920002
732	47429.5	0.49938760835773993
733	47493.8	0.5970250712215003
734	46891.7	0.6965152168154439
735	48331.1	0.7959706108618894
736	40910.5	0.49771187582365795
737	48669.3	0.3015189026237003
738	46668.9	0.4978584888140407
739	46547.7	0.8076472315447724
740	50000.0	0.7346591744453072
741	44183.5	0.6977759943734121
742	46145.8	0.5969756981135307
743	50000.0	0.7968125051786734
744	50000.0	0.7928756643330598
745	50000.0	0.7937482174673508
746	50000.0	1.415307030753117
747	42089.7	0.09961602764229978
748	45905.2	0.6987440040518841
749	45977.8	0.29849160262605573
750	50000.0	3.225052030041718
751	50000.0	3.7218689961932925
752	50000.0	3.257013931456027
753	50000.0	4.3156342302554425
754	50000.0	4.684576950185269
755	50000.0	4.368993929923
756	50000.0	3.527385394681839
757	50000.0	3.3287486691564525
758	50000.0	2.8338698319717617
759	50000.0	3.2712667871513523
760	50000.0	3.5335099126095493
761	50000.0	4.307962358917845
762	50000.0	2.4259845287236104
763	50000.0	3.774253012755684
764	50000.0	6.092221345540511
765	50000.0	3.036538151237045
766	50000.0	3.9779809443648757
767	50000.0	5.580904873966589
768	50000.0	3.9117180689101496
769	50000.0	3.5288084431559907
770	50000.0	5.636410165898308
771	50000.0	3.554556649478376
772	50000.0	3.9045235873430597
773	50000.0	2.149218095195277
774	50000.0	4.2958726560978056
775	50000.0	2.3080986442279356
776	50000.0	4.6559665801367185
777	50000.0	2.8513597657103946
778	50000.0	4.474694491557437
779	50000.0	5.3266939927374946
780	50000.0	3.752845841225588
781	50000.0	4.113460591422009
782	50000.0	3.475294284745864
783	50000.0	4.835810670852006
784	50000.0	3.0070562779797174
785	50000.0	3.8641875043372984
786	50000.0	2.274227104166136
787	50000.0	4.796353090621863
788	50000.0	3.695460189180271
789	50000.0	3.6808472211815606
790	50000.0	4.108668593017772
791	50000.0	1.069856459327584
792	50000.0	3.4165788614080066
793	50000.0	2.077511981865196
794	50000.0	2.3389050491992025
795	50000.0	2.995943889914815
796	50000.0	5.862720071121083
797	50000.0	5.08380883052835
798	50000.0	5.52866406047709
799	50000.0	3.013450582275751
800	50000.0	5.349692703493316
801	50000.0	7.148350178361414
802	50000.0	3.0978610225063266
803	50000.0	6.714143750287559
804	50000.0	12.047079545305241
805	50000.0	5.728506000499433
806	50000.0	5.203129236027793
807	50000.0	6.1505572791666285
808	50000.0	7.37123023354375
809	50000.0	13.819596540694585
810	50000.0	7.6445196123189305
811	50000.0	9.234531254979897
812	50000.0	10.14842515119379
813	50000.0	9.091982224867914
814	50000.0	9.4841730515897
815	50000.0	7.017776922206723
816	50000.0	14.893090574118613
817	50000.0	8.284945346428106
818	50000.0	8.983336180105004
819	50000.0	10.23751520707145
820	50000.0	6.679626742770891
821	50000.0	9.225304033385576
822	50000.0	6.469564317288317
823	50000.0	1.882703583865608
824	50000.0	7.175823718353746
825	50000.0	7.408153715848888
826	50000.0	7.234602460576437
827	50000.0	3.446100478747346
828	50000.0	6.574081242983368
829	50000.0	3.7801353845137853
830	50000.0	5.534313843776413
831	50000.0	7.5027834306429355
832	50000.0	4.609411597805278
833	50000.0	4.056522909947498
834	50000.0	2.3182093674316055
835	50000.0	3.2963514982936166
836	50000.0	8.85508252309945
837	50000.0	4.775243648361457
838	50000.0	13.73238921310452
839	50000.0	3.1843214672767246
840	50000.0	6.0225090356641955
841	50000.0	5.346333433433317
842	50000.0	7.723029702897326
843	50000.0	4.660703375344277
844	50000.0	6.079965714340527
845	50000.0	15.459834917608248
846	50000.0	9.355043680022678
847	50000.0	7.0617606085572415
848	50000.0	6.294155964759603
849	50000.0	6.608206372778237
850	50000.0	22.210920816653903
851	50000.0	27.034284406556374
852	50000.0	4.537570332642805
853	50000.0	26.071874041875123
854	50000.0	34.66369120634073
855	50000.0	19.941812079126308
856	50000.0	21.326958040749115
857	50000.0	27.11979141487843
858	50000.0	28.9960817377659
859	50000.0	56.09392535687452
860	50000.0	26.0585275582022
861	50000.0	36.50790165316803
862	50000.0	21.395834522604353
863	50000.0	24.35075267569618
864	50000.0	33.56689392219029
865	50000.0	21.265550586761996
866	50000.0	46.00854782149601
867	50000.0	23.75929127685755
868	50000.0	23.739252292687485
869	50000.0	21.393754844661746
870	50000.0	27.184807944043218
871	50000.0	35.11720447528825
872	50000.0	14.3357470219307
873	50000.0	12.119519031935472
874	50000.0	17.594224171594806
875	50000.0	16.982759405873303
876	50000.0	14.617839400656468
877	50000.0	10.110239860347724
878	50000.0	25.328667678132568
879	50000.0	12.162349088754805
880	50000.0	20.197357932336615
881	50000.0	28.133451973694086
882	50000.0	18.649586738366008
883	50000.0	11.04149523973717
884	50000.0	8.646507862742197
885	50000.0	11.911199670199025
886	50000.0	28.59379803876766
887	50000.0	18.001506707268398
888	50000.0	39.59849041276973
889	50000.0	14.159845258667422
890	50000.0	9.622188268265116
891	50000.0	22.785114132645685
892	50000.0	19.397056094944574
893	50000.0	17.344409129148914
894	50000.0	25.371496910350682
895	50000.0	47.88939473149285
896	50000.0	24.86617046975524
897	50000.0	23.636666003027337
898	50000.0	18.029761126937096
899	50000.0	21.039057115860977
900	50000.0	0.04386217932187808
901	50000.0	0.03632209902024926
902	50000.0	0.07035308875693129
903	47034.1	0.0314238464260157
904	50000.0	0.055610987169544046
905	50000.0	0.04877151605745631
906	50000.0	0.06530612235340864
907	50000.0	0.07794630749827665
908	50000.0	0.042825508967075446
909	47498.8	0.022049605889425016
910	50000.0	0.06769654315639162
911	50000.0	0.05928585648783802
912	50000.0	0.05668992973624345
913	50000.0	0.0734461256279241
914	50000.0	0.11743189905911464
915	50000.0	0.055645387810845645
916	50000.0	0.08906108779928257
917	50000.0	0.04589328502748735
918	50000.0	0.04135550467628857
919	50000.0	0.07438417663669714
920	50000.0	0.07155822929574125
921	50000.0	0.11494794895172653
922	50000.0	0.06547168543505197
923	47483.8	0.04473965450572859
924	50000.0	0.06350452729914657
925	50000.0	0.07510706896140498
926	50000.0	0.07294931670559564
927	50000.0	0.09993501623541885
928	50000.0	0.050989562571903416
929	50000.0	0.053026141229803515
930	50000.0	0.056644532553885976
931	50000.0	0.07964623220759463
932	46606.7	0.05716196734577093
933	50000.0	0.06818737541400406
934	50000.0	0.0665884343152646
935	47974.3	0.03655943469720384
936	46764.2	0.03149604607454357
937	50000.0	0.07810456727175748
938	50000.0	0.04841538176929845
939	50000.0	0.06752960580791534
940	50000.0	0.05027936308660674
941	50000.0	0.0830683120775948
942	50000.0	0.05966755351538193
943	50000.0	0.0647683016172353
944	50000.0	0.04097916633635581
945	50000.0	0.07618202684901262
946	50000.0	0.07643931025804492
947	50000.0	0.06681969322043049
948	50000.0	0.0884055068009781
949	50000.0	0.05836354912378994
950	50000.0	1.2260930018819527
951	50000.0	1.206066108523443
952	50000.0	1.430613287318712
953	50000.0	1.3108883727036909
954	50000.0	1.0680792837756476
955	50000.0	1.2611136342641653
956	50000.0	1.1469853883393655
957	50000.0	1.2191107007659068
958	50000.0	1.4186090997062677
959	50000.0	1.0465810024023825
960	50000.0	1.2710494401707486
961	50000.0	0.9618375038295846
962	50000.0	1.0677543946876085
963	50000.0	1.0430607211134348
964	50000.0	1.2815753046148777
965	50000.0	1.4389865545590435
966	50000.0	1.2685982386256547
967	50000.0	1.2643403335010246
968	50000.0	1.4186090997062677
969	50000.0	1.2011415041480362
970	50000.0	1.1299401242098808
971	50000.0	1.3118728663038408
972	50000.0	1.3079765310260472
973	50000.0	1.2987244811415315
974	50000.0	1.2013874756032383
975	50000.0	1.3641642346611256
976	50000.0	1.0533673703097748
977	50000.0	1.3931892278382725
978	50000.0	1.262397934072859
979	50000.0	0.9592382892235538
980	50000.0	0.9886053469341928
981	50000.0	1.230783781651223
982	50000.0	1.2302584085966672
983	50000.0	1.3532683168657864
984	50000.0	1.3578462595190417
985	50000.0	1.3269536003507176
986	50000.0	1.2391044348936968
987	50000.0	1.2642930389511773
988	50000.0	1.3276323758844248
989	50000.0	0.9855017959247571
990	50000.0	1.3231921103094466
991	50000.0	1.2036109637428662
992	50000.0	1.2590695387510054
993	50000.0	1.3250112612109304
994	50000.0	1.3231921103094466
995	50000.0	1.2331383666158304
996	50000.0	1.2583768505183432
997	50000.0	1.0260876159587855
998	50000.0	1.4158115787255225
999	50000.0	1.141285706564704
1000	50000.0	1.253999872151095
1001	50000.0	0.9806449893136403
1002	50000.0	1.382838601194874
1003	42382.9	2.2060354350914357
1004	50000.0	1.1294347762453432
1005	31724.4	0.6569299471354754
1006	46262.9	0.5847254277911008
1007	40361.3	0.5267412407011526
1008	46094.3	1.493880534148461
1009	50000.0	1.4599989460101865
1010	38018.9	1.085233273929302
1011	46076.9	2.3727059170716354
1012	50000.0	1.4031734126351987
1013	46019.4	1.911715126442194
1014	50000.0	1.1403232199802775
1015	11649.3	3.897386691880916e-09
1016	50000.0	0.9102811262926893
1017	42917.9	0.4774970844360694
1018	50000.0	1.7992159855066532
1019	48120.0	1.2392952103772576
1020	50000.0	1.6020275305725988
1021	47355.9	2.0675960048602535
1022	42736.1	0.8373728978474221
1023	50000.0	0.6918569111928593
1024	50000.0	0.9619111392016224
1025	23716.1	0.21064976699555849
1026	46081.3	0.9284163684255582
1027	12523.9	6.101679562231389e-09
1028	46634.0	1.5786729099964973
1029	15841.2	0.003722265111339292
1030	26435.3	0.477917917197738
1031	50000.0	0.6085358913686222
1032	50000.0	2.1393044256083185
1033	31747.3	0.3874225189188077
1034	46405.8	1.839294998396254
1035	11995.6	5.782176334988494e-09
1036	14228.0	4.894730303204206e-09
1037	50000.0	1.6974938641567676
1038	12301.3	5.32554898299924e-09
1039	50000.0	1.269076525850576
1040	45479.5	0.9343363197847887
1041	46046.8	1.8572747699034224
1042	42068.7	2.3535807996669718
1043	46414.8	1.540745594875223
1044	18852.3	0.002258117017259965
1045	50000.0	1.7382451781670647
1046	39004.4	0.9043520592658402
1047	50000.0	1.2021747118731139
1048	46724.0	1.2480589067332455
1049	50000.0	1.9028027003940575
1050	50000.0	0.7967331739689529
1051	14205.5	7.546474705226148e-09
1052	46774.1	1.33440289338407
1053	24854.9	0.33387127185635335
1054	50000.0	3.9403615648679375
1055	32017.8	0.12553004064058743
1056	50000.0	0.6387532769215103
1057	22383.7	1.110504509896556e-06
1058	47527.3	0.602924527376673
1059	50000.0	0.7916367945083007
1060	13401.7	4.2197926935872476e-09
1061	50000.0	2.231025546661361
1062	50000.0	0.6918569111938686
1063	50000.0	4.1218870401529895
1064	50000.0	5.963299843534539
1065	47492.1	0.7655615832193093
1066	50000.0	0.6159013630388176
1067	50000.0	1.6655428871895617
1068	50000.0	1.0512258131504226
1069	50000.0	2.1799062894178194
1070	12843.1	4.645280861093552e-09
1071	50000.0	1.1971136911562408
1072	37829.9	0.5087816266361873
1073	50000.0	1.8706656688660992
1074	50000.0	1.6432320934525222
1075	50000.0	1.807053477240596
1076	50000.0	2.03384186169944
1077	50000.0	2.6525758061033007
1078	18491.9	0.25906055475122025
1079	25066.2	0.0572436801900865
1080	50000.0	5.094063628802286
1081	45881.2	0.5749277766882501
1082	50000.0	0.6208485084315989
1083	44539.8	0.11664607788613324
1084	50000.0	0.6918580668538421
1085	50000.0	1.164819534064886
1086	46224.3	1.356048810585986
1087	50000.0	0.6918569111917595
1088	50000.0	0.603138835836362
1089	38944.7	0.24930820935783013
1090	50000.0	1.7404013591987995
1091	16734.7	3.751107850983966e-09
1092	50000.0	2.1166216378414324
1093	43630.6	0.41522798389054094
1094	50000.0	1.1001523681791956
1095	19833.7	5.3197924131906255e-09
1096	50000.0	0.6898691300234965
1097	50000.0	1.2590586179755268
1098	32507.3	0.051231804290968484
1099	50000.0	2.024337487046766
1100	50000.0	0.22050825023551593
1101	50000.0	0.49318074125711286
1102	50000.0	0.327727684188882
1103	50000.0	0.24610999222746827
1104	50000.0	0.25058220097275
1105	50000.0	0.29617270601282525
1106	50000.0	0.3768571561033562
1107	50000.0	0.5049048495904669
1108	50000.0	0.33779117493132993
1109	50000.0	0.20068521145232085
1110	50000.0	0.1948973017444648
1111	50000.0	0.25426205521248174
1112	50000.0	0.3642723162723032
1113	50000.0	0.4053059519711441
1114	50000.0	0.3510559946596416
1115	50000.0	0.2754778616515427
1116	50000.0	0.47491436287336375
1117	50000.0	0.1997646928617813
1118	50000.0	0.3691379557480026
1119	50000.0	0.3226226678391782
1120	50000.0	0.21186477407873924
1121	50000.0	0.3103400851769314
1122	50000.0	0.2949682682350053
1123	50000.0	0.19162852847218953
1124	50000.0	0.37842926836364016
1125	50000.0	0.3885281458521472
1126	50000.0	0.16093077851197587
1127	50000.0	0.6025793686742573
1128	50000.0	0.19295038648504456
1129	50000.0	0.26587783984341035
1130	50000.0	0.16855416200379342
1131	50000.0	0.5446132129625585
1132	50000.0	0.3809451231405563
1133	50000.0	0.3783505289116751
1134	50000.0	0.1724642878992293
1135	50000.0	0.1614493336217014
1136	50000.0	0.31802279729746863
1137	50000.0	0.187680854045287
1138	50000.0	0.3108328595132496
1139	50000.0	0.5402846759245955
1140	50000.0	0.36781562421836467
1141	50000.0	0.4957217016741482
1142	50000.0	0.28332906375092753
1143	50000.0	0.5644252010436527
1144	50000.0	0.3376879593356993
1145	50000.0	0.2910533130698722
1146	50000.0	0.34673616163253895
1147	50000.0	0.346738677938419
1148	50000.0	0.26928878315117666
1149	50000.0	0.31353590818484733
1150	50000.0	5.034074091051837
1151	50000.0	4.288391817864851
1152	50000.0	6.858403342202335
1153	50000.0	1.5949399308424221
1154	50000.0	6.2396278196006545
1155	50000.0	3.1819900347195422
1156	50000.0	3.046057919856819
1157	50000.0	6.019921274845712
1158	50000.0	2.694095097947709
1159	50000.0	5.2855979379877835
1160	50000.0	5.231004016384388
1161	50000.0	5.162831226238255
1162	50000.0	6.204585459917112
1163	50000.0	2.868084467595936
1164	50000.0	2.7108532909998777
1165	50000.0	4.202407306322382
1166	50000.0	1.697205104537846
1167	50000.0	0.8797706551217042
1168	50000.0	6.387800973084808
1169	50000.0	4.40386381413167
1170	50000.0	5.820135692004118
1171	50000.0	4.256110356527708
1172	50000.0	2.9248354327667463
1173	50000.0	6.048741532780843
1174	50000.0	5.897878221727525
1175	50000.0	5.381069297106623
1176	50000.0	2.864613469625719
1177	50000.0	2.6750377739911153
1178	50000.0	2.610245295575022
1179	50000.0	2.142960561290667
1180	50000.0	6.710112382612444
1181	50000.0	4.8227995062029
1182	50000.0	1.8021660864037963
1183	50000.0	7.145646992576587
1184	50000.0	2.053337370188279
1185	50000.0	5.603489772687095
1186	50000.0	6.024128375678776
1187	50000.0	7.232994344299792
1188	50000.0	2.9488591759567564
1189	50000.0	4.472456819836782
1190	50000.0	2.7562555973801324
1191	50000.0	6.080164148812937
1192	50000.0	3.4737905589299833
1193	50000.0	5.875568096657375
1194	50000.0	8.044137618503584
1195	50000.0	4.36399222733983
1196	50000.0	2.8888008921125823
1197	50000.0	3.4553985935748757
1198	50000.0	7.704308746825947
1199	50000.0	2.9974176271161665
