	0	1
0	6418.8	8.374015946660725e-09
1	6828.0	8.117373457014918e-09
2	7922.4	8.21711436451012e-09
3	7040.4	7.190315107287158e-09
4	6666.0	7.266022073519299e-09
5	6649.2	7.16069939408063e-09
6	6558.0	6.917340611883637e-09
7	6177.6	8.412229433439686e-09
8	6546.0	7.628442177264128e-09
9	6354.0	7.244948414089085e-09
10	6499.2	7.680287856245215e-09
11	6547.2	8.119772588270453e-09
12	7449.6	7.740475342233605e-09
13	7314.0	7.971416490409795e-09
14	6201.6	7.397501288344147e-09
15	6955.2	8.427616221666947e-09
16	6324.0	8.144747806333745e-09
17	11242.8	7.787269341242322e-09
18	7760.4	7.1022791272152225e-09
19	6198.0	7.352981900229523e-09
20	6410.4	7.483466770122125e-09
21	6722.4	7.62191891675832e-09
22	6478.8	7.182431623917421e-09
23	6536.4	8.5680421430059e-09
24	6426.0	8.428969820358054e-09
25	6376.8	7.299842531933278e-09
26	6981.6	7.50863867855093e-09
27	6536.4	8.130926387417718e-09
28	6852.0	6.672270313060372e-09
29	6328.8	7.911412293108005e-09
30	6321.6	7.642045278981658e-09
31	6592.8	7.992231992478638e-09
32	7048.8	7.308187690620894e-09
33	6643.2	8.386033730929066e-09
34	6567.6	7.504737923724596e-09
35	6104.4	7.02445753582853e-09
36	6561.6	7.81284304177783e-09
37	7083.6	7.091839659258391e-09
38	6340.8	7.808652285240379e-09
39	6873.6	8.251519279687036e-09
40	8300.4	8.794532346952673e-09
41	6838.8	7.265220818294033e-09
42	6495.6	8.30002061481562e-09
43	7152.0	8.69061237919973e-09
44	6612.0	7.2575517352966146e-09
45	6999.6	7.834585261613182e-09
46	7197.6	7.640232651262387e-09
47	7286.4	8.519840246386313e-09
48	6150.0	8.088357894578365e-09
49	6880.8	7.995306129982954e-09
50	11596.8	7.174135692632323e-09
51	8169.6	5.967960705827208e-09
52	8066.4	8.213924974935874e-09
53	8565.6	6.707998905014709e-09
54	15382.4	1.068728797976794e-06
55	8256.0	7.727429389733871e-09
56	16458.8	1.8919321988175164e-08
57	16653.6	6.749376319329273e-09
58	13227.6	7.011483171920118e-09
59	9249.6	7.028012194594366e-09
60	10934.4	6.633151903761e-09
61	23158.8	1.0011488182981464e-06
62	13620.0	5.91941955911617e-09
63	12324.0	6.904881418299838e-09
64	8212.8	7.300788324037293e-09
65	8242.8	7.842523145867034e-09
66	9738.0	6.735789331618416e-09
67	10346.4	6.182845755692242e-09
68	9015.6	6.868979111685792e-09
69	12464.0	0.00012603047861631483
70	10646.4	6.2396414768377805e-09
71	8581.2	6.7584858523192765e-09
72	7896.0	7.1958133892015075e-09
73	7713.6	6.888463896576428e-09
74	16066.8	8.211158859706639e-09
75	14127.2	4.954242444634063e-05
76	8458.8	7.83355513574223e-09
77	8569.2	6.512237285036781e-09
78	12751.2	6.3460058940829236e-09
79	14148.8	2.5256753819487794e-07
80	9946.8	6.611573474410276e-09
81	9242.4	7.402189892045842e-09
82	15670.0	0.00033165146509657716
83	12604.4	5.31046275746847e-09
84	8432.4	6.633526874474125e-09
85	8478.0	7.220291352167804e-09
86	17273.6	8.281940302548507e-09
87	10027.2	7.587748858551603e-09
88	11466.0	6.393157067735141e-09
89	17051.2	2.4584400642800597e-07
90	15917.2	0.00012579141352620746
91	8065.2	7.006807429192019e-09
92	9672.0	7.296093207551321e-09
93	11736.0	6.662566002091226e-09
94	7984.8	6.626444576779774e-09
95	15501.2	4.00448959062945e-08
96	14712.0	6.509867529035402e-09
97	11654.4	7.00525502851132e-09
98	8734.8	6.646362927445561e-09
99	8564.4	7.0496794392531105e-09
100	50000.0	4.79722762793347
101	50000.0	6.619058561360122
102	50000.0	3.1838849359126273
103	50000.0	3.5098384475773843
104	50000.0	3.68134649673719
105	50000.0	2.9494590400160474
106	50000.0	3.3763722497381217
107	50000.0	4.079332153356926
108	50000.0	3.880349170470047
109	45892.8	3.4823551893515576
110	50000.0	4.377821201798862
111	50000.0	3.110597000307435
112	50000.0	4.277712355507443
113	47294.4	5.37277399461077
114	49268.4	3.581850691663296
115	50000.0	4.914540779709109
116	50000.0	3.6813896218089512
117	50000.0	2.9848811947112495
118	50000.0	3.6813502422361823
119	50000.0	2.885382463069782
120	50000.0	4.014877793567936
121	50000.0	3.7808637919226187
122	50000.0	4.377812789973772
123	50000.0	4.2783195185039515
124	50000.0	5.571766479310252
125	50000.0	4.420965569057394
126	50000.0	4.775846607658901
127	50000.0	4.098927531109336
128	50000.0	4.278321930432954
129	50000.0	4.07935545768345
130	50000.0	2.387971532027147
131	50000.0	3.9798342132537763
132	50000.0	2.686514264185818
133	50000.0	5.671293144555418
134	50000.0	4.377817315771691
135	50000.0	4.974789745551957
136	50000.0	4.079329266231267
137	50000.0	3.681346999950434
138	50000.0	3.58185166124789
139	50000.0	6.069245220089518
140	50000.0	3.383425914025475
141	50000.0	4.477321115898631
142	50000.0	6.467223228948519
143	50000.0	5.173784074272678
144	50000.0	4.108869006128713
145	50000.0	4.431786103229157
146	50000.0	4.638699647958601
147	50000.0	6.168743754810523
148	50000.0	3.2833663856582276
149	50000.0	5.5717668462422365
150	50000.0	7.760727084821328
151	50000.0	6.069245728260787
152	50000.0	6.666219128846589
153	50000.0	4.974791785563939
154	50000.0	7.6611767950336525
155	50000.0	7.15667438235847
156	50000.0	7.561676402738309
157	50000.0	6.420408124770591
158	50000.0	8.357647312155228
159	50000.0	7.263246910519233
160	50000.0	5.952959846588238
161	50000.0	5.372775934841057
162	50000.0	7.760670735881026
163	50000.0	6.467228861201934
164	50000.0	7.2355295234878465
165	50000.0	6.666220744968493
166	50000.0	8.457145029164746
167	50000.0	7.064198268668124
168	50000.0	5.273282546054436
169	50000.0	7.969472660850545
170	50000.0	7.462190531634731
171	50000.0	5.273282905104571
172	50000.0	7.163697146305617
173	50000.0	8.158663665114869
174	50000.0	7.163698766601409
175	50000.0	4.377828957874824
176	50000.0	6.666221483930725
177	50000.0	6.268239028787213
178	50000.0	6.865254408832645
179	50000.0	4.9543547561418775
180	50000.0	7.163699165695728
181	50000.0	9.05435215874421
182	50000.0	7.760672581624145
183	50000.0	8.755628130676808
184	50000.0	7.263241698099743
185	50000.0	6.86523595198817
186	50000.0	4.278352988043238
187	50000.0	7.36269041636965
188	50000.0	4.476160728366221
189	50000.0	5.571788297506918
190	50000.0	4.3778181190935745
191	50000.0	6.666220644721311
192	50000.0	7.163706990528243
193	50000.0	5.671352623654457
194	50000.0	9.352600121756263
195	50000.0	6.168740104084884
196	50000.0	8.457143954067403
197	50000.0	7.263246000234366
198	50000.0	5.4722717913331715
199	50000.0	9.153612868560419
200	108.0	0.0
201	108.0	0.0
202	112.8	0.0
203	124.8	0.0
204	144.0	0.0
205	121.2	0.0
206	141.6	0.0
207	144.0	0.0
208	140.4	0.0
209	142.8	0.0
210	135.6	0.0
211	120.0	0.0
212	123.6	0.0
213	108.0	0.0
214	116.4	0.0
215	109.2	0.0
216	124.8	0.0
217	108.0	0.0
218	106.8	0.0
219	144.0	0.0
220	129.6	0.0
221	115.2	0.0
222	106.8	0.0
223	117.6	0.0
224	133.2	0.0
225	123.6	0.0
226	163.2	0.0
227	144.0	0.0
228	115.2	0.0
229	116.4	0.0
230	123.6	0.0
231	120.0	0.0
232	141.6	0.0
233	136.8	0.0
234	115.2	0.0
235	123.6	0.0
236	147.6	0.0
237	123.6	0.0
238	109.2	0.0
239	117.6	0.0
240	112.8	0.0
241	140.4	0.0
242	142.8	0.0
243	144.0	0.0
244	126.0	0.0
245	106.8	0.0
246	117.6	0.0
247	140.4	0.0
248	118.8	0.0
249	135.6	0.0
250	34798.4	4.087543355986648e-09
251	39582.0	2.864086398508021e-08
252	34952.0	2.6200080544027075e-05
253	38508.0	3.384171675272358e-05
254	30360.4	0.0002960414228106075
255	36034.8	2.9534846420073118e-09
256	39012.4	1.816285545265116e-05
257	46151.2	0.0009061605232075293
258	25133.2	4.0132245110217205e-08
259	37950.0	5.681509348756129e-05
260	45866.0	0.0004244312515820502
261	45287.6	1.329773073475919e-05
262	41250.4	6.382891623846306e-09
263	35047.2	1.4539000532190936e-06
264	44694.8	4.192062015796283e-07
265	13482.0	8.502640150949303e-10
266	34093.6	5.385938602413887e-07
267	35539.6	1.4724638389037486e-07
268	42549.6	1.9162439729882515e-05
269	26657.2	1.0430071172365669e-09
270	21996.4	2.4883183400119995e-08
271	48887.6	0.00036293837780149266
272	29223.6	9.164744025454073e-07
273	42126.8	3.056377252475138e-09
274	41188.8	5.8520945822119324e-05
275	25125.2	1.0671526220353696e-09
276	30153.2	2.1385900686164763e-07
277	35728.8	2.096944491058277e-07
278	34024.0	7.533651591740528e-09
279	18890.0	1.154314055391848e-09
280	41248.4	3.273784224968218e-06
281	24992.0	8.439663907217175e-10
282	46950.0	0.0001573162212092348
283	22384.4	9.734078071406634e-09
284	26136.4	2.1463886807715155e-09
285	26555.2	1.2603784170336413e-07
286	37824.0	4.862953526423561e-09
287	35384.0	0.0004155421356210511
288	41434.4	2.1208662244648426e-05
289	30674.8	2.751327969772546e-09
290	40699.6	0.00023036230305841198
291	38825.2	1.0452359728205989e-08
292	18822.4	3.8428931893515016e-06
293	45673.2	0.0002882147853041591
294	22471.6	1.8071223844212408e-09
295	31823.2	5.679089179852862e-07
296	46048.0	3.940764563600521e-09
297	45456.8	5.372807230438956e-07
298	39354.0	3.428031641757149e-07
299	19640.0	1.082698012373646e-09
300	5146.8	0.0
301	50000.0	93.00381613875345
302	50000.0	35.35000000542973
303	50000.0	3.820000004790623
304	50000.0	21.807325468614422
305	50000.0	64.82180836527081
306	50000.0	54.09148442455546
307	9942.0	0.0
308	50000.0	22.630000005257305
309	50000.0	15.540000005692514
310	7924.4	0.0
311	50000.0	396.0811058973188
312	50000.0	128.12176259721642
313	12391.6	0.0
314	50000.0	311.01000000614033
315	7672.8	0.0
316	50000.0	29.29915742356094
317	20583.2	0.0
318	50000.0	43.190000004102636
319	50000.0	1000.0154283259756
320	50000.0	290.9700000038141
321	27568.4	0.0
322	7932.0	0.0
323	18366.0	0.0
324	50000.0	412.9200000047166
325	50000.0	217.00902058620676
326	50000.0	117.50000000465612
327	50000.0	53.51240349006065
328	50000.0	7.780000004379248
329	50000.0	72.60000000305115
330	3054.0	0.0
331	50000.0	14.650000006055631
332	3343.2	0.0
333	50000.0	10.210000005213413
334	50000.0	39.060000005049865
335	10174.8	0.0
336	50000.0	263.223641495581
337	50000.0	14.140000003013608
338	50000.0	42.43597021070953
339	50000.0	2.3889858957033185
340	11740.8	0.0
341	4113.6	0.0
342	50000.0	675.0100000062002
343	11248.8	0.0
344	9141.2	0.0
345	2751.6	0.0
346	50000.0	56.810000004657255
347	50000.0	42.112777214003984
348	50000.0	45.79000000419041
349	2538.0	0.0
350	15648.8	0.3930839511120622
351	18958.4	0.3930839505060083
352	13900.4	0.3930839504619398
353	12024.0	7.908184657238296e-09
354	16650.8	0.3930839490450622
355	13230.8	0.39308394974224
356	15197.6	0.3930839500735326
357	8539.2	7.80799375911435e-09
358	14078.0	0.393083949650778
359	8672.4	7.127622006512141e-09
360	8617.2	7.133827088836047e-09
361	12816.8	0.39308394938406227
362	13482.8	0.3930839489760938
363	21211.2	1.1792518354520678
364	14219.6	4.457308579095198e-07
365	12572.0	0.39308394949378567
366	17473.6	0.393084133825131
367	25869.2	1.5723357787941326
368	25488.8	1.1792526453001533
369	21318.0	1.1792518353796952
370	8826.0	7.289696871233675e-09
371	16748.8	0.7861678923244652
372	20803.6	0.7861678919937438
373	12862.4	0.3930839492803414
374	17533.6	0.7861678935483212
375	12852.8	0.3930839503503014
376	12808.4	0.3930839499378611
377	9044.4	5.6245947818285896e-09
378	13268.0	0.39308395000202795
379	12984.8	0.3930839508656845
380	8043.6	7.424342823266382e-09
381	16860.4	0.39308417151154823
382	17698.0	0.786167891763079
383	9007.2	7.349070811213114e-09
384	19652.8	0.39308395323905915
385	12774.8	0.3930839502523418
386	13084.4	0.3930839493475103
387	16872.4	0.7861678931197175
388	17764.4	9.816410515650239e-09
389	9330.0	6.915183482091783e-09
390	25286.0	1.5723357774141768
391	16636.0	0.39308396713984717
392	11716.8	7.577773567780366e-09
393	8238.0	7.62626089157316e-09
394	15234.8	7.345770497395833e-07
395	8840.4	8.598150288835929e-09
396	17093.2	0.39308398235420683
397	24989.6	1.1792518416828883
398	16757.2	0.7861678914343502
399	8659.2	6.628445364711921e-09
400	7726.8	7.3101290394319185e-09
401	11980.8	7.95250092992111e-09
402	10406.4	6.8980417884832976e-09
403	7756.8	8.018803815680624e-09
404	21132.0	1.1792518359225692
405	7377.6	7.183466404329752e-09
406	7647.6	6.9248810475979445e-09
407	11804.0	0.3930839510527676
408	8548.8	8.224413085876085e-09
409	8074.8	7.2107635278456505e-09
410	8335.2	7.523259298365062e-09
411	7730.4	7.559834900478972e-09
412	12473.6	0.39308394992339857
413	8169.6	6.360716462656937e-09
414	12051.2	0.3930839501548633
415	7540.8	7.191591784974932e-09
416	9099.6	7.631672345503885e-09
417	7748.4	8.429247366523347e-09
418	8731.2	6.332910503395248e-09
419	7801.2	7.839427776164484e-09
420	8049.6	8.30428740332925e-09
421	7977.6	5.883655339032014e-09
422	11969.6	0.39308395004190655
423	7662.0	8.6498735940636e-09
424	8680.8	7.639090878124356e-09
425	9235.2	6.708421072142578e-09
426	8128.8	8.374901486848118e-09
427	8132.4	7.58988496582542e-09
428	14944.4	0.3930839502389394
429	7965.6	7.636114092853062e-09
430	12256.4	0.39308395072400076
431	12087.2	8.436877171594463e-06
432	14276.0	5.053164482895738e-07
433	8167.2	6.183486153833949e-09
434	7886.4	7.383646081995098e-09
435	8116.8	7.702035915662058e-09
436	8415.6	8.161103350080349e-09
437	16487.2	0.3930839692807242
438	8014.8	6.93720670364705e-09
439	10237.2	6.7746993738344e-09
440	8232.0	6.756213284711125e-09
441	12146.0	0.39308394895956666
442	11909.6	0.3930839496855352
443	15745.6	0.3930842141493988
444	8594.4	7.708210781732925e-09
445	7882.8	7.365449723445214e-09
446	7627.2	7.993101606634966e-09
447	12287.6	0.3930839507021272
448	8016.0	6.503048792343061e-09
449	13154.0	8.016199239101904e-07
450	8086.8	7.707073034750725e-09
451	9919.2	7.220450150325059e-09
452	21085.2	4.133835300971805e-07
453	11114.4	7.974399545089535e-09
454	39554.0	3.358424404688236
455	25222.8	3.8700577685679662
456	7651.2	8.30696917102059e-09
457	27480.0	7.566827482997597e-07
458	14110.4	7.140452531148786
459	8053.2	8.058275188982075e-09
460	22556.4	9.022152569714172e-06
461	14644.4	4.706872951830226e-06
462	7807.2	7.237272547936921e-09
463	10656.0	7.74195956584097e-09
464	8124.0	7.897569174682292e-09
465	9242.4	7.370742491461887e-09
466	8482.8	7.582765127993986e-09
467	22743.6	7.455294311817067e-09
468	9422.4	7.087295595461493e-09
469	23538.8	1.509399038483085e-08
470	8014.8	6.2400010792578955e-09
471	12093.2	2.8926604162100062e-05
472	21952.0	0.0002709577945550014
473	7446.0	8.077341916631341e-09
474	31695.2	6.177009127358632e-07
475	36528.8	0.22487242327419335
476	15160.4	2.3607146436399234e-05
477	47855.6	1.122271084700837
478	16433.6	1.2819140840778179e-08
479	29778.0	9.358701665263965e-07
480	30695.2	0.6525419946401165
481	21885.2	1.0518535222596913e-07
482	23605.2	0.6938539433168269
483	10941.6	7.091536766530553e-09
484	14277.6	5.75323927794638e-09
485	12094.4	4.331919011739001e-08
486	19862.0	3.741448239325524e-07
487	11812.8	6.070660354681743e-09
488	25555.2	2.5775488776931232
489	19237.6	1.0385988583194922e-08
490	8746.8	6.872859493384627e-09
491	22843.2	1.9400076033591482e-05
492	17176.4	1.686005812467169e-07
493	11428.8	7.555577760777977e-09
494	30639.6	2.9431091155102074
495	15507.2	2.3883586800974933e-08
496	20586.0	2.041641390806727e-06
497	25094.8	2.066907607657304
498	11432.4	7.936354840448103e-09
499	22214.4	0.33100712136179544
500	37386.4	5.028293059094559e-06
501	23588.4	7.711653182539807e-09
502	10287.6	6.690570910964768e-09
503	9709.2	6.503020660213272e-09
504	11287.2	6.894057100765088e-09
505	8264.4	7.149502647819909e-09
506	15071.6	8.699604710919406e-09
507	27066.0	2.820903539137016e-05
508	20410.4	2.72380721351271e-07
509	7179.6	6.64395330637366e-09
510	23456.8	1.0019803014979086e-08
511	36130.0	4.7471775718082874e-05
512	23464.8	3.792532025928248e-06
513	24956.8	2.0382363172671382e-05
514	6403.2	7.159123315024154e-09
515	36806.8	0.060640031347082304
516	7246.8	6.497268121851726e-09
517	32206.4	9.732150226556952e-09
518	27206.8	2.4070403873745646e-05
519	7633.2	4.763628323870862e-09
520	10668.0	6.066956043876793e-09
521	12694.4	7.932392872910132e-09
522	8077.2	7.260785891710315e-09
523	10442.4	7.080249376234829e-09
524	34800.4	8.342083202951957e-06
525	24760.8	5.562428097544009e-09
526	39239.6	0.0014543095381558924
527	15977.6	6.790312916623247e-07
528	13870.4	5.982618458848922e-05
529	41894.4	1.8610272849586403e-05
530	17768.4	6.781601284134132e-09
531	9910.8	6.567750177142158e-09
532	8992.8	6.7612438049525165e-09
533	8484.0	6.9763228527494196e-09
534	9369.6	7.1708434288668e-09
535	7333.2	5.872398586649813e-09
536	12182.4	6.704295177977082e-09
537	8397.6	8.216402070779724e-09
538	20768.0	6.981912883557948e-05
539	47960.8	0.00047502091654582897
540	7396.8	8.351581389686507e-09
541	49758.0	0.00012897128859860166
542	11185.2	6.327133588881135e-09
543	35261.6	2.6912876954857623e-06
544	36221.2	0.001066104051927484
545	12682.4	7.0331642294763e-05
546	42828.8	7.177413355208708e-07
547	8565.6	6.232575799244073e-09
548	16319.2	1.811549603761129e-05
549	22049.2	9.069920379845968e-05
550	50000.0	0.6942505265728739
551	40608.8	0.0009336757840347371
552	40282.4	0.004818176806902151
553	50000.0	0.006360183202674739
554	23657.2	4.475286793092526e-05
555	23881.2	0.0014487768651968726
556	50000.0	6.884302517558524
557	46951.2	35.506374933671516
558	50000.0	0.008788416219027453
559	32281.6	5.2280389609369955
560	32970.4	4.5192094939437295
561	43147.2	0.8137913237696983
562	30742.0	2.8240774169464723e-07
563	41874.0	1.5047664353615775
564	50000.0	28.11329525864927
565	50000.0	10.107045828238771
566	48050.4	0.03196538843979935
567	42658.4	0.00012847893631023308
568	39612.0	6.811123065667633e-05
569	48156.0	0.03875250525748676
570	44087.2	0.1550746216446316
571	46804.8	0.0005834374290956567
572	46038.0	0.12702334118776915
573	46448.4	0.14193265134867944
574	50000.0	0.015552114152157629
575	35525.2	8.46402439631083
576	40472.0	0.4469659555731586
577	32851.2	3.8186479355530714
578	50000.0	8.04067032475599
579	48778.4	0.00017894314935462866
580	25896.0	0.0001554379997849622
581	50000.0	0.01539579066198676
582	50000.0	0.004938786775832742
583	50000.0	0.014409984061222464
584	28399.2	0.0002271544744443959
585	48242.4	0.028715111508027403
586	50000.0	6.436023475958845
587	30876.8	0.021754891751415296
588	32050.4	0.009347550647504406
589	50000.0	44.92632186755767
590	30617.6	0.0014381049404407118
591	28134.0	8.371473572224636e-08
592	40642.4	4.34753664624428
593	50000.0	0.044668442949607964
594	39677.6	0.046898298308912345
595	37768.8	1.4851114381710047
596	50000.0	0.006776591467479459
597	44159.2	0.08577207996160581
598	40210.0	4.560311006526759e-06
599	31042.4	0.015682419521667875
600	50000.0	4.885130640069379e-07
601	50000.0	8.211943751881206e-07
602	50000.0	0.003415018257116777
603	50000.0	0.020179593660106993
604	42266.8	7.112701052589432e-07
605	42197.2	1.214771003637207e-06
606	50000.0	2.7654508913827823e-07
607	46117.2	6.352328151175077e-07
608	50000.0	1.8572709692302143e-06
609	50000.0	3.841893915308177e-06
610	50000.0	3.508351638820336e-07
611	50000.0	0.0008573182447217201
612	46162.8	3.5259591369553445e-07
613	50000.0	3.5811939901680743e-07
614	50000.0	0.0006732269143389065
615	50000.0	0.000661397638000388
616	46147.2	8.904851983856535e-07
617	50000.0	8.007341070855293e-07
618	46114.8	1.7397097328685672e-05
619	50000.0	8.784245459769165e-07
620	50000.0	0.004245852254502357
621	50000.0	4.136009892677104e-07
622	50000.0	5.570283258011933e-06
623	50000.0	4.9669923266578094e-05
624	50000.0	1.6015082459488025e-06
625	50000.0	6.24072716959751e-07
626	50000.0	1.8120048351343298e-07
627	50000.0	0.003577348016562582
628	50000.0	6.75961715065446e-07
629	50000.0	5.3054226474050416e-06
630	50000.0	1.9884049883090065
631	50000.0	2.956724814347655e-06
632	50000.0	5.155369563697048e-07
633	50000.0	1.4060408564018396e-06
634	50000.0	0.0005785720142883011
635	50000.0	1.2607339861159695e-06
636	50000.0	7.6034505092099e-06
637	46130.4	9.350061372217394e-07
638	50000.0	4.001325978896284e-06
639	50000.0	1.4473864473816205e-06
640	42306.4	7.388078888006581e-06
641	50000.0	0.013972702417178068
642	50000.0	5.221367988866214e-07
643	50000.0	1.919600398498392e-06
644	50000.0	0.001218721792425682
645	50000.0	8.052845009712443e-05
646	42262.0	1.3175021976945966e-06
647	50000.0	3.260718509539672e-07
648	50000.0	0.000228604606869404
649	50000.0	0.002257657470237327
650	6854.4	8.057348107560298e-09
651	7695.6	7.181446135400963e-09
652	7459.2	7.756651404874527e-09
653	6024.0	7.993997748846361e-09
654	9087.6	8.427606802695752e-09
655	6315.6	6.938189148105384e-09
656	6100.8	7.701942937032388e-09
657	6260.4	7.1417056129688304e-09
658	5907.6	8.30410049142557e-09
659	6165.6	7.660858978305133e-09
660	7059.6	8.695885392020558e-09
661	6524.4	8.411270251058928e-09
662	6176.4	6.825988017998992e-09
663	6556.8	6.792946935263332e-09
664	6573.6	7.573213354899605e-09
665	6070.8	6.622260336562245e-09
666	6740.4	8.618470066241896e-09
667	6855.6	7.473977142430956e-09
668	6550.8	7.614707274310152e-09
669	6966.0	6.956414139041938e-09
670	10965.6	7.430348186036597e-09
671	5979.6	7.404598156822838e-09
672	6294.0	7.770673446813993e-09
673	6531.6	7.817273846156365e-09
674	6738.0	7.87293117702934e-09
675	6093.6	7.349171785326154e-09
676	6243.6	8.373978721483609e-09
677	6570.0	6.305502236874955e-09
678	6361.2	7.308369417801641e-09
679	6205.2	7.574437227008886e-09
680	6382.8	8.239853028737139e-09
681	5869.2	7.757012075954194e-09
682	6210.0	7.680557081015153e-09
683	6502.8	7.686388940783806e-09
684	5931.6	7.945774550883494e-09
685	6040.8	7.710031223437727e-09
686	6544.8	8.4018945931446e-09
687	6801.6	8.196107509830041e-09
688	6574.8	7.637160997965054e-09
689	6294.0	7.556567699044083e-09
690	8337.6	8.20613087163443e-09
691	6768.0	7.662787294668648e-09
692	6384.0	7.121676596690653e-09
693	6206.4	8.029817718941359e-09
694	6572.4	7.307569600707682e-09
695	6188.4	8.629132649121717e-09
696	8815.2	6.225109897769749e-09
697	6009.6	7.485798316851114e-09
698	7854.0	7.654142265972977e-09
699	6009.6	7.790949835086221e-09
700	50000.0	2.7858850631221896
701	50000.0	4.377816998412355
702	50000.0	7.064204961760136
703	50000.0	6.168776427102428
704	50000.0	4.132004656991042
705	50000.0	6.616293446964342
706	50000.0	4.775800965651075
707	50000.0	4.079333636508858
708	50000.0	4.6763130841052725
709	49470.0	2.984876164741345
710	50000.0	8.855115706626473
711	50000.0	3.7938551417926996
712	50000.0	3.1839262457001416
713	50000.0	3.382863913587903
714	45919.2	2.8853817559574684
715	50000.0	4.676303214267687
716	50000.0	6.268244220129475
717	45919.2	4.974792438323808
718	50000.0	4.471683133260044
719	50000.0	10.325492354796037
720	50000.0	7.362803675527749
721	50000.0	5.273277961736662
722	50000.0	2.8905943785399417
723	50000.0	4.377817741430709
724	50000.0	4.366975755745204
725	50000.0	3.183873220522443
726	50000.0	2.25674141641585
727	50000.0	5.113300163832094
728	50000.0	3.780842905784565
729	50000.0	3.665212167205619
730	49374.0	6.865205908061883
731	50000.0	4.377817387188768
732	50000.0	5.571766348493108
733	50000.0	6.7320229049624505
734	50000.0	6.7657161174778295
735	50000.0	4.7758033286988315
736	46534.8	3.360735824303717
737	50000.0	3.482355188511683
738	50000.0	4.576940852219361
739	46003.2	5.870251893438918
740	50000.0	3.283364755311355
741	46491.6	3.380247858627525
742	50000.0	4.676325591481977
743	50000.0	4.867148150126068
744	50000.0	3.681347000018269
745	45910.8	3.4823885980581553
746	50000.0	5.77075597744288
747	47200.8	3.084372574106925
748	50000.0	4.875304420596422
749	50000.0	3.880339772872462
750	50000.0	4.360137717721959
751	50000.0	3.556375965884911
752	50000.0	2.06118484266187
753	50000.0	3.769995165126076
754	50000.0	4.090981082390975
755	50000.0	3.7785021476419893
756	50000.0	3.0670221662432597
757	50000.0	3.167213721441335
758	50000.0	1.5502474441502254
759	50000.0	3.747000787897907
760	50000.0	3.1316736330202413
761	50000.0	4.1932206982792035
762	50000.0	2.4718959908652423
763	50000.0	4.014375341602005
764	50000.0	4.733321159086238
765	50000.0	2.5204633011575397
766	50000.0	3.383876593772375
767	50000.0	5.581189975242368
768	50000.0	3.5836733252826143
769	50000.0	4.201755826111528
770	50000.0	5.369413155937435
771	50000.0	3.2918040196011313
772	50000.0	2.4029888112404127
773	50000.0	1.8832142972404928
774	50000.0	4.853668763126498
775	50000.0	2.2416904277703784
776	50000.0	5.319099995851862
777	50000.0	3.2797128221112173
778	50000.0	3.7886535581180967
779	50000.0	5.642953008194946
780	50000.0	2.070265782122849
781	50000.0	3.8216364640352523
782	50000.0	4.996370332819774
783	50000.0	3.0066872258789274
784	50000.0	3.714113447787741
785	50000.0	4.273136328315813
786	50000.0	2.9611043720015013
787	50000.0	4.921063743270946
788	50000.0	3.4532849645322266
789	50000.0	4.282537598192521
790	50000.0	5.059200429127504
791	50000.0	2.408415410023621
792	50000.0	2.082748948872587
793	50000.0	2.705446535636569
794	50000.0	3.456733184911215
795	50000.0	2.9116691014163005
796	50000.0	4.312592672437614
797	50000.0	4.441165672477354
798	50000.0	5.517649695111762
799	50000.0	2.438800149529811
800	50000.0	5.392462354097591
801	50000.0	7.0768124540172055
802	50000.0	3.1591661277447387
803	50000.0	6.645727775653282
804	50000.0	12.026452971696774
805	50000.0	5.7285221557786015
806	50000.0	5.203141300191477
807	50000.0	6.146075341796123
808	50000.0	7.300390992408786
809	50000.0	14.236224199109637
810	50000.0	7.808452843619277
811	50000.0	9.368537677855553
812	50000.0	9.184602600226464
813	50000.0	9.829298525126939
814	50000.0	9.486663276631548
815	50000.0	7.16310050394029
816	50000.0	16.661734728764493
817	50000.0	8.710434922154537
818	50000.0	8.837743066266613
819	50000.0	9.843208005295516
820	50000.0	6.545309475533917
821	50000.0	9.31535210525581
822	50000.0	6.953497976725465
823	50000.0	2.7621840097344106
824	50000.0	7.01785609510681
825	50000.0	7.408153694247654
826	50000.0	6.896152154808232
827	50000.0	3.4873678128514136
828	50000.0	6.42851943305138
829	50000.0	4.102592171694508
830	50000.0	5.534313829569028
831	50000.0	7.496130996118043
832	50000.0	4.697275362299508
833	50000.0	4.464806797187363
834	50000.0	2.287748749369567
835	50000.0	3.296351515456854
836	50000.0	8.84372955546732
837	50000.0	4.501643131767312
838	50000.0	13.677180802438073
839	50000.0	3.050385603436095
840	50000.0	6.022335843629023
841	50000.0	5.303885205207392
842	50000.0	7.75662138545519
843	50000.0	4.700666550957844
844	50000.0	6.079965747055878
845	50000.0	14.625042167490047
846	50000.0	8.782195103704039
847	50000.0	7.093753642526167
848	50000.0	6.547222238072061
849	50000.0	6.663938693455393
850	50000.0	21.95475187658442
851	50000.0	27.759595390829105
852	50000.0	6.742865834685359
853	50000.0	26.527570273332323
854	50000.0	32.83587984329817
855	50000.0	20.350586660952473
856	50000.0	21.46953593479479
857	50000.0	27.333739731869166
858	50000.0	29.07842702325193
859	50000.0	52.462801435992596
860	50000.0	26.591417727712304
861	50000.0	34.7328183442253
862	50000.0	21.961588216809083
863	50000.0	28.051132815868236
864	50000.0	33.72191247846641
865	50000.0	20.852973339329413
866	50000.0	48.01400352845024
867	50000.0	25.070492034476406
868	50000.0	23.331275701065774
869	50000.0	22.142024258745767
870	50000.0	30.88143376382404
871	50000.0	35.59004239989646
872	50000.0	15.93276792131905
873	50000.0	12.471509602004357
874	50000.0	19.110505969545795
875	50000.0	16.931596922997727
876	50000.0	13.64384367578253
877	50000.0	10.45525888332674
878	50000.0	26.439549597251705
879	50000.0	12.38942346624398
880	50000.0	20.584646391049098
881	50000.0	29.194600071563706
882	50000.0	19.973981746213592
883	50000.0	12.175824634030231
884	50000.0	9.216371691732029
885	50000.0	12.053089041536001
886	50000.0	30.459465245669954
887	50000.0	18.35243716610222
888	50000.0	40.018143457096485
889	50000.0	14.318191442281208
890	50000.0	17.076616716799922
891	50000.0	23.43103312115624
892	50000.0	20.317354581536467
893	50000.0	18.512994508262686
894	50000.0	24.92662755213723
895	50000.0	46.550297713553206
896	50000.0	26.15409179069499
897	50000.0	23.65935453983441
898	50000.0	19.279876393404507
899	50000.0	21.406985169027664
900	50000.0	0.14937706783233223
901	50000.0	0.14850491955777959
902	50000.0	0.1515762797898926
903	50000.0	0.1414582477934708
904	50000.0	0.13036469701706038
905	50000.0	0.10754448735737157
906	50000.0	0.12433974051065241
907	50000.0	0.15238975832615492
908	50000.0	0.10320291081123863
909	49922.4	0.05444228062098695
910	50000.0	0.15083367661004293
911	50000.0	0.16654582472772148
912	47172.0	0.06677567119251418
913	50000.0	0.12203714845505527
914	46884.0	0.13933456404508587
915	50000.0	0.1850633183985501
916	49544.4	0.12048430746399852
917	50000.0	0.11855458615588699
918	50000.0	0.09394891830337411
919	50000.0	0.16244532396614186
920	50000.0	0.12282884514656107
921	50000.0	0.14273826908091766
922	50000.0	0.12162023045898991
923	50000.0	0.12670063446880792
924	50000.0	0.14517262957260685
925	50000.0	0.1280794252742888
926	50000.0	0.12636182391471795
927	50000.0	0.09100369461295799
928	50000.0	0.17312625221591774
929	50000.0	0.2010786285700549
930	50000.0	0.14873000827251914
931	49808.4	0.11713591543511334
932	50000.0	0.07692557177691768
933	50000.0	0.14222080836586032
934	50000.0	0.06880949880849804
935	49845.6	0.09048321685433543
936	50000.0	0.06288135756793292
937	50000.0	0.1646597303194138
938	50000.0	0.15239956504385735
939	50000.0	0.16249691026932478
940	50000.0	0.15046693303225317
941	50000.0	0.16842554971650864
942	50000.0	0.1594895954517071
943	50000.0	0.12622534963847548
944	46349.2	0.11621906143856453
945	45596.4	0.17479021261033179
946	50000.0	0.1409322594211906
947	49724.4	0.13988685942026144
948	50000.0	0.20714373632362956
949	50000.0	0.09521861737680784
950	44182.0	0.5362911178651528
951	44182.0	0.5362911178651614
952	50000.0	0.7935557338842579
953	50000.0	0.8106880823351421
954	48418.8	0.6407155477970152
955	48319.2	0.7264316689584862
956	50000.0	0.7420741749888786
957	50000.0	0.525084238571479
958	50000.0	0.5167125847925901
959	44260.0	0.42708640038213685
960	50000.0	0.7420741749889138
961	44477.2	0.5961486665458047
962	44260.0	0.42638207857437027
963	44260.0	0.42647705759927873
964	50000.0	0.8107042314790001
965	50000.0	0.5259489503370226
966	48572.4	0.4579695539474553
967	50000.0	0.719741121064155
968	50000.0	0.5167125847925901
969	50000.0	0.5290379906532638
970	50000.0	0.7498852402058592
971	50000.0	0.7935557317932649
972	50000.0	0.576425715623948
973	50000.0	0.7403029844436009
974	50000.0	0.529037990655348
975	50000.0	0.6064145941436129
976	48418.8	0.45643286227414104
977	50000.0	0.6064145941434784
978	50000.0	0.8107344254577284
979	50000.0	0.6756618091945967
980	48514.8	0.5662319179613975
981	50000.0	0.6064145941434795
982	48319.2	0.7264315559876671
983	50000.0	0.6064145941438174
984	50000.0	0.5259489503366235
985	48140.4	0.5243348683099673
986	44498.8	0.547096595324472
987	50000.0	0.690922038487429
988	50000.0	0.7935557319180019
989	48514.8	0.5316094326183708
990	50000.0	0.6066528882323492
991	44498.8	0.5470965953246332
992	42633.2	0.22247620638639298
993	48140.4	0.524334868309967
994	50000.0	0.6066528882323492
995	50000.0	0.525084238571458
996	44124.4	0.36576466192205775
997	48418.8	0.6089877571146327
998	50000.0	0.7461206724290157
999	50000.0	0.7016208778774724
1000	50000.0	3.2896151121127843
1001	50000.0	1.24525553530649
1002	41035.6	3.6863897594435584
1003	50000.0	3.8553083705327067
1004	50000.0	1.1506780914893087
1005	50000.0	2.904008948373088
1006	45368.4	1.9889976153669948
1007	45451.2	1.7351790631059258
1008	50000.0	2.656490552155513
1009	50000.0	3.0643594460016237
1010	31545.6	4.556572988560101
1011	50000.0	2.6101622642753286
1012	50000.0	2.3929144917982126
1013	36306.8	3.461092693647452
1014	45319.2	2.848034576516343
1015	3394.8	4.577558709000182e-09
1016	50000.0	1.2452555353074766
1017	12979.6	2.08574030241622
1018	50000.0	2.46968386624894
1019	45331.2	2.4510499238684966
1020	50000.0	7.163925817190086
1021	45518.4	3.3401400466813422
1022	22224.8	2.9007335400025616
1023	50000.0	0.691856911193757
1024	50000.0	1.348331507545891
1025	17727.6	0.6355904836707105
1026	45595.2	5.92899077102935
1027	12754.0	1.041109420279166
1028	50000.0	6.066717774622285
1029	12991.6	0.24905111213112816
1030	36040.4	2.9955656610954153
1031	50000.0	1.4962299550288294
1032	50000.0	2.854454389514056
1033	36232.4	0.8716788766911087
1034	50000.0	2.7955518164548883
1035	3649.2	4.7820866304978925e-09
1036	5205.6	6.13462941839467e-09
1037	50000.0	3.332066452210377
1038	8276.0	0.15630099098499411
1039	40895.2	2.6544693235335624
1040	50000.0	1.7823055118954367
1041	50000.0	3.8058424184334463
1042	50000.0	5.352536363270472
1043	50000.0	2.177732146053894
1044	12800.8	0.38754810279153656
1045	50000.0	2.118634928020337
1046	12802.0	0.7883527753886584
1047	50000.0	1.2452555353043617
1048	40718.8	3.057247524590683
1049	50000.0	1.5027793001436403
1050	45470.4	2.359164178101666
1051	7996.4	1.1347709926849432
1052	45590.4	2.2679380704491594
1053	27011.2	0.9774994318420699
1054	41018.8	4.753977288723787
1055	36599.6	5.806831739351297
1056	50000.0	2.440209129382648
1057	8558.0	0.7271629244912389
1058	36737.6	2.719374543181826
1059	45540.0	1.7594989743455343
1060	12516.4	0.45455466310578957
1061	45296.4	6.838690542468404
1062	50000.0	1.5760562750316283
1063	50000.0	9.29149453223151
1064	50000.0	11.192859381380886
1065	18285.6	1.1181626951303223
1066	50000.0	1.5660330202406807
1067	50000.0	2.5905477300896953
1068	40907.2	8.900494760812329
1069	45322.8	8.116173379724803
1070	8284.4	0.2590547766428582
1071	50000.0	2.0185537465799426
1072	26874.4	1.9733758983746774
1073	22862.0	5.833936615187677
1074	50000.0	4.632499952959845
1075	50000.0	7.271629193626646
1076	50000.0	12.998070452131504
1077	35884.4	6.847532801931682
1078	22462.4	2.8818799349482718
1079	13055.2	0.3909997761072492
1080	48050.4	3.4025408963236616
1081	13303.6	0.39099977685686677
1082	50000.0	2.197680449569489
1083	3214.8	5.946201352303201e-09
1084	50000.0	2.210809566310693
1085	41135.2	1.5639990889880526
1086	45452.4	1.7594989738888933
1087	45433.2	0.6226712201276656
1088	37622.0	0.48429983970858714
1089	40798.0	7.626292033500628
1090	45541.2	2.331492957571383
1091	12504.4	1.1817475406173337
1092	50000.0	4.751963596739171
1093	41274.4	0.5534855299397963
1094	45476.4	2.9467132376949228
1095	17180.4	0.20755707643123028
1096	50000.0	0.8181711060390258
1097	17600.4	2.1814887608991267
1098	7737.2	0.24872196368153912
1099	50000.0	4.183546138964761
1100	50000.0	0.8404385822455949
1101	50000.0	0.5770083160496593
1102	50000.0	0.6958797012104265
1103	50000.0	0.8427981502901106
1104	50000.0	0.7861525145581156
1105	50000.0	0.7193424504838618
1106	50000.0	0.6290566204943622
1107	50000.0	0.7197262170345574
1108	50000.0	0.5317565802082687
1109	50000.0	0.6569618038294381
1110	50000.0	0.7081766905514838
1111	50000.0	0.748078653691153
1112	50000.0	0.7671551405857248
1113	50000.0	0.704040338056793
1114	50000.0	0.7087823137319489
1115	50000.0	0.9323839289301257
1116	50000.0	0.30216242518686515
1117	50000.0	0.9588959924438223
1118	50000.0	0.5214619833254746
1119	50000.0	0.5178046842957416
1120	50000.0	0.6932673508278423
1121	50000.0	0.7903623798126894
1122	50000.0	0.6952927752510092
1123	50000.0	0.5277691180533595
1124	50000.0	0.6455603008522237
1125	50000.0	0.543511327884081
1126	50000.0	0.6468078639182968
1127	50000.0	0.7395575569347808
1128	50000.0	0.5802167195922372
1129	50000.0	0.6674387851096097
1130	50000.0	0.9575688904479813
1131	50000.0	0.7858255611415932
1132	50000.0	0.54382134917973
1133	50000.0	0.7683026588330012
1134	50000.0	0.547235708074173
1135	50000.0	0.6489978326434174
1136	50000.0	0.5245032229214075
1137	50000.0	0.3425860962972389
1138	50000.0	0.9148456242212102
1139	50000.0	0.6857153950556227
1140	50000.0	0.5433921445352254
1141	50000.0	0.7145926219033734
1142	50000.0	0.6777255188595814
1143	50000.0	0.5763090856357307
1144	50000.0	0.6984828543823984
1145	50000.0	0.5832087899298839
1146	50000.0	0.584678022540517
1147	50000.0	0.5996880476219792
1148	50000.0	0.7171407936412095
1149	50000.0	0.6666198894726313
1150	50000.0	8.954628974983429
1151	50000.0	8.402629082338462
1152	50000.0	6.1259533866203455
1153	50000.0	3.0093031427937222
1154	50000.0	7.377535521754129
1155	50000.0	3.5824581127764845
1156	50000.0	4.462726804595403
1157	50000.0	9.357837348965969
1158	50000.0	5.8196020955103425
1159	50000.0	7.1736815624131705
1160	50000.0	9.605513415092727
1161	50000.0	7.135352670746182
1162	50000.0	9.435823197592047
1163	50000.0	4.554112155979281
1164	50000.0	4.2475055034923574
1165	50000.0	5.088926440801516
1166	50000.0	3.6402357569816517
1167	50000.0	3.4276523791082427
1168	50000.0	9.184245175613125
1169	50000.0	6.445885742206594
1170	50000.0	6.570781825557712
1171	50000.0	3.4140838449974806
1172	50000.0	3.9284582922959728
1173	50000.0	8.467168530180684
1174	50000.0	8.628775283810253
1175	50000.0	6.9119918289590725
1176	50000.0	2.3338546443945063
1177	50000.0	2.0871693363370967
1178	50000.0	6.125132482863978
1179	50000.0	2.3390100477407487
1180	50000.0	8.795607057293989
1181	50000.0	6.798861299360212
1182	50000.0	2.6237615902482307
1183	50000.0	9.760853337489399
1184	50000.0	2.776338083934674
1185	50000.0	7.893676402594027
1186	50000.0	8.620475080360118
1187	50000.0	8.501552432583216
1188	50000.0	6.07034845056044
1189	50000.0	4.660583087940291
1190	50000.0	5.246956064892329
1191	50000.0	7.172770911210979
1192	50000.0	2.844946569479757
1193	50000.0	6.9820439045863285
1194	50000.0	7.795747721614788
1195	50000.0	4.913051038916381
1196	50000.0	6.640142397231334
1197	50000.0	6.080563806494586
1198	50000.0	9.912646216955894
1199	50000.0	8.669628545199322
