	0	1
0	46562.4	6.260939145993853e-06
1	45081.2	6.410236022410837e-06
2	48290.4	5.262295012018848e-07
3	50000.0	2.7529625815161648e-06
4	50000.0	3.683688680977685e-06
5	49143.6	1.16690019228563e-05
6	48040.8	2.592893685974473e-06
7	47449.2	1.467391028996703e-05
8	48759.6	6.972752347442012e-05
9	50000.0	3.908696532673603e-06
10	47917.2	1.238183373364424e-05
11	48688.0	1.5557005564493467e-05
12	48194.4	1.5108384182792846e-06
13	48380.4	4.939049711450624e-06
14	50000.0	1.8845771905963298e-06
15	42670.0	5.675736818937345e-07
16	50000.0	4.998957429684555e-05
17	50000.0	8.250513673425601e-07
18	50000.0	3.4890616314295597e-06
19	48096.0	2.144984336172475e-06
20	50000.0	3.0890119221447205e-06
21	46666.8	1.7322472035514552e-05
22	46107.6	2.0896413659684605e-05
23	46604.4	8.164907365435866e-07
24	45786.4	6.804105079258e-06
25	49172.4	5.82603048537746e-06
26	49970.4	4.422968670931875e-06
27	46712.4	1.0765522874315409e-06
28	45174.4	1.5512798134335403e-06
29	46594.8	4.490809624923216e-06
30	47346.4	1.6567961553432728e-05
31	50000.0	1.2672730276915972e-05
32	49537.2	1.1386562694365272e-06
33	46497.6	1.1807945421366581e-05
34	45979.2	1.4956232998788933e-06
35	49304.4	7.786205610602877e-05
36	50000.0	1.490900024969035e-05
37	44657.2	1.3186902121360782e-06
38	46748.4	2.5630789201905543e-06
39	43804.4	2.918003637171949e-05
40	48194.4	5.561183994222894e-07
41	44700.4	9.514946482246322e-07
42	50000.0	4.8382524753540475e-06
43	50000.0	8.607046556850497e-07
44	46048.8	8.151954357916003e-07
45	46409.2	7.727849866829242e-07
46	50000.0	2.6515612844302617e-06
47	44402.8	1.316555624372352e-06
48	43028.0	1.2906514061526833e-05
49	50000.0	3.079427289159761e-06
50	50000.0	0.026076922684568783
51	50000.0	0.0014192194403839713
52	50000.0	0.2792948153126275
53	50000.0	0.04271105905397379
54	50000.0	0.06335217036148567
55	50000.0	0.0023599540434465706
56	50000.0	0.010956357805576642
57	50000.0	0.028719637587689268
58	50000.0	0.012594292510639937
59	50000.0	0.06098545204588916
60	50000.0	0.27183209036032613
61	50000.0	0.10611496936138987
62	50000.0	0.0012831027996408118
63	50000.0	0.004036264924041232
64	50000.0	0.001366221156997843
65	50000.0	0.02901991395058572
66	50000.0	0.010728203402019205
67	50000.0	0.04295190354756619
68	50000.0	0.09960676275544689
69	50000.0	0.014820540174112875
70	50000.0	0.009022254108720233
71	50000.0	0.03709433576553582
72	50000.0	0.45121591944953476
73	50000.0	0.009040981071350188
74	50000.0	0.08324402980480594
75	50000.0	0.014749591622758292
76	50000.0	0.018851614873575482
77	50000.0	0.0011849927906420626
78	50000.0	0.006841860972024882
79	50000.0	1.9912303701875484
80	50000.0	0.007777060865029434
81	50000.0	0.0010256907618010813
82	50000.0	1.8894104821138675
83	50000.0	0.0014211690579370678
84	50000.0	0.014196190533794983
85	50000.0	0.004727155608849349
86	50000.0	1.8579054714955916
87	50000.0	0.020541272870052352
88	50000.0	0.003565766285540757
89	50000.0	0.23342526547513281
90	50000.0	0.1566562494512138
91	50000.0	0.00013965424487102085
92	50000.0	0.03140520177389264
93	50000.0	0.023850391265018343
94	50000.0	0.014829591829082394
95	50000.0	0.43039146711960036
96	50000.0	0.06750826066203146
97	50000.0	0.024530711205959878
98	50000.0	0.1542207647509553
99	50000.0	0.007411761078007955
100	50000.0	3.025367795362354
101	50000.0	4.507534170232864
102	50000.0	2.8862774315673576
103	50000.0	2.469005691451433
104	50000.0	3.980257015928258
105	50000.0	1.691599874712938
106	50000.0	2.0005995140683215
107	50000.0	2.242279579219618
108	50000.0	3.293557065527345
109	50000.0	3.9809862457947807
110	50000.0	2.8292897236256125
111	50000.0	2.4741314659562
112	50000.0	4.4609130654663165
113	50000.0	4.477484815666147
114	50000.0	2.1376964473368334
115	50000.0	4.188778000323708
116	50000.0	4.075450653148053
117	50000.0	3.503447627188393
118	50000.0	2.3104639448482667
119	50000.0	3.0852213997124527
120	50000.0	2.213589267526413
121	50000.0	3.582046816677812
122	50000.0	3.3828976660202548
123	50000.0	6.763496924791833
124	50000.0	3.1745255689587424
125	50000.0	2.3593493866029442
126	50000.0	4.3778888201178585
127	50000.0	3.6367525613398506
128	50000.0	4.676447539969652
129	50000.0	3.957615045308809
130	50000.0	3.339627168869542
131	50000.0	3.515045510125103
132	50000.0	8.05988635875859
133	50000.0	5.373587874789491
134	50000.0	2.687055603252145
135	50000.0	3.8207153970372816
136	50000.0	3.967646915661554
137	50000.0	4.027892312420964
138	50000.0	2.134518943117163
139	50000.0	7.433631194527985
140	50000.0	4.879721395314713
141	50000.0	2.576425686964724
142	50000.0	3.0904261175028713
143	50000.0	2.049812327907275
144	50000.0	2.585952101347101
145	50000.0	3.475934828325061
146	50000.0	3.0581791487549466
147	50000.0	3.0648024328595596
148	50000.0	3.25899367661697
149	50000.0	3.5831985505942243
150	50000.0	5.422780520435858
151	50000.0	4.462831389143103
152	50000.0	8.016581923922987
153	50000.0	4.894158482311942
154	50000.0	5.524516575496466
155	50000.0	5.514705561141514
156	50000.0	5.113072768359115
157	50000.0	4.991166461420673
158	50000.0	7.642557221426673
159	50000.0	5.651489185764018
160	50000.0	6.8657300306969
161	50000.0	7.3627914004827035
162	50000.0	6.6677755898567685
163	50000.0	5.150509319124176
164	50000.0	4.581736944616482
165	50000.0	6.425278975107912
166	50000.0	6.606268199842839
167	50000.0	4.181048200138824
168	50000.0	5.671288661951595
169	50000.0	5.905827753533485
170	50000.0	4.518117446760488
171	50000.0	5.078274884663017
172	50000.0	5.9157519422051
173	50000.0	5.5225982282872925
174	50000.0	4.477357761500197
175	50000.0	6.226042083698805
176	50000.0	4.782668556023045
177	50000.0	5.9176379400472685
178	50000.0	6.3637766790013055
179	50000.0	4.657689664011021
180	50000.0	7.841839338110947
181	50000.0	4.8606920116577665
182	50000.0	5.572156390965325
183	50000.0	6.964766827337904
184	50000.0	4.620492862706006
185	50000.0	5.384711925287725
186	50000.0	5.467150869942637
187	50000.0	7.185047416742256
188	50000.0	4.098434543343993
189	50000.0	6.482494129849938
190	50000.0	6.053121293213866
191	50000.0	5.7968035691230515
192	50000.0	5.071216052863635
193	50000.0	6.284626401902793
194	50000.0	7.562482812446535
195	50000.0	5.39906309090529
196	50000.0	4.576900548496183
197	50000.0	4.675470875841839
198	50000.0	4.774153908782413
199	50000.0	9.201184243027223
200	130.8	0.0
201	156.0	0.0
202	164.4	0.0
203	133.2	0.0
204	129.6	0.0
205	130.8	0.0
206	144.0	0.0
207	129.6	0.0
208	132.0	0.0
209	180.0	0.0
210	130.8	0.0
211	175.2	0.0
212	146.4	0.0
213	156.0	0.0
214	129.6	0.0
215	141.6	0.0
216	133.2	0.0
217	130.8	0.0
218	142.8	0.0
219	129.6	0.0
220	142.8	0.0
221	138.0	0.0
222	142.8	0.0
223	138.0	0.0
224	124.8	0.0
225	134.4	0.0
226	134.4	0.0
227	129.6	0.0
228	138.0	0.0
229	129.6	0.0
230	134.4	0.0
231	122.4	0.0
232	144.0	0.0
233	138.0	0.0
234	138.0	0.0
235	148.8	0.0
236	175.2	0.0
237	146.4	0.0
238	141.6	0.0
239	138.0	0.0
240	164.4	0.0
241	132.0	0.0
242	180.0	0.0
243	129.6	0.0
244	130.8	0.0
245	142.8	0.0
246	138.0	0.0
247	132.0	0.0
248	130.8	0.0
249	130.8	0.0
250	50000.0	0.001353745150627379
251	46222.8	4.5024778504145137e-07
252	50000.0	9.267724101016712e-07
253	46156.8	0.00032924937027585803
254	50000.0	0.000994247180571378
255	50000.0	0.00017288758396986182
256	50000.0	0.00011147669668220014
257	50000.0	0.0008329541737685598
258	30292.4	4.0783133143238563e-07
259	48290.4	0.0008839492952276605
260	46129.2	0.00021359386121340323
261	50000.0	9.496677408379523e-05
262	46988.4	0.0007998900797748105
263	50000.0	0.0002906577260118442
264	50000.0	4.776748810507315e-06
265	44828.8	2.9679867788270518e-05
266	46088.4	3.4861719622708593e-07
267	50000.0	0.0004890672078758921
268	50000.0	0.00026088626667368877
269	46167.6	1.485425417795728e-07
270	48716.4	7.810255752494438e-07
271	50000.0	0.0003704921452232731
272	50000.0	6.835217646618876e-05
273	48146.4	8.418246954162626e-05
274	50000.0	0.0030987645771971047
275	48242.4	2.8478889638533117e-05
276	38846.0	8.083935571714637e-05
277	45919.2	6.368411977775662e-05
278	50000.0	5.356285452567811e-07
279	44832.4	3.7591668745530164e-07
280	50000.0	0.0002414030627750606
281	50000.0	1.1952969914629704e-05
282	50000.0	8.55207448675036e-05
283	44380.0	1.0622530564135958e-05
284	50000.0	6.044394386599056e-06
285	41849.6	3.268367092139484e-07
286	43154.8	2.1469500473652005e-06
287	46512.0	0.00015091203649523864
288	42721.6	0.0002992922422289598
289	45438.4	2.1890257156522293e-07
290	44240.8	4.286865877884539e-08
291	50000.0	2.7055329389684225e-06
292	37369.2	4.8464086694957774e-05
293	50000.0	0.0010893944934079619
294	46699.6	0.0003515525459328414
295	50000.0	0.00028963113074603275
296	50000.0	1.6081515499768763e-06
297	47124.0	0.00015850051515486959
298	43276.0	8.249246038855351e-06
299	46120.8	3.5220295232896254e-05
300	9170.4	0.0
301	50000.0	92.98584131529114
302	50000.0	35.45942111922109
303	50000.0	3.8249727219849228
304	50000.0	21.750000004394003
305	50000.0	64.79000000525045
306	50000.0	54.07000000590769
307	9654.0	0.0
308	50000.0	22.649621211730402
309	50000.0	15.540000005306661
310	7185.6	0.0
311	50000.0	396.0596901951191
312	50000.0	128.1100000051436
313	8131.2	0.0
314	50000.0	311.0100000483213
315	11569.2	0.0
316	50000.0	29.2600000052653
317	26379.2	0.0
318	50000.0	43.190000004730244
319	50000.0	1000.1300690528802
320	50000.0	290.97000000409884
321	28120.0	0.0
322	9142.8	0.0
323	13395.6	0.0
324	50000.0	412.92000000710675
325	50000.0	216.9568689531098
326	50000.0	117.50000000569169
327	50000.0	53.480000003627254
328	50000.0	7.881542631225909
329	50000.0	72.60000000509392
330	9704.4	0.0
331	50000.0	14.650000004176155
332	11145.6	0.0
333	50000.0	10.210000005235418
334	50000.0	39.06000000594977
335	9560.4	0.0
336	50000.0	263.2000000060245
337	50000.0	14.154709793857261
338	50000.0	42.44608316381821
339	50000.0	2.3500000054349743
340	18376.4	0.0
341	9650.4	0.0
342	50000.0	675.0100000044483
343	9793.2	0.0
344	8295.6	0.0
345	10326.0	0.0
346	50000.0	56.826947878351255
347	50000.0	42.11277721230023
348	50000.0	45.790000003521115
349	6926.4	0.0
350	50000.0	0.006674442431715115
351	50000.0	0.19012127346236488
352	50000.0	0.04776887394341029
353	50000.0	0.1788183476756707
354	48687.6	0.0013270540668137531
355	50000.0	0.01117109247696675
356	48819.6	0.002069306554940537
357	50000.0	0.03235879527024577
358	50000.0	0.03886283504488769
359	50000.0	0.004938916859280351
360	50000.0	0.008270114162869227
361	50000.0	0.0001972375964477038
362	50000.0	0.008964804156634667
363	50000.0	0.0022559890012741977
364	50000.0	0.003384701040645021
365	50000.0	0.014415302044231965
366	50000.0	0.0027107851241726525
367	50000.0	0.007740055818812264
368	50000.0	0.0097307216486848
369	50000.0	0.005019174750686016
370	50000.0	0.026670441727371774
371	50000.0	0.4081976460985948
372	50000.0	0.001042264816660191
373	43910.0	0.00015927869754177077
374	50000.0	0.005014473158515788
375	50000.0	0.06920650615674866
376	50000.0	0.10477729972643321
377	50000.0	0.39464711634745864
378	50000.0	0.024333013057911378
379	50000.0	0.039226749027584315
380	48678.0	0.12699615360122757
381	50000.0	0.0056914510496917075
382	50000.0	0.0009612332789369944
383	50000.0	0.03781762161715746
384	50000.0	0.10436929468283922
385	50000.0	0.03231984682500641
386	50000.0	6.950112821331239e-05
387	50000.0	0.0009069325364022938
388	50000.0	0.0034189561092660427
389	50000.0	0.01603862796203579
390	50000.0	0.009659525759744238
391	50000.0	0.03401232014760035
392	50000.0	0.003746102097023299
393	50000.0	0.011013856572986942
394	50000.0	0.00041801875976505353
395	50000.0	0.05569260338898243
396	50000.0	0.0346622792572855
397	50000.0	0.07403351216435408
398	50000.0	0.39467882270681687
399	50000.0	0.09161642135314245
400	48658.8	0.00038712420571582185
401	50000.0	0.005284185249227494
402	50000.0	0.006822715772843856
403	48505.2	0.04225429116954921
404	50000.0	0.0003269165511901826
405	50000.0	0.0003672195571671455
406	50000.0	0.0002872529798087528
407	50000.0	0.009002047013246086
408	47607.6	0.0002976137918253423
409	50000.0	0.014421553723587022
410	50000.0	0.0023151850404123093
411	50000.0	0.00013900860752039785
412	50000.0	0.007553963426716634
413	50000.0	0.07906247789247549
414	47221.6	0.00019283826528752917
415	50000.0	0.00029228540230589615
416	50000.0	0.00019413879494770088
417	50000.0	0.009034329126456655
418	50000.0	0.004036775167890819
419	50000.0	0.003523139711553674
420	50000.0	0.007756293427876082
421	50000.0	0.0004020575801998146
422	48865.2	0.34961963589249573
423	50000.0	0.0008933804205455215
424	50000.0	0.0012362092918240155
425	50000.0	0.01060437127993116
426	46809.6	0.02111790672454168
427	50000.0	0.005462493477067225
428	50000.0	0.0779387125419158
429	47288.8	0.011610505347278621
430	50000.0	0.0008272502493350154
431	50000.0	0.040527063792349285
432	46991.2	0.00018493686756938132
433	50000.0	0.010569123135129702
434	50000.0	0.00297019291168889
435	50000.0	0.009847455335631953
436	50000.0	0.010520738038772764
437	48610.8	0.011742486366880689
438	50000.0	0.1400024411681146
439	50000.0	0.05787815576072848
440	50000.0	0.005343129250293769
441	50000.0	0.08755220422016467
442	50000.0	0.011914266770134943
443	50000.0	0.0029913923119236616
444	50000.0	0.4398515969961233
445	50000.0	0.0011127521992371448
446	50000.0	0.000528219349574898
447	50000.0	0.006403957934908199
448	44224.0	0.00011678056819100819
449	46220.8	3.538793712702491e-05
450	50000.0	0.020538901398628715
451	50000.0	0.04348400696378469
452	50000.0	0.015557424890946244
453	50000.0	0.0107870795484535
454	50000.0	7.784198028056738
455	50000.0	0.012949276125463777
456	50000.0	0.0620614585575901
457	50000.0	0.37814950531744584
458	50000.0	14.315412339806443
459	50000.0	0.0005883309671964107
460	50000.0	0.012611615883951714
461	50000.0	2.484310076831736
462	50000.0	0.0049077500431155465
463	50000.0	0.04664006654801255
464	50000.0	0.01235853801603806
465	50000.0	0.010844569003277108
466	50000.0	0.06411911718467073
467	50000.0	0.5964102632432577
468	50000.0	0.011651479440751858
469	50000.0	0.04713158710138275
470	50000.0	0.0007943883387254689
471	50000.0	0.0077449227486900765
472	50000.0	0.03444390971860507
473	50000.0	0.0018924862374172444
474	50000.0	0.04942958629284955
475	50000.0	0.38625824983876633
476	50000.0	0.025010467250427566
477	50000.0	0.220242159134112
478	50000.0	0.008797281215205403
479	50000.0	0.009227811595610766
480	50000.0	6.061537756441051
481	50000.0	0.015754410415932615
482	50000.0	0.05383191899577341
483	50000.0	0.011106433342922913
484	50000.0	0.03664329346319146
485	50000.0	0.002722559971355099
486	50000.0	3.5209013667947695
487	50000.0	0.004511507879558563
488	50000.0	1.9683909449127939
489	50000.0	0.012944337498937563
490	50000.0	0.05297654274814153
491	50000.0	0.003250978277799188
492	50000.0	2.090537141933975
493	50000.0	0.031745524336492144
494	50000.0	0.021484582291910997
495	50000.0	0.11565673486939734
496	50000.0	0.011490099288527731
497	50000.0	4.065836685419386
498	50000.0	0.010568257868275994
499	50000.0	0.010624238231946179
500	50000.0	0.0010599577053767638
501	50000.0	0.034729919033955045
502	50000.0	0.022633711916235196
503	50000.0	0.003132316394783902
504	50000.0	0.001261296480629916
505	50000.0	0.0026102845305845464
506	50000.0	0.019595108227864914
507	50000.0	0.025664156335328987
508	50000.0	0.023718568782400456
509	50000.0	0.005034783019137646
510	50000.0	0.0015488866309480056
511	50000.0	0.015886775927038976
512	50000.0	0.001979309607086648
513	50000.0	0.1489379048856644
514	50000.0	0.016479537688087777
515	50000.0	1.5393947382692348
516	50000.0	0.0033256436295303815
517	50000.0	0.00473486881043508
518	50000.0	0.0027090278761688026
519	50000.0	0.0024802272640334646
520	50000.0	0.0022030144026427357
521	50000.0	0.0046432116532185395
522	50000.0	0.0011824369395219366
523	50000.0	0.0004998530159902308
524	50000.0	1.2788495623019203
525	50000.0	0.08210855272811045
526	50000.0	0.7507825993699985
527	50000.0	0.0006991745547387785
528	50000.0	0.0025099583949985457
529	50000.0	0.0011905913030192013
530	50000.0	0.051050575689669864
531	50000.0	0.04287646262253441
532	50000.0	0.003937620083387379
533	50000.0	0.010500090561557698
534	50000.0	0.014704982527414572
535	50000.0	0.007530453187088945
536	50000.0	0.04820398366768726
537	50000.0	0.0001374136674633708
538	50000.0	0.0018093031808845816
539	50000.0	0.20852583683855141
540	50000.0	0.00014282945414885762
541	50000.0	0.8029230915932063
542	50000.0	0.10797756981921791
543	50000.0	0.009782096849347867
544	50000.0	0.018452382250836247
545	50000.0	0.03457755382565072
546	50000.0	2.40790822854099
547	50000.0	0.0035729068158183866
548	50000.0	0.15073538360760846
549	50000.0	0.05470652694339383
550	50000.0	16.506906455082678
551	50000.0	4.101910125643974
552	50000.0	2.537484842075217
553	50000.0	1.908897756690402
554	50000.0	0.6523179963600813
555	50000.0	7.463181430428941
556	50000.0	6.895996383305613
557	50000.0	10.3126084064476
558	50000.0	1.7332757976546795
559	50000.0	0.2431171130110794
560	50000.0	4.625549151438733
561	50000.0	1.3939669131534114
562	50000.0	0.9796895793983265
563	50000.0	3.527446249545612
564	50000.0	20.51429164724547
565	50000.0	7.349587379588348
566	50000.0	0.7753983482945875
567	50000.0	2.707991210222498
568	50000.0	15.095826699026253
569	50000.0	4.63150345173535
570	50000.0	5.2518582176275554
571	50000.0	1.134995931994447
572	50000.0	3.0882058163114343
573	50000.0	3.3573018775309444
574	50000.0	1.7870407779504198
575	50000.0	26.87276637762534
576	50000.0	1.1519999531675684
577	50000.0	4.065831050788643
578	50000.0	2.9214778460702493
579	50000.0	0.4126078817601816
580	50000.0	0.8517068251824874
581	50000.0	46.615563934477
582	50000.0	0.8361977312240407
583	50000.0	8.950903150750499
584	50000.0	1.1944142637675852
585	50000.0	4.6448894570419865
586	50000.0	2.8745762066802283
587	50000.0	0.27544495975076744
588	50000.0	1.0102371059103674
589	50000.0	9.592607528917434
590	50000.0	0.20455662951790665
591	50000.0	0.33929873916135483
592	50000.0	0.12275579499811762
593	50000.0	1.7658598667761212
594	50000.0	9.646828344020186
595	50000.0	2.0387596635620775
596	50000.0	2.140979742620279
597	50000.0	11.116567271027417
598	50000.0	0.8733909185980938
599	50000.0	2.620605196819271
600	50000.0	0.023095615811593546
601	50000.0	0.0055158683033410955
602	50000.0	0.0025693090899186664
603	50000.0	0.16736080395099293
604	50000.0	0.026951304190130466
605	50000.0	0.014865730996745447
606	50000.0	0.011101519338793001
607	50000.0	0.0212531974749713
608	50000.0	0.0224345505018717
609	50000.0	0.01136072087627468
610	50000.0	0.019632048305088294
611	50000.0	0.005151583144851526
612	50000.0	0.008675026598937652
613	50000.0	0.01896467716892628
614	50000.0	0.02451490192811995
615	50000.0	0.023210524848826686
616	50000.0	0.011355792132730854
617	50000.0	0.029746884278274054
618	50000.0	0.009202178910220647
619	50000.0	0.018188706493668265
620	50000.0	0.0015956019322242742
621	50000.0	0.011926881501071029
622	50000.0	0.0061826150068035315
623	50000.0	0.014398827088838082
624	50000.0	0.010368721558806058
625	50000.0	0.10613336223198419
626	50000.0	0.005319358000154385
627	50000.0	0.005923130600870808
628	50000.0	0.028716131863905835
629	50000.0	0.01850968023638754
630	50000.0	1.9899982520233983
631	50000.0	0.0105181359555202
632	50000.0	0.021359346470337003
633	50000.0	0.027640304284829564
634	50000.0	0.007931075142184451
635	50000.0	0.007925740098372092
636	50000.0	0.03836567177999594
637	50000.0	0.009736610247033494
638	50000.0	0.008114384315780054
639	50000.0	0.027759941571719432
640	50000.0	0.032825161420287755
641	50000.0	0.008851298487070591
642	50000.0	0.015379252706608707
643	50000.0	0.007598684159436456
644	50000.0	0.00890078665215799
645	50000.0	0.010186832586371052
646	50000.0	0.011909102799819646
647	50000.0	0.013113372618933273
648	50000.0	0.009719211351708633
649	50000.0	0.003385044413677494
650	50000.0	9.243184105894612e-06
651	48784.8	6.00209409418452e-06
652	50000.0	1.6800303977016893e-05
653	50000.0	6.40172111401441e-05
654	50000.0	0.00011703719142556271
655	50000.0	4.992055546832986e-06
656	50000.0	3.711856362073054e-05
657	48746.4	3.6901289408061316e-05
658	50000.0	1.5222871577275088e-05
659	42932.8	3.79870919399796e-06
660	46125.6	8.457346838357299e-06
661	50000.0	0.0002458450417697607
662	50000.0	8.25755425516732e-06
663	50000.0	2.2896751804692555e-05
664	46053.6	0.000337035037852249
665	46851.6	1.9257471486114255e-05
666	50000.0	4.659061482214674e-05
667	50000.0	3.883195041503675e-05
668	50000.0	3.6742737685589346e-05
669	50000.0	7.771792775660349e-06
670	47044.8	2.4208593475256775e-05
671	50000.0	2.5375024372726636e-05
672	47011.2	7.025171186903533e-06
673	47600.4	7.73738514382052e-06
674	46142.4	9.169298868849556e-06
675	46734.0	8.871603803666457e-05
676	46930.8	3.0516384549718106e-05
677	50000.0	5.57049907534085e-05
678	50000.0	0.0001280566704402211
679	43141.6	1.8791371956470758e-05
680	50000.0	2.5286745408026487e-05
681	50000.0	0.00025938748824951886
682	50000.0	2.3829887199955488e-05
683	50000.0	2.0038724530091027e-05
684	50000.0	2.274638816114639e-05
685	50000.0	3.607159772346201e-05
686	50000.0	3.818530690839416e-05
687	50000.0	9.891719898259922e-06
688	50000.0	3.7704236754886383e-05
689	50000.0	2.5980509756305193e-05
690	50000.0	2.8316902026464283e-05
691	50000.0	1.5995894578408538e-05
692	50000.0	6.341656465355687e-05
693	50000.0	0.00013060361511225727
694	46932.0	2.5632158344649836e-05
695	50000.0	2.434258976966507e-05
696	50000.0	5.443547101397541e-06
697	50000.0	6.95271191371303e-05
698	50000.0	1.2400160561107202e-05
699	50000.0	6.362527595448958e-05
700	50000.0	3.298517899668558
701	50000.0	4.727032847590822
702	50000.0	4.776205470152195
703	50000.0	3.4829681831393273
704	50000.0	3.8380409696985396
705	50000.0	4.499633099972935
706	50000.0	3.6814538126091243
707	50000.0	3.383081747495075
708	50000.0	4.377866745234296
709	50000.0	3.1541687005789787
710	50000.0	3.084415374481206
711	50000.0	4.55491076467266
712	50000.0	3.4352938118278344
713	50000.0	5.343127394704274
714	50000.0	3.7055101020962065
715	50000.0	3.2836990097669627
716	50000.0	6.941099977354574
717	50000.0	2.6866841843025893
718	50000.0	2.478303087084902
719	50000.0	5.393445174968117
720	50000.0	2.6323268009169096
721	50000.0	2.718696496030803
722	50000.0	3.1301555409247346
723	50000.0	3.504591447298482
724	50000.0	4.339680110564742
725	50000.0	3.1670141307641826
726	50000.0	2.2416225792172595
727	50000.0	5.469048877603915
728	50000.0	3.3179270490385298
729	50000.0	4.325596971393622
730	50000.0	4.380671751819256
731	50000.0	3.9534756105303757
732	50000.0	3.1841566362851976
733	50000.0	4.65812205711499
734	50000.0	4.535937006348098
735	50000.0	2.8870559961148374
736	50000.0	2.9010568914414736
737	50000.0	2.3885875921247828
738	50000.0	3.42662511813212
739	50000.0	2.6885926170532466
740	50000.0	3.322389338569489
741	50000.0	2.6874933856741507
742	50000.0	2.114042646522372
743	50000.0	4.419609949120905
744	50000.0	2.8625827490002993
745	50000.0	2.587045749348228
746	50000.0	7.338005336229921
747	50000.0	3.68139921981291
748	50000.0	4.278388590680673
749	50000.0	2.738374796811306
750	50000.0	2.7405427320431497
751	50000.0	3.7514673857740797
752	50000.0	0.8306828874803935
753	50000.0	3.780206168096303
754	50000.0	5.508090543440979
755	50000.0	4.5562079860177445
756	50000.0	3.4345259968952258
757	50000.0	2.664429931581351
758	50000.0	2.0363858893200835
759	50000.0	2.67030892226754
760	50000.0	2.4138902914865037
761	50000.0	4.060778862435039
762	50000.0	2.8135300312505636
763	50000.0	4.4008353645859
764	50000.0	6.356546840616486
765	50000.0	3.1282958637884297
766	50000.0	2.728970148993501
767	50000.0	5.885758024746219
768	50000.0	3.8590699958615873
769	50000.0	4.59604973142483
770	50000.0	6.393248022546808
771	50000.0	3.168470737218515
772	50000.0	2.6669907429893422
773	50000.0	2.452563053320236
774	50000.0	4.935247433233901
775	50000.0	2.1568068985675155
776	50000.0	5.540873858720594
777	50000.0	2.814138458011098
778	50000.0	4.2537161413832845
779	50000.0	5.9934358829352465
780	50000.0	2.1006423831825374
781	50000.0	4.548140813839711
782	50000.0	4.5534642627347655
783	50000.0	3.311730281501692
784	50000.0	4.721804212975828
785	50000.0	5.8236077277583735
786	50000.0	2.3199840962336853
787	50000.0	4.636456505303146
788	50000.0	2.918496341144121
789	50000.0	3.401389891117797
790	50000.0	4.346610677035545
791	50000.0	2.0776109781539516
792	50000.0	2.4551988567880043
793	50000.0	2.201596108248583
794	50000.0	3.1446014061564833
795	50000.0	3.7882140659575128
796	50000.0	6.19174022045094
797	50000.0	4.4246756500373134
798	50000.0	5.680108565268287
799	50000.0	2.4414751669624044
800	50000.0	5.348879166975922
801	50000.0	7.115113893177122
802	50000.0	3.075296378762888
803	50000.0	6.713457903686894
804	50000.0	12.87170342291068
805	50000.0	5.728784132213694
806	50000.0	5.202782760165722
807	50000.0	6.283906368398792
808	50000.0	7.159638114434064
809	50000.0	13.90866304255292
810	50000.0	7.64453966359752
811	50000.0	9.1667853546714
812	50000.0	9.394468862808605
813	50000.0	9.0927561466868
814	50000.0	9.439790420641188
815	50000.0	7.0184511280688415
816	50000.0	15.513618306367897
817	50000.0	8.447100558280388
818	50000.0	9.00779471197393
819	50000.0	10.183141034601247
820	50000.0	7.212923853049999
821	50000.0	9.24393412814512
822	50000.0	6.966988387493673
823	50000.0	2.8558117858464898
824	50000.0	7.175039071945603
825	50000.0	7.40809806627188
826	50000.0	6.650952226291958
827	50000.0	3.4468435239092075
828	50000.0	6.5745046522311785
829	50000.0	4.163518174795963
830	50000.0	5.535196353879533
831	50000.0	7.51568825843048
832	50000.0	4.641565933675189
833	50000.0	4.054090440191165
834	50000.0	2.3290128506834527
835	50000.0	3.2948720212280262
836	50000.0	8.855788506652969
837	50000.0	4.599911746457145
838	50000.0	13.697601841349629
839	50000.0	3.172501196038443
840	50000.0	6.021728662145334
841	50000.0	5.326653784052393
842	50000.0	7.820239250629132
843	50000.0	4.663784332753525
844	50000.0	6.079871188078175
845	50000.0	14.416556077910986
846	50000.0	8.67540021200632
847	50000.0	7.051467493592429
848	50000.0	6.407990723917367
849	50000.0	6.608345281795816
850	50000.0	22.204068493504202
851	50000.0	28.37549038915831
852	50000.0	5.815883826583151
853	50000.0	26.38780692442979
854	50000.0	34.25455114170859
855	50000.0	19.926650665558927
856	50000.0	21.974592955377496
857	50000.0	27.358154664655626
858	50000.0	30.249694441608625
859	50000.0	52.541223361430845
860	50000.0	26.14465680522296
861	50000.0	35.5723395425336
862	50000.0	21.684533889959223
863	50000.0	26.205850899874775
864	50000.0	34.31907203981677
865	50000.0	21.763460437470574
866	50000.0	49.3545814101408
867	50000.0	24.75549932289424
868	50000.0	26.443110732934777
869	50000.0	21.98242874446713
870	50000.0	30.18555313577598
871	50000.0	37.07916449049117
872	50000.0	15.71527506299754
873	50000.0	12.43209103857715
874	50000.0	20.087770299580292
875	50000.0	16.933506863446706
876	50000.0	13.254987892603285
877	50000.0	10.265021859510801
878	50000.0	26.58325456668169
879	50000.0	12.217534223153091
880	50000.0	20.682382542121967
881	50000.0	28.477807403776033
882	50000.0	18.601686074165933
883	50000.0	11.766598333511913
884	50000.0	9.096536042986147
885	50000.0	12.06350029830391
886	50000.0	30.461217354584385
887	50000.0	18.132260458916768
888	50000.0	41.19615336840339
889	50000.0	14.107452810170988
890	50000.0	18.5332897500056
891	50000.0	23.036125232419003
892	50000.0	20.819033345552075
893	50000.0	16.249001722767332
894	50000.0	25.31767538562681
895	50000.0	47.202938402446144
896	50000.0	25.606616958783366
897	50000.0	24.137165398313662
898	50000.0	19.07152694279997
899	50000.0	22.55122644296157
900	50000.0	0.14551385735025485
901	50000.0	0.1684844849565227
902	50000.0	0.16703847793114868
903	50000.0	0.11166916355237859
904	50000.0	0.18356078107587254
905	50000.0	0.13959176758319938
906	50000.0	0.1717333951513222
907	50000.0	0.16898931963402558
908	50000.0	0.15438281381627644
909	50000.0	0.13573470347113545
910	50000.0	0.25549906920027626
911	50000.0	0.12229317889549023
912	50000.0	0.13761009946663022
913	50000.0	0.13228255647074966
914	50000.0	0.1277285517257319
915	50000.0	0.20878515554794957
916	50000.0	0.14634721247307728
917	50000.0	0.0898735950795336
918	50000.0	0.1375359153421117
919	50000.0	0.1746520153861816
920	50000.0	0.11807382509076181
921	50000.0	0.1457919846789512
922	50000.0	0.21155268465248867
923	50000.0	0.13475521191272807
924	50000.0	0.18452138234849488
925	50000.0	0.17829805818226313
926	50000.0	0.16680227213185111
927	50000.0	0.16793949390799004
928	50000.0	0.1101602803405843
929	50000.0	0.17930651917842458
930	50000.0	0.15575672438626925
931	50000.0	0.10685651771155324
932	50000.0	0.08241443855364636
933	50000.0	0.17377046688865772
934	50000.0	0.16328485611538818
935	50000.0	0.08419632022243277
936	50000.0	0.14167122556741366
937	50000.0	0.1193113279685166
938	50000.0	0.1529319621485042
939	50000.0	0.20133321841456747
940	50000.0	0.15181186519306583
941	50000.0	0.22665958109338788
942	50000.0	0.1789161380469718
943	50000.0	0.16733769290185965
944	50000.0	0.11459562631500368
945	50000.0	0.11478007700832826
946	50000.0	0.15186724724925718
947	50000.0	0.1351497477946136
948	50000.0	0.15467194546280325
949	50000.0	0.07195429497944694
950	50000.0	0.33264335720006544
951	50000.0	0.33264335720006544
952	50000.0	0.19275761095113103
953	50000.0	0.32923626062035444
954	50000.0	0.30726531239694765
955	50000.0	0.2036406757035442
956	50000.0	0.5092583621329676
957	50000.0	0.41393781890646125
958	50000.0	0.26301880591586113
959	50000.0	0.12190175368571221
960	50000.0	0.5092583621329676
961	50000.0	0.5682573990805707
962	50000.0	0.12190175368571221
963	50000.0	0.12190175368571221
964	50000.0	0.32923626062035444
965	50000.0	0.5679544490744921
966	50000.0	0.2506176062328527
967	50000.0	0.32923626062035444
968	50000.0	0.26301880591586113
969	50000.0	0.16683610677224675
970	50000.0	0.2881402265146266
971	50000.0	0.19275761095113103
972	50000.0	0.27498398025684195
973	50000.0	0.3530964252779246
974	50000.0	0.16683610677224675
975	50000.0	0.2997096286832852
976	50000.0	0.30726531239694765
977	50000.0	0.2997096286832852
978	50000.0	0.32923626062035444
979	50000.0	0.3251362767024732
980	50000.0	0.24107170353447188
981	50000.0	0.2997096286832852
982	50000.0	0.2036406757035442
983	50000.0	0.2997096286832852
984	50000.0	0.5679544490744921
985	50000.0	0.3593380701756537
986	50000.0	0.24000054421808353
987	50000.0	0.18255338247155495
988	50000.0	0.19275761095113103
989	50000.0	0.24107170353447188
990	50000.0	0.4594045035967135
991	50000.0	0.24000054421808353
992	50000.0	0.3406066424886073
993	50000.0	0.3593380701756537
994	50000.0	0.4594045035967135
995	50000.0	0.41393781890646125
996	50000.0	0.5917894225850342
997	50000.0	0.30726531239694765
998	50000.0	0.34357277363445704
999	50000.0	0.39842571028185275
1000	49599.6	0.8107602318623451
1001	42298.0	0.9408670137137424
1002	35817.2	1.2656844768035522
1003	46841.2	1.7381651723256297
1004	42302.0	1.0104283822910667
1005	46483.6	1.3417575517210105
1006	50000.0	1.9832408235468197
1007	47164.0	1.4092634924712268
1008	47053.2	1.1339905456197479
1009	47367.6	1.8248470227269435
1010	38835.6	1.388366116439396
1011	50000.0	2.131794403172564
1012	42577.6	1.313283036915293
1013	42768.0	1.3371864334910255
1014	44082.4	1.6836721005546142
1015	29260.4	6.281150504123662e-09
1016	44204.8	0.9962669210340357
1017	23284.0	0.2808269614497253
1018	50000.0	1.623311469965835
1019	42508.8	1.7979857513795892
1020	50000.0	3.8964826936095127
1021	45019.6	2.7785887577151636
1022	37476.4	1.6262072307295767
1023	50000.0	1.0974081612016593
1024	50000.0	2.0134114068848943
1025	38125.6	0.9223656658497589
1026	46679.6	1.9434255835843661
1027	34421.6	0.33214630457055183
1028	46716.0	2.6643418550477387
1029	38300.0	0.4490014012592768
1030	38244.4	0.9932165634969614
1031	50000.0	2.03291329313604
1032	47795.2	1.2096837695447693
1033	45552.4	1.0410294692613458
1034	37374.4	0.6160449899274922
1035	26920.8	4.55629749907278e-09
1036	32072.8	2.836110471445271e-08
1037	48457.2	1.2890158213172547
1038	34496.0	0.27899994287776264
1039	45787.6	1.5342702957946543
1040	42713.6	1.018700787402855
1041	45731.6	0.9974628029865859
1042	47157.6	1.5093336541812596
1043	47826.0	2.179798374697054
1044	37383.6	0.642951897078491
1045	50000.0	2.118646408633432
1046	38107.6	1.330914275473607
1047	45753.2	0.8717010201448983
1048	38233.2	0.7883073647498563
1049	50000.0	1.5748713552062135
1050	43716.8	1.7318874488661309
1051	26958.8	6.243001659899828e-09
1052	49681.2	1.8190165795382491
1053	28327.6	0.26468569371392126
1054	37482.0	1.523521084468176
1055	45055.2	2.04725634363799
1056	50000.0	0.6918581175222164
1057	26229.2	0.8742757935787082
1058	39412.8	0.7313006318765624
1059	34846.4	0.39105830574722317
1060	35310.8	0.5929262090375642
1061	43775.6	2.4016033106725363
1062	46316.4	1.12793074288713
1063	47281.6	1.3685014711124608
1064	44618.8	5.173034206557103
1065	40375.2	0.9839277095353408
1066	46553.6	1.0477056912458838
1067	50000.0	1.8585988835931684
1068	38754.0	0.5062788389646249
1069	42586.8	2.432681167116523
1070	35183.6	0.138372141213013
1071	50000.0	2.3293538331084904
1072	41061.2	1.0362224363824644
1073	31622.4	0.33387226449043833
1074	50000.0	1.955000128548334
1075	47265.6	2.533769843837939
1076	44663.2	1.8646480763065383
1077	38370.0	1.8088379415676006
1078	34202.8	6.796628391577345e-09
1079	34371.6	0.5865002927124082
1080	37519.2	1.4728330559590248
1081	27110.0	0.19550001075833584
1082	46270.8	0.6112479073133269
1083	27464.0	4.520287953672726e-09
1084	50000.0	1.7836468364491072
1085	42233.2	0.7248764761501433
1086	30670.8	0.5864996635675923
1087	36276.4	0.3459481534020966
1088	46720.8	0.6226781665945119
1089	46788.0	4.781985907264091
1090	49978.8	1.8978061873215772
1091	34254.8	0.9347214258541399
1092	50000.0	4.31487769836774
1093	40074.0	0.34593778553650034
1094	43023.2	1.6116786755261123
1095	31295.2	0.13838529297786992
1096	43278.8	0.4151178896332727
1097	27834.4	0.0691860933555537
1098	22815.6	5.700499306148197e-09
1099	50000.0	3.5549208097527147
1100	50000.0	0.9180740928037261
1101	50000.0	0.7944261895038591
1102	50000.0	0.6850874350025531
1103	50000.0	0.35498767943513765
1104	50000.0	0.8231954417056853
1105	50000.0	0.9231575233555201
1106	50000.0	0.8538789882581822
1107	50000.0	1.042959475433523
1108	50000.0	0.9608707442729086
1109	50000.0	0.700428101853485
1110	50000.0	0.7728722151043981
1111	50000.0	0.8574252651272859
1112	50000.0	0.801699095886901
1113	50000.0	0.7764006581644671
1114	50000.0	0.9353503820879674
1115	50000.0	0.6884007965646719
1116	50000.0	0.7988857110767056
1117	50000.0	0.7332010657656414
1118	50000.0	0.7790939386490108
1119	50000.0	0.8848718017123598
1120	50000.0	1.0532390095643822
1121	50000.0	0.7130058951001611
1122	50000.0	0.6748695375279018
1123	50000.0	0.4505314524049552
1124	50000.0	0.6520779111170911
1125	50000.0	0.6790120376913925
1126	50000.0	0.8045592172261713
1127	50000.0	0.6629947374540953
1128	50000.0	0.8117650880631251
1129	50000.0	0.8503440380178668
1130	50000.0	0.8598088375581817
1131	50000.0	0.8961721220725248
1132	50000.0	0.7695566969698491
1133	50000.0	0.8733200669335013
1134	50000.0	0.8754717456754619
1135	50000.0	0.846478216071063
1136	50000.0	0.8077470767572941
1137	50000.0	0.7605256115588324
1138	50000.0	1.130122215201095
1139	50000.0	0.6151972890609377
1140	50000.0	0.5627885051593244
1141	50000.0	0.6293179149416477
1142	50000.0	1.0084509374299198
1143	50000.0	0.7775189735368928
1144	50000.0	0.5446863112219321
1145	50000.0	0.5291467003972227
1146	50000.0	0.6990938014884921
1147	50000.0	0.8644741118919288
1148	50000.0	0.8428368997605951
1149	50000.0	0.7731759089280683
1150	50000.0	7.228226431969722
1151	50000.0	6.090331582361333
1152	50000.0	5.71259409669345
1153	50000.0	4.509788448808934
1154	50000.0	7.111436770920018
1155	50000.0	3.714424488882294
1156	50000.0	5.322451789346666
1157	50000.0	9.34033533229182
1158	50000.0	6.253791068240497
1159	50000.0	6.915483264880852
1160	50000.0	7.5074736254483225
1161	50000.0	5.596774811812418
1162	50000.0	7.577640737680076
1163	50000.0	5.062873294335328
1164	50000.0	5.095056917709144
1165	50000.0	5.766108227517402
1166	50000.0	4.235282558923347
1167	50000.0	4.825896907452239
1168	50000.0	8.357080521982699
1169	50000.0	6.082096063452787
1170	50000.0	7.999654237678381
1171	50000.0	4.817274113334412
1172	50000.0	4.451390394510829
1173	50000.0	8.182256340664823
1174	50000.0	7.842485655595018
1175	50000.0	5.910387396278749
1176	50000.0	3.5275629262262918
1177	50000.0	3.2168245454730373
1178	50000.0	4.164275234767814
1179	50000.0	3.35945930816154
1180	50000.0	9.139018135669584
1181	50000.0	7.301825832148417
1182	50000.0	3.631666588062669
1183	50000.0	9.891676837253659
1184	50000.0	5.011965948221302
1185	50000.0	6.21056576420222
1186	50000.0	7.735099357270475
1187	50000.0	8.943805614098494
1188	50000.0	5.370078352848292
1189	50000.0	5.702102046846012
1190	50000.0	4.922971723698755
1191	50000.0	6.053653455824039
1192	50000.0	4.844476824434864
1193	50000.0	8.71650427158976
1194	50000.0	8.939846673236593
1195	50000.0	4.583532802398489
1196	50000.0	6.051338930967421
1197	50000.0	5.807327807221534
1198	50000.0	7.861955705657951
1199	50000.0	5.845120093783952
