	0	1
0	603.6	6.273260708236261e-09
1	541.2	7.339091004980886e-09
2	717.6	6.63029610646461e-09
3	654.0	6.559852004055964e-09
4	620.4	6.588430332515191e-09
5	590.4	7.48657467712072e-09
6	543.6	6.121538773667183e-09
7	560.4	7.160906035993659e-09
8	630.0	5.740539002100613e-09
9	586.8	6.974352710725824e-09
10	661.2	4.619164561635671e-09
11	592.8	7.426634047475405e-09
12	622.8	5.465060630017007e-09
13	630.0	6.938923294656564e-09
14	592.8	5.86898478545145e-09
15	601.2	7.362812101772381e-09
16	630.0	5.322768350364306e-09
17	604.8	6.728316603350108e-09
18	585.6	7.187365375356494e-09
19	606.0	6.3115384052754864e-09
20	589.2	7.105451211269669e-09
21	579.6	6.647525122397711e-09
22	630.0	7.297059565782116e-09
23	680.4	6.07581631947682e-09
24	524.4	6.073644133708066e-09
25	586.8	5.6779228925551245e-09
26	636.0	6.466719627660385e-09
27	622.8	6.914552167910828e-09
28	603.6	6.470679527853451e-09
29	608.4	6.786993121561197e-09
30	535.2	6.06520225934506e-09
31	620.4	6.8617573062528444e-09
32	642.0	5.418115731385138e-09
33	572.4	7.568302045112087e-09
34	618.0	5.1663574000997194e-09
35	561.6	7.314411876657397e-09
36	589.2	7.472886854159873e-09
37	600.0	6.455039772213879e-09
38	573.6	6.388247027250997e-09
39	616.8	6.921504710204996e-09
40	621.6	5.831765511280305e-09
41	616.8	6.338480274786694e-09
42	584.4	5.798451846879917e-09
43	622.8	7.4286154209675575e-09
44	604.8	7.486005698354993e-09
45	591.6	5.2523876563527785e-09
46	580.8	6.2419334820621195e-09
47	669.6	6.79967231308743e-09
48	532.8	5.655684079766853e-09
49	600.0	6.470673331611215e-09
50	3278.4	6.371782205574692e-09
51	2978.4	6.517511187147358e-09
52	3064.8	6.326097707575391e-09
53	3183.6	6.315460246540938e-09
54	3254.4	6.479036285566824e-09
55	2823.6	7.452402698429014e-09
56	3237.6	6.205018885315189e-09
57	3026.4	7.438121861754179e-09
58	3189.6	6.5816690739599e-09
59	3170.4	6.997297328586355e-09
60	3091.2	6.906389971979725e-09
61	3202.8	7.291279087739455e-09
62	2946.0	6.1843516389762076e-09
63	3100.8	6.662014320569696e-09
64	3019.2	5.933131077274688e-09
65	3100.8	6.231057517993297e-09
66	3194.4	4.506285044821545e-09
67	3092.4	6.479855518659254e-09
68	3106.8	7.012392415949648e-09
69	3273.6	5.590917134848577e-09
70	3242.4	5.791003133156207e-09
71	3276.0	5.947820580011654e-09
72	3066.0	6.354208567453239e-09
73	3076.8	6.720517769360577e-09
74	3145.2	6.783065993455156e-09
75	3094.8	7.482258512071849e-09
76	3063.6	6.886777060610479e-09
77	2972.4	5.8167572155679945e-09
78	3124.8	6.498395519681126e-09
79	2829.6	7.320927618112525e-09
80	2991.6	5.891933460478954e-09
81	3142.8	5.921903864983176e-09
82	2914.8	7.6751250824294e-09
83	3139.2	7.3850243512126285e-09
84	3128.4	6.715379455283159e-09
85	2986.8	6.379485205362686e-09
86	3360.0	6.855457536046555e-09
87	3108.0	7.413728885733023e-09
88	3190.8	6.528145500749158e-09
89	3033.6	5.950130491951056e-09
90	2852.4	6.787925463687318e-09
91	3048.0	6.948799995461475e-09
92	3290.4	6.039554425206854e-09
93	3049.2	6.428495832795908e-09
94	3157.2	7.897064228923517e-09
95	3378.0	7.338458325055578e-09
96	3098.4	5.5439264202020125e-09
97	3133.2	6.25915191223155e-09
98	3034.8	5.573165501220442e-09
99	2994.0	6.466374202003523e-09
100	46025.4	0.5977977482885094
101	40120.0	0.40487809169862415
102	35404.8	0.5487563137952612
103	30106.0	0.49747953329327643
104	39629.8	0.47796739275995953
105	28314.6	0.23963716947900524
106	23571.0	0.0994959274232841
107	36024.0	0.6964713424842996
108	34547.6	0.36614380091038373
109	24067.4	0.0011706933248534675
110	25070.0	0.3695549413799843
111	43237.8	0.6964713413985867
112	33775.8	0.4974795326068608
113	35435.8	0.5969754371578553
114	44088.6	0.8954631523097932
115	23678.6	0.19899181646127465
116	39963.2	0.6964713419011528
117	43196.8	0.989552520976719
118	38782.8	0.4341349658835374
119	31064.2	0.3979913434617488
120	33736.6	0.5969754358913285
121	46989.6	0.7959678771765443
122	36010.0	0.5975730181044409
123	31281.8	0.19899181605397845
124	33552.4	0.5969754384039703
125	35386.6	0.19899183483497668
126	43887.2	0.7959672473113484
127	37911.2	0.5969755703852215
128	37275.6	0.5896594034745558
129	37464.6	0.4974795309227827
130	38146.6	0.3316047893754768
131	37995.8	0.4974795311477719
132	44134.0	0.6387775988843878
133	40741.2	0.596975438283633
134	44150.0	0.994959058602268
135	38632.0	0.7959672470067519
136	29723.2	0.397983626287156
137	41850.0	0.6964759032605646
138	32981.8	0.3979836260134314
139	45167.6	1.2931844195372322
140	40630.8	0.8954631533435455
141	36106.6	0.49747953144050205
142	38616.2	0.7959672473220337
143	42857.4	0.7500646556383403
144	40129.8	0.5970087941637854
145	37108.8	0.5969754371221969
146	35705.8	0.4974795305263434
147	41138.6	0.5969754370197945
148	46022.8	0.6964722959041103
149	37536.0	0.5969754363951881
150	50000.0	3.4823561961973333
151	50000.0	3.6187136919277214
152	50000.0	3.482796115482933
153	50000.0	3.1281830184601596
154	50000.0	3.4823565042001037
155	50000.0	2.9848776300952133
156	50000.0	3.0843958932659317
157	50000.0	3.5818526055358455
158	50000.0	2.885381265753766
159	50000.0	2.8853812687247067
160	50000.0	3.084373426623358
161	50000.0	3.283364399036123
162	50000.0	3.0843725822444368
163	50000.0	3.6813480074632645
164	50000.0	3.2833668669656197
165	50000.0	3.1838705564300143
166	50000.0	2.885434977592678
167	50000.0	3.1838684790197287
168	50000.0	3.392669507589904
169	50000.0	2.9848771713895554
170	50000.0	3.341623477605156
171	50000.0	2.8853812655705435
172	50000.0	3.5731168167249927
173	50000.0	3.084373076989207
174	50000.0	2.8853812790866997
175	50000.0	2.756918614019456
176	50000.0	2.7889201217398054
177	50000.0	3.4409903971382754
178	50000.0	3.5226138640731692
179	50000.0	3.0844225409333057
180	50000.0	2.586899411790252
181	50000.0	2.9848771972202726
182	50000.0	3.68134750368136
183	50000.0	4.0147069388973
184	50000.0	3.185983901998436
185	50000.0	3.9798352389961416
186	50000.0	3.7808434604879553
187	50000.0	3.581852607297191
188	50000.0	2.454813215045475
189	50000.0	4.876423951505599
190	50000.0	3.6128488361626494
191	50000.0	3.084628277108829
192	50000.0	3.283366037094896
193	50000.0	3.615813961656334
194	50000.0	3.4922143526488476
195	50000.0	3.0718272375198175
196	50000.0	3.0843781890470887
197	50000.0	3.4593038668659206
198	50000.0	3.283364888408117
199	50000.0	3.4823561979589903
200	127.2	0.0
201	116.4	0.0
202	98.4	0.0
203	104.4	0.0
204	110.4	0.0
205	148.8	0.0
206	112.8	0.0
207	110.4	0.0
208	94.8	0.0
209	127.2	0.0
210	112.8	0.0
211	103.2	0.0
212	153.6	0.0
213	116.4	0.0
214	130.8	0.0
215	120.0	0.0
216	104.4	0.0
217	127.2	0.0
218	110.4	0.0
219	110.4	0.0
220	123.6	0.0
221	110.4	0.0
222	114.0	0.0
223	109.2	0.0
224	110.4	0.0
225	134.4	0.0
226	129.6	0.0
227	110.4	0.0
228	110.4	0.0
229	130.8	0.0
230	134.4	0.0
231	126.0	0.0
232	112.8	0.0
233	112.8	0.0
234	110.4	0.0
235	112.8	0.0
236	115.2	0.0
237	153.6	0.0
238	123.6	0.0
239	109.2	0.0
240	98.4	0.0
241	94.8	0.0
242	127.2	0.0
243	110.4	0.0
244	126.0	0.0
245	109.2	0.0
246	109.2	0.0
247	94.8	0.0
248	106.8	0.0
249	114.0	0.0
250	2889.6	8.08307117323731e-10
251	3116.4	9.522747864163245e-10
252	3112.8	8.523500584705467e-10
253	3306.0	9.69683353308099e-10
254	3321.6	7.098319636154092e-10
255	3417.6	9.365396906953593e-10
256	3406.8	7.835126719693648e-10
257	3361.2	9.870267076959456e-10
258	3223.2	9.213673057098007e-10
259	3159.6	9.161598105976816e-10
260	3230.4	9.586901829744673e-10
261	2929.2	1.004773013880527e-09
262	3452.4	8.522674377922367e-10
263	2960.4	9.370811860540407e-10
264	3097.2	9.240852846508835e-10
265	3010.8	8.810554796310439e-10
266	3201.6	9.502419182399759e-10
267	3451.2	1.0397156849921963e-09
268	3159.6	8.488628386845325e-10
269	2997.6	1.0114434382123545e-09
270	3110.4	8.277637423347247e-10
271	3430.8	9.64876346971548e-10
272	2775.6	9.268969015916471e-10
273	3259.2	9.828523743230252e-10
274	3301.2	9.288756070296629e-10
275	3267.6	8.785769981309096e-10
276	2857.2	8.981824532691909e-10
277	3405.6	1.0063447302001897e-09
278	3073.2	8.263516088700094e-10
279	3217.2	9.523719859022015e-10
280	3039.6	9.742291244777347e-10
281	3284.4	9.015367858262557e-10
282	3457.2	8.881839606760575e-10
283	3398.4	1.0217122881564926e-09
284	3495.6	9.019553008581566e-10
285	3186.0	9.725528126815175e-10
286	3164.4	8.686431050668618e-10
287	3018.0	7.228848572616595e-10
288	2912.4	9.15913850595294e-10
289	3159.6	1.0218384109864768e-09
290	3181.2	9.902937238741975e-10
291	3460.8	1.0122248678156115e-09
292	2864.4	1.0075649823408153e-09
293	3087.6	9.501791810497218e-10
294	3201.6	9.172460838402635e-10
295	2971.2	9.522961578263893e-10
296	3222.0	8.459877508453027e-10
297	3052.8	9.024761146014453e-10
298	3428.4	9.519016039156742e-10
299	3090.0	9.319712692046165e-10
300	2110.6	0.0
301	50000.0	92.94000000491931
302	50000.0	35.3500000040831
303	50000.0	3.8200000051534326
304	50000.0	21.750000005708237
305	50000.0	64.7900000042917
306	50000.0	54.070000003782674
307	4866.4	0.0
308	50000.0	22.630000005808153
309	50000.0	15.540000005372983
310	2234.2	0.0
311	50000.0	396.04000000471194
312	50000.0	128.1100000041177
313	3650.0	0.0
314	50000.0	311.01000000458004
315	5913.0	0.0
316	50000.0	29.2600000055293
317	15377.2	0.0
318	50000.0	43.19000000345415
319	50000.0	1000.0000000038515
320	50000.0	290.9700000025555
321	10939.4	0.0
322	2435.4	0.0
323	6462.2	0.0
324	50000.0	412.9200000048844
325	50000.0	216.94000000393052
326	50000.0	117.50000000366973
327	50000.0	53.4800000037789
328	50000.0	7.780000005592655
329	50000.0	72.60000000441087
330	4469.4	0.0
331	50000.0	14.650000003940306
332	4380.6	0.0
333	50000.0	10.210000004630954
334	50000.0	39.06000000595269
335	3777.8	0.0
336	50000.0	263.2000000042058
337	50000.0	14.1400000040517
338	50000.0	42.420000005004994
339	50000.0	2.350000002211439
340	5360.2	0.0
341	2997.8	0.0
342	50000.0	675.0100000034741
343	2239.6	0.0
344	6299.2	0.0
345	1362.0	0.0
346	50000.0	56.81000000575635
347	50000.0	42.09000000438074
348	50000.0	45.79000000504835
349	2928.8	0.0
350	2995.2	7.745857564859117e-09
351	8265.2	0.0006326853028401559
352	4248.0	5.75992485671381e-09
353	2914.8	7.52886928223863e-09
354	3385.2	5.0369999178508395e-09
355	2881.2	6.972578036323637e-09
356	2947.2	6.413308004887262e-09
357	2862.0	6.653653871290486e-09
358	2980.8	6.857038503568182e-09
359	3188.4	6.4430993726659205e-09
360	3060.0	6.308010195978622e-09
361	2868.0	5.629854271636856e-09
362	2877.6	7.068904221003134e-09
363	4471.2	5.541450259116745e-09
364	3522.0	4.6526524862475065e-09
365	3207.6	7.871091151664823e-09
366	2884.8	6.462952089367304e-09
367	2662.8	5.987763579832699e-09
368	3079.2	6.49662848473363e-09
369	4270.8	6.271895352372183e-09
370	2958.0	7.52812093325424e-09
371	3400.8	6.7735808205422814e-09
372	3740.4	5.97743377418058e-09
373	3490.8	5.633015849957409e-09
374	3246.0	5.9714168078290964e-09
375	2890.8	5.8231568545194285e-09
376	3147.6	6.5790933606493e-09
377	8759.6	0.012501770918918945
378	2803.2	6.811298874040082e-09
379	3512.4	6.887695327065776e-09
380	2871.6	7.584910525057806e-09
381	2835.6	4.387794439781056e-09
382	8074.4	0.0025536138117889947
383	3472.8	6.999355418311105e-09
384	2944.8	7.462050128430302e-09
385	3262.8	7.299274077864052e-09
386	2869.2	5.7942502929172735e-09
387	6796.2	4.963354649641113e-09
388	3974.4	7.375895701860604e-09
389	3726.0	5.6494320053623665e-09
390	2841.6	6.599118716756568e-09
391	2646.0	7.108412726128968e-09
392	3392.4	6.742856882440308e-09
393	2983.2	7.012807019302049e-09
394	3547.2	6.514189295794713e-09
395	2894.4	5.972341643939279e-09
396	3513.6	5.888435734909368e-09
397	3634.8	6.863490790128548e-09
398	2925.6	7.207551869694202e-09
399	3045.6	6.109052151307545e-09
400	2809.2	6.850789565618341e-09
401	2931.6	7.546299461687214e-09
402	3171.6	5.065490795227255e-09
403	2906.4	5.593853977343388e-09
404	2574.0	7.4313412429673345e-09
405	2673.6	5.165397413671507e-09
406	3070.8	6.3316849051620724e-09
407	2862.0	5.478134162703136e-09
408	2756.4	5.737818070935528e-09
409	2503.2	6.92744771344812e-09
410	2215.2	6.685300845714511e-09
411	2756.4	6.4905113212836415e-09
412	2784.0	6.0782810022501225e-09
413	2775.6	6.306336722856032e-09
414	2733.6	6.543219157866345e-09
415	2686.8	6.576788973114967e-09
416	3236.4	6.39106341878654e-09
417	2390.4	6.465832674865268e-09
418	2612.4	5.395372996691246e-09
419	2929.2	7.880319919235987e-09
420	2868.0	7.180385943894534e-09
421	3234.0	6.265016506222754e-09
422	2692.8	7.385339417448581e-09
423	2805.6	6.774975186509668e-09
424	3236.4	6.042799332928126e-09
425	2914.8	7.38016338050166e-09
426	2772.0	6.2439817662618955e-09
427	3276.0	5.85344468719617e-09
428	2769.6	4.644038864587127e-09
429	7571.6	7.75386870262402e-09
430	3266.4	6.886791047024015e-09
431	2820.0	6.485930087647319e-09
432	2863.2	7.135302879762538e-09
433	3014.4	4.894014347295321e-09
434	3166.8	5.909792128124758e-09
435	2448.0	6.9384422971982725e-09
436	2695.2	7.12901966188858e-09
437	2697.6	6.9659105848580384e-09
438	2726.4	6.267561890506867e-09
439	7852.4	0.0003241371950516282
440	2724.0	6.2060772300172165e-09
441	2780.4	6.6357252264863595e-09
442	7415.6	0.0011865181888006519
443	3031.2	7.415603477601237e-09
444	2736.0	6.145058773801271e-09
445	4396.8	7.150489577348807e-09
446	2910.0	7.767440160081684e-09
447	3103.2	6.995935534402598e-09
448	2818.8	6.999537216111698e-09
449	2778.0	6.9285226556203395e-09
450	2937.6	5.583841793720459e-09
451	3110.4	5.4392908352197275e-09
452	2966.4	6.798227993163049e-09
453	2774.4	7.110570846378977e-09
454	3283.2	7.489187726555608e-09
455	3097.2	7.108091997384549e-09
456	2991.6	6.232179331803622e-09
457	3393.6	6.240677986066609e-09
458	2965.2	8.032638951415681e-09
459	3128.4	5.9654230693389575e-09
460	3210.0	6.359875037667222e-09
461	3406.8	6.701236349557913e-09
462	2767.2	5.24731693261488e-09
463	3070.8	6.718198807422139e-09
464	2844.0	5.450219211801122e-09
465	2931.6	5.855414410168202e-09
466	3032.4	7.979536999675461e-09
467	2966.4	7.009735931907873e-09
468	3182.4	6.4778812469251616e-09
469	3106.8	4.870309574588816e-09
470	3024.0	6.239798943762259e-09
471	3082.8	4.558566879468214e-09
472	3081.6	6.776687180835869e-09
473	2946.0	6.792921636717938e-09
474	2941.2	5.462119716761452e-09
475	3288.0	6.638704752291114e-09
476	2954.4	8.317494507145297e-09
477	3134.4	6.727678858100611e-09
478	3235.2	6.9306966693877365e-09
479	3069.6	5.7215753618283115e-09
480	3180.0	7.2799226305481785e-09
481	3283.2	5.616815199449107e-09
482	3238.8	5.421224578359536e-09
483	3074.4	5.566580114637998e-09
484	3097.2	6.336239424639225e-09
485	3148.8	7.2955350376930475e-09
486	3354.0	6.01692084952373e-09
487	2990.4	5.382408382076263e-09
488	3144.0	7.630918541186571e-09
489	3135.6	7.021809269390013e-09
490	3126.0	6.484012150958055e-09
491	3175.2	4.699750921872286e-09
492	2905.2	6.143191843713158e-09
493	3166.8	6.907550316255949e-09
494	3332.4	6.260670401635976e-09
495	3294.0	7.145236285544287e-09
496	3235.2	5.9942535855468555e-09
497	3087.6	6.261121314031251e-09
498	3153.6	5.181539679867455e-09
499	3109.2	6.637452714052294e-09
500	3526.8	7.011854184937184e-09
501	3568.8	6.597952652760962e-09
502	3488.4	7.0268737587687515e-09
503	3645.6	6.662634466629099e-09
504	3495.6	7.695320440714472e-09
505	3336.0	5.951009546759455e-09
506	3602.4	7.268106648727253e-09
507	3487.2	7.179438677725842e-09
508	3564.0	7.798074895581033e-09
509	3508.8	5.7181460441699026e-09
510	3594.0	6.571750951922293e-09
511	4708.8	6.1377711916261e-09
512	3478.8	6.2911816021242725e-09
513	3760.8	5.953829479410827e-09
514	3450.0	7.297163910184418e-09
515	3501.6	6.523564337299947e-09
516	3500.4	5.428209633394275e-09
517	3447.6	7.365643356985498e-09
518	3726.0	5.903785677944823e-09
519	3502.8	6.4540961623772204e-09
520	3615.6	6.67834622551724e-09
521	3174.0	6.734851290373678e-09
522	3406.8	6.117436087881732e-09
523	3420.0	7.30038920089845e-09
524	3751.2	6.581661785690918e-09
525	3666.0	6.307612720764936e-09
526	3741.6	6.126778545078902e-09
527	3306.0	6.973272312645562e-09
528	3538.8	5.118762424499112e-09
529	3486.0	6.998400912813154e-09
530	3528.0	7.746059780974228e-09
531	3376.8	5.406722181534065e-09
532	3502.8	6.728812251138303e-09
533	3307.2	7.461691238504564e-09
534	3453.6	6.318835040131375e-09
535	3502.8	5.504569444975586e-09
536	3522.0	8.07000559794624e-09
537	3457.2	6.635809859135597e-09
538	3460.8	7.2512658721607686e-09
539	3687.6	5.983976507892224e-09
540	3429.6	6.5057481582603865e-09
541	4554.0	6.264493737406521e-09
542	3334.8	7.0644179840372485e-09
543	3669.6	6.5292616727778855e-09
544	3584.4	7.019348392731029e-09
545	3469.2	6.505017514355593e-09
546	3720.0	5.257577397596196e-09
547	3451.2	5.618015483129515e-09
548	3476.4	6.785614235745501e-09
549	3616.8	6.8105038280023314e-09
550	11675.6	2.1042300786711212e-08
551	7956.0	8.504973335349284e-09
552	4057.2	7.457772136336195e-09
553	8392.8	8.634253734250412e-09
554	3619.2	7.259767541718346e-09
555	4260.0	7.770435212511705e-09
556	8220.0	8.711523064305033e-09
557	3194.4	7.46360133199155e-09
558	12014.0	2.806908050082834e-08
559	4165.2	6.93937308243089e-09
560	3156.0	6.6964346454663625e-09
561	15440.8	0.00023838058723421205
562	3358.8	6.775120873033953e-09
563	3296.4	6.189118831404095e-09
564	33756.0	0.030836228857349275
565	13559.6	9.51131303611913e-09
566	21300.0	4.810571992338699e-06
567	8198.4	8.702821873327725e-09
568	14258.0	1.657289524196354e-07
569	16662.4	1.976617762452626e-08
570	7813.2	8.936563230940566e-09
571	11847.2	2.4806155155569436e-05
572	16445.2	0.00021347219419583555
573	29843.2	0.0016699508224911816
574	11637.2	1.1006537363914215e-08
575	6811.2	8.736113992654771e-09
576	3076.8	6.754944694051667e-09
577	3076.8	6.087162338330483e-09
578	25032.8	0.0008698861730050828
579	8106.0	8.528926954294117e-09
580	23475.2	1.045618299495568e-05
581	21198.0	2.417831476391851e-06
582	8335.2	8.928700609388545e-09
583	8350.8	8.766136039836715e-09
584	4432.8	7.171593892525264e-09
585	25143.2	8.617490374529266e-06
586	13256.0	1.5049093947424013e-07
587	3609.6	6.8243860060623755e-09
588	12328.4	7.095967250856053e-05
589	12950.0	0.0008352053286936681
590	11013.2	7.346772039600255e-08
591	6115.2	8.658386041634756e-09
592	3423.6	5.53441705275443e-09
593	17384.8	7.991118336903953e-07
594	6064.8	8.518166219564242e-09
595	4870.8	7.386718882248835e-09
596	13122.8	2.502171360843128e-06
597	7704.0	8.630855502892325e-09
598	6027.6	8.471116429294956e-09
599	6056.4	7.590052661798e-09
600	50000.0	0.015530259478779696
601	41171.2	0.0008620009363646669
602	45848.6	0.0038174155755908235
603	50000.0	0.025674641788018093
604	41917.6	0.0011323527023260737
605	45385.2	0.0008334094259021922
606	27400.0	0.005156322039590762
607	45422.4	0.08201505300513154
608	41417.2	0.013941975587891306
609	50000.0	0.0069525839828173345
610	37376.0	0.00037661611947553263
611	36446.0	0.0006840420182058539
612	45486.0	0.025225537311586714
613	41686.0	0.0004158991596372218
614	50000.0	0.020536865295864296
615	45667.2	0.0037874091355127723
616	37817.6	0.0011037220302564331
617	37892.4	8.496295561494201e-05
618	50000.0	0.0039584570943074025
619	46122.4	0.004729136944243135
620	37650.8	0.004700995983011257
621	50000.0	0.05733912776428601
622	50000.0	0.009272441335516714
623	50000.0	0.014579853136211008
624	41588.8	5.186717474429119e-05
625	37583.2	0.009575211883935808
626	50000.0	0.01802115264467303
627	50000.0	0.0020000071828405745
628	45448.8	0.003359427325539411
629	50000.0	0.026062692579291103
630	50000.0	0.013410668180703236
631	37238.0	3.8229409493409324e-05
632	41533.6	0.0018637856812096592
633	50000.0	0.018469490388252678
634	36973.2	0.02837757024159975
635	46189.2	0.0009560743298284503
636	50000.0	0.002481427987135418
637	45610.8	0.010330437937433485
638	50000.0	0.007686677981289627
639	45499.2	0.015770415180613763
640	41784.4	0.0006392469161562063
641	41332.0	0.0020642268551650475
642	46024.8	0.0006884530974721419
643	33154.8	0.00027825613489343973
644	37036.4	0.0692055640080618
645	45319.2	0.007350826730177824
646	45406.8	0.006984604311336115
647	45625.2	2.8709372098564118e-05
648	37005.2	0.0024043474982088316
649	50000.0	0.02280935950424372
650	3634.8	9.082865439270227e-09
651	3280.8	8.198278468349713e-09
652	3522.0	9.186146939151662e-09
653	3722.4	8.913134089521537e-09
654	3644.4	9.079676630200515e-09
655	3694.8	9.118758111494275e-09
656	3606.0	8.673392886365286e-09
657	3553.2	8.869014347298423e-09
658	3487.2	8.898131377129747e-09
659	3643.2	9.079664769403651e-09
660	3840.0	8.593814558174621e-09
661	3416.4	9.02934615271328e-09
662	3606.0	8.647353739514227e-09
663	3945.6	9.426044213921008e-09
664	3678.0	9.169352090966747e-09
665	3678.0	9.134657462807002e-09
666	3958.8	8.805185984394344e-09
667	3626.4	9.346880108115473e-09
668	3612.0	8.519690098616244e-09
669	3753.6	9.248780080230362e-09
670	3750.0	8.423767042724478e-09
671	3608.4	8.266727985099494e-09
672	3628.8	8.98462071192693e-09
673	3837.6	9.094749089008958e-09
674	3669.6	9.069043916674028e-09
675	3458.4	9.426569491517247e-09
676	3682.8	8.54806928504184e-09
677	3762.0	8.998568787648961e-09
678	3819.6	9.266246415553021e-09
679	3753.6	9.474606325059894e-09
680	3585.6	9.570724296838805e-09
681	3519.6	8.323823596445917e-09
682	3646.8	9.464026491156721e-09
683	3734.4	9.100885791380639e-09
684	3649.2	8.80014738087389e-09
685	3627.6	9.182865805239088e-09
686	3663.6	9.21680892278519e-09
687	3609.6	8.700065846036727e-09
688	3386.4	8.68221801432066e-09
689	3895.2	9.414973303698746e-09
690	3754.8	9.286388669165825e-09
691	3829.2	8.613649874476567e-09
692	3720.0	8.932492567705858e-09
693	3520.8	9.061059453416048e-09
694	3732.0	8.68488770743193e-09
695	3391.2	9.241773172506328e-09
696	3510.0	9.146942130793208e-09
697	3685.2	9.59186865790199e-09
698	3897.6	8.379152000527302e-09
699	3607.2	9.021473361885037e-09
700	19434.0	1.5037543001731978e-06
701	13798.8	4.9025035706307066e-09
702	20074.4	4.801872889838479e-09
703	20338.0	6.505085511655521e-09
704	39289.8	0.2984888833703752
705	25792.0	0.061581035667245675
706	19354.4	5.351932125794982e-09
707	17328.6	6.2964764803814425e-09
708	20886.4	5.443708343965472e-09
709	27622.2	2.0239995333876528e-05
710	29158.6	0.09949590988212399
711	14904.0	0.09949591079242397
712	23489.6	6.87999420695323e-09
713	15400.2	7.164519235005361e-09
714	25205.8	0.004159479274674879
715	32002.2	0.1989918283854387
716	16289.8	0.09949591042376765
717	27911.8	0.19899181702634963
718	28011.4	3.1268431544053617e-07
719	24228.4	6.5954166395752644e-06
720	21458.4	5.676687490179822e-09
721	24855.4	5.710559251663641e-09
722	17703.2	6.747051249899562e-09
723	32342.0	0.19899181630146562
724	31808.6	0.09949903473549697
725	19521.8	3.060873099565093e-08
726	18094.0	0.0994959104392038
727	24806.4	0.09949591081657791
728	29509.0	0.3993528163858874
729	27263.0	0.09949591143298889
730	26756.0	0.09949591026620631
731	17647.4	6.409722509276054e-09
732	24417.2	0.09949592338618178
733	33620.4	0.19899181561222157
734	23583.4	0.09949591160367854
735	24152.0	0.11692626194618869
736	33391.4	0.09949595413456347
737	29617.8	0.19899182265739795
738	23322.0	8.175611849888272e-09
739	31043.8	0.0994978453270221
740	22532.4	0.09949591125113601
741	23314.0	5.872691002743559e-09
742	25154.6	0.19899181672791452
743	22322.2	0.09949591102018542
744	20349.2	4.881750594110463e-09
745	22874.2	0.09949591123701422
746	40335.4	0.3812505298016462
747	18753.8	5.601236556182285e-09
748	24691.4	0.19899181693693802
749	23283.0	0.026817719017266532
750	50000.0	3.2320831408301904
751	50000.0	4.1523041158674365
752	50000.0	2.250534908829706
753	50000.0	3.4465688260803153
754	50000.0	5.545828865602526
755	50000.0	5.195553390893349
756	50000.0	2.422845782105413
757	50000.0	2.0756077274304268
758	50000.0	2.5333549207668926
759	50000.0	2.6580080163170816
760	50000.0	3.1682874856520757
761	50000.0	3.77174006302401
762	50000.0	2.3392838169587096
763	50000.0	4.539106371655013
764	50000.0	5.282581366880247
765	50000.0	2.564187613510137
766	50000.0	3.194431532866432
767	50000.0	5.970319631147874
768	50000.0	3.839946374449064
769	50000.0	3.572605246370866
770	50000.0	5.767503293969
771	50000.0	3.0483484716105806
772	50000.0	3.063345482425124
773	50000.0	1.371882249023991
774	50000.0	4.606167881383672
775	50000.0	2.4838698489377404
776	50000.0	5.1640177836679655
777	50000.0	3.2167169267906424
778	50000.0	4.9910020776215696
779	50000.0	5.768051003731357
780	50000.0	2.1505443660658474
781	50000.0	4.6540025265644545
782	50000.0	5.108948678835073
783	50000.0	2.889323399791396
784	50000.0	3.2797226773910246
785	50000.0	4.138948658204503
786	50000.0	2.3085917007885577
787	50000.0	4.899797168365872
788	50000.0	3.658790890440797
789	50000.0	4.253551341683563
790	50000.0	4.468973310135126
791	50000.0	2.6355037707400935
792	50000.0	1.3692354447413861
793	50000.0	1.9957464211681544
794	50000.0	3.344609243079625
795	50000.0	3.686402352740804
796	50000.0	4.60877963509929
797	50000.0	4.414394217950922
798	50000.0	5.150142970383749
799	50000.0	2.66367743345461
800	50000.0	5.34969270664317
801	50000.0	7.115468966470469
802	50000.0	3.0751540263278203
803	50000.0	6.714143772672294
804	50000.0	11.41378629681722
805	50000.0	5.728505969231692
806	50000.0	5.203129235761474
807	50000.0	6.150526726257132
808	50000.0	7.4066502333520985
809	50000.0	14.182156491560132
810	50000.0	7.644519610217083
811	50000.0	9.234531275575126
812	50000.0	10.148425161310154
813	50000.0	9.091982225967797
814	50000.0	9.484173132459908
815	50000.0	7.015812427107707
816	50000.0	15.820588969967549
817	50000.0	8.44562621252696
818	50000.0	9.019779438036137
819	50000.0	10.182704596816704
820	50000.0	6.963791155096347
821	50000.0	9.225304016259864
822	50000.0	6.6070721043605385
823	50000.0	2.8462673903834803
824	50000.0	7.11769579595186
825	50000.0	7.408153707562607
826	50000.0	7.078354498607307
827	50000.0	3.446100478562241
828	50000.0	6.5740812302871365
829	50000.0	3.780136412838887
830	50000.0	5.534313855411151
831	50000.0	7.502783399191266
832	50000.0	4.625526086975542
833	50000.0	4.056522879971707
834	50000.0	2.3182093768047176
835	50000.0	3.296351505961153
836	50000.0	8.85509166362123
837	50000.0	4.775240937626709
838	50000.0	13.630446625205554
839	50000.0	3.1939662373334197
840	50000.0	6.022509028955004
841	50000.0	5.346333431720125
842	50000.0	7.730360596210983
843	50000.0	4.660703383143936
844	50000.0	6.079965718199611
845	50000.0	15.042451753098371
846	50000.0	9.549011178036809
847	50000.0	7.061760441869373
848	50000.0	6.294163472608946
849	50000.0	6.608206367809115
850	50000.0	22.242189508804678
851	50000.0	26.948639517575778
852	50000.0	4.540766523449713
853	50000.0	26.84272317966265
854	50000.0	33.00308480110045
855	50000.0	19.92644710076483
856	50000.0	21.534184852696058
857	50000.0	27.0203214349438
858	50000.0	29.606735538510787
859	50000.0	48.99214561398805
860	50000.0	25.90122262345755
861	50000.0	36.35709776858108
862	50000.0	21.897327941719148
863	50000.0	26.35999501352175
864	50000.0	32.63271839454187
865	50000.0	21.816288173884903
866	50000.0	45.53840193292109
867	50000.0	23.821192667197632
868	50000.0	24.471080587303867
869	50000.0	19.720293775536284
870	50000.0	29.84362749319858
871	50000.0	35.992126792273176
872	50000.0	15.479492190081626
873	50000.0	11.578003693556159
874	50000.0	19.41991540151261
875	50000.0	16.93159839936026
876	50000.0	13.046063249457319
877	50000.0	10.40606572975369
878	50000.0	25.75578641801284
879	50000.0	11.877613658470981
880	50000.0	20.68478030750757
881	50000.0	28.078627681770733
882	50000.0	17.941025389683322
883	50000.0	11.755292952438989
884	50000.0	9.247066761045904
885	50000.0	12.073159107439643
886	50000.0	29.884669365364637
887	50000.0	18.07849050387182
888	50000.0	40.72204938492456
889	50000.0	14.37559620569192
890	50000.0	14.932786826634516
891	50000.0	23.193609340120723
892	50000.0	19.866736161941173
893	50000.0	17.11226919180025
894	50000.0	25.435016555946696
895	50000.0	46.95706472532998
896	50000.0	25.321318853901214
897	50000.0	23.412374564817434
898	50000.0	18.997265431666083
899	50000.0	21.627925049158
900	50000.0	0.07720090964037762
901	50000.0	0.05292868956846934
902	47220.2	0.05046816418620299
903	50000.0	0.03280395337904522
904	50000.0	0.038564693531325925
905	50000.0	0.05624069348823983
906	45637.2	0.03936845304606642
907	50000.0	0.08497510263324237
908	50000.0	0.05308691027811996
909	50000.0	0.014210979558780857
910	50000.0	0.055343886867063576
911	50000.0	0.0528008385000577
912	50000.0	0.027319236615266716
913	50000.0	0.05939624108975501
914	45578.4	0.05686749437496754
915	50000.0	0.06185547362049117
916	50000.0	0.0362663253066966
917	50000.0	0.01743252258861574
918	50000.0	0.05816968052527542
919	50000.0	0.08380051792189977
920	50000.0	0.055675017696946404
921	45668.4	0.026664154688726606
922	50000.0	0.07476307810123721
923	50000.0	0.0453785475243393
924	50000.0	0.05846576664140635
925	50000.0	0.06897248768056681
926	50000.0	0.05293979935011883
927	47542.4	0.04543524085458568
928	50000.0	0.039182459911160275
929	50000.0	0.06625911817506402
930	50000.0	0.038637585359157886
931	44375.2	0.029522251566575265
932	50000.0	0.0662483579985624
933	50000.0	0.055262363532910364
934	45331.2	0.0211546016703096
935	50000.0	0.046196567881304954
936	48158.0	0.023444714107836793
937	49533.0	0.018049849350873615
938	50000.0	0.05177744685650278
939	50000.0	0.07812566038907623
940	50000.0	0.05148292885213603
941	50000.0	0.055478864764169876
942	50000.0	0.0663051018589103
943	50000.0	0.034676794228150246
944	44665.0	0.02536353354870453
945	50000.0	0.03844234652360381
946	45598.8	0.045217194447338294
947	50000.0	0.06021797707115724
948	50000.0	0.06190572299458132
949	50000.0	0.030144064054862696
950	45475.6	1.0064820328772117
951	50000.0	1.0521089114313606
952	50000.0	0.9044362047521831
953	50000.0	1.009566283105006
954	50000.0	1.0327473578755582
955	50000.0	0.9251103935428077
956	50000.0	1.0697030531750598
957	50000.0	1.0611361937054147
958	50000.0	0.8286242391422526
959	50000.0	0.975050865639637
960	50000.0	1.1185028051022377
961	50000.0	1.173363871038119
962	50000.0	0.9736723421092609
963	50000.0	1.0087488175931392
964	50000.0	1.0140215634764977
965	50000.0	1.1506761295608503
966	50000.0	0.9201422713878074
967	50000.0	1.0375596315105233
968	50000.0	0.9250305585706842
969	50000.0	1.0376785814705465
970	50000.0	0.8697415016314712
971	50000.0	0.8712912005992127
972	50000.0	1.1049000647613902
973	50000.0	0.7679340611814195
974	50000.0	1.027025169960488
975	50000.0	0.7808826407870935
976	50000.0	1.0711600689703782
977	50000.0	1.0555252796952297
978	50000.0	0.8731510096670799
979	50000.0	1.076685987308807
980	50000.0	0.9801466443975825
981	50000.0	0.9060537321425588
982	50000.0	1.179857664503158
983	50000.0	0.9308683991488902
984	50000.0	1.0411468165580682
985	50000.0	1.0148790841288107
986	50000.0	1.1317178034208524
987	50000.0	1.1106295434577749
988	50000.0	1.089623075842898
989	50000.0	1.0895751485557112
990	50000.0	1.07015692368446
991	50000.0	1.040456696569317
992	50000.0	0.9805298210530236
993	50000.0	0.900886457021729
994	50000.0	1.07015692368446
995	50000.0	1.0478975650300526
996	50000.0	1.0107279019716338
997	50000.0	1.0116437044590172
998	50000.0	1.0936142183094835
999	50000.0	1.011413145746081
1000	45060.0	0.8007829149015879
1001	50000.0	1.245255535304286
1002	50000.0	5.164805250883309
1003	37519.4	2.3394558117446347
1004	50000.0	1.1699491580983268
1005	45046.8	2.647829026601007
1006	50000.0	2.5471471153442407
1007	17915.2	0.5773439086079502
1008	50000.0	2.5662341022339854
1009	50000.0	2.4740392485018967
1010	28718.6	0.20755707547301644
1011	50000.0	2.8114654772376224
1012	46786.6	0.8885464176285855
1013	31971.2	0.9692361196759158
1014	45283.2	1.3133070492149008
1015	486.0	3.829716124337858e-09
1016	50000.0	1.245255535304286
1017	15011.0	1.0428701526270268
1018	50000.0	1.7196158274964035
1019	45046.8	3.1772093464912996
1020	50000.0	6.783414043687687
1021	25784.2	0.011975081714959855
1022	6420.6	4.680074307759021e-09
1023	50000.0	0.9622177506948824
1024	50000.0	0.9674120102170229
1025	1395.6	2.6563384755257774e-09
1026	18600.4	0.6828472765047975
1027	3535.2	3.5912399103340535e-09
1028	45069.6	4.308629365104123
1029	7287.4	3.6844615038086245e-09
1030	13605.0	3.986519849084391e-09
1031	50000.0	1.555452066067367
1032	50000.0	2.8565806092974
1033	10385.0	0.014548470069139924
1034	45056.4	1.3870556384608668
1035	2178.6	3.460244068941403e-09
1036	381.6	3.806186179330291e-09
1037	45238.2	0.8956607834875644
1038	2823.8	3.6746433224982756e-09
1039	50000.0	1.6504257688063029
1040	32287.8	0.5623215756942817
1041	39572.2	1.630742246129754
1042	42540.0	4.11602385211993
1043	50000.0	1.7700793944937263
1044	11175.2	3.3427346444794606e-09
1045	50000.0	2.1186349280202337
1046	31380.0	0.2181730014704793
1047	50000.0	1.2259638909225556
1048	30234.6	0.5618839054047146
1049	50000.0	1.6456172792784813
1050	35375.6	0.7306437444246953
1051	1090.8	4.23514738966105e-09
1052	46490.4	0.942063022710324
1053	34506.2	1.0466851233078436
1054	50000.0	7.271629193626576
1055	24188.2	0.08423522806032677
1056	50000.0	0.6918569111917574
1057	9974.4	0.0014236022273023442
1058	50000.0	0.6918569111917574
1059	45078.0	0.9536203647230822
1060	13019.4	0.0498662706216508
1061	50000.0	3.817488449967423
1062	50000.0	0.6918569111917681
1063	50000.0	9.58963805707835
1064	50000.0	11.603599058460233
1065	26275.2	0.3219399200758146
1066	50000.0	0.8770293561400184
1067	50000.0	2.366757760650551
1068	50000.0	11.125618450408194
1069	47340.2	4.366411447074794
1070	2652.6	4.339258300754218e-09
1071	50000.0	1.509359065425978
1072	27606.6	0.11961349305936728
1073	43682.0	2.5959258932891855
1074	50000.0	1.9549988595233185
1075	50000.0	3.3926536730912433
1076	50000.0	13.577799174495222
1077	29177.0	2.631265504751566
1078	8567.8	4.281067895819728e-09
1079	18765.6	0.19549988892805412
1080	50000.0	5.875632511105077
1081	50000.0	0.7164470767863131
1082	50000.0	0.6918569111917574
1083	1910.4	4.775982317928303e-09
1084	50000.0	1.4513332387517215
1085	50000.0	1.4891046115993491
1086	46077.2	1.5639990888985842
1087	50000.0	0.6918569111917574
1088	50000.0	0.6918569111917574
1089	38284.0	0.8223827503430924
1090	50000.0	2.329366384857861
1091	6041.2	4.01810747948067e-09
1092	50000.0	5.062737456429821
1093	50000.0	0.6754246094320708
1094	50000.0	2.833618082026864
1095	2974.0	5.1761233757074904e-09
1096	50000.0	0.8008594480564861
1097	50000.0	6.011662456983462
1098	4332.2	3.8559363153297994e-09
1099	47959.2	1.7594989740506943
1100	50000.0	0.11325676624460108
1101	50000.0	0.1402383077907188
1102	50000.0	0.19230946878206248
1103	50000.0	0.15284366832623006
1104	50000.0	0.1993328064454775
1105	50000.0	0.18130832711700912
1106	50000.0	0.10555078248634045
1107	50000.0	0.14421219418498726
1108	50000.0	0.11151184489745121
1109	50000.0	0.14709381677303612
1110	50000.0	0.13846422050913693
1111	50000.0	0.1158263124281764
1112	50000.0	0.11878840838454044
1113	50000.0	0.21992761979404815
1114	50000.0	0.22376373209292608
1115	50000.0	0.17168207557834206
1116	50000.0	0.10587339517193332
1117	50000.0	0.08882536577007213
1118	50000.0	0.10468561215459324
1119	50000.0	0.1490094324727801
1120	50000.0	0.0756682183692715
1121	50000.0	0.10356630484593128
1122	50000.0	0.13200807012181784
1123	50000.0	0.0007565167735264833
1124	50000.0	0.22206673125271878
1125	50000.0	0.16106708330467312
1126	50000.0	0.14404768908253146
1127	50000.0	0.2021000534301632
1128	50000.0	0.1283255281030682
1129	50000.0	0.21842217756791263
1130	50000.0	0.11784526987131787
1131	50000.0	0.17994692286404962
1132	50000.0	0.1811512841970667
1133	50000.0	0.12801514545660705
1134	50000.0	0.10889903427877903
1135	50000.0	0.06954498033385736
1136	50000.0	0.14841706677747518
1137	50000.0	0.1530190521501789
1138	50000.0	0.19953556124522046
1139	50000.0	0.14409528812209133
1140	50000.0	0.22283033965838808
1141	50000.0	0.1919435516859617
1142	50000.0	0.16009380697295675
1143	50000.0	0.1244170014411387
1144	50000.0	0.14511282065907252
1145	50000.0	0.11917893997553416
1146	50000.0	0.1384600140788001
1147	50000.0	0.13319276835122623
1148	50000.0	0.2574794961056063
1149	50000.0	0.18440298363080548
1150	50000.0	5.095206820833901
1151	50000.0	4.7281135652058754
1152	50000.0	4.429000946655398
1153	50000.0	1.1949687040679229
1154	50000.0	5.200826656035754
1155	50000.0	1.0745227641362103
1156	50000.0	1.7998057173157604
1157	50000.0	4.927058549291791
1158	50000.0	1.2573375220004226
1159	50000.0	4.958962094757434
1160	50000.0	4.570142094344229
1161	50000.0	3.9315998823950777
1162	50000.0	5.595575829791754
1163	50000.0	2.707187204401671
1164	50000.0	1.7762819218279966
1165	50000.0	1.5274275759798543
1166	50000.0	1.9349931589910128
1167	50000.0	1.3789621773112217
1168	50000.0	5.369335598595694
1169	50000.0	2.3243665833214804
1170	50000.0	4.497601899096585
1171	50000.0	1.6858645206366822
1172	50000.0	1.0104380421613413
1173	50000.0	5.375299379412728
1174	50000.0	5.422269573879061
1175	50000.0	4.290210833739061
1176	50000.0	1.3655738726542395
1177	50000.0	0.8849012252263444
1178	50000.0	1.742173976473469
1179	50000.0	0.6521257538160621
1180	50000.0	5.425651336639255
1181	50000.0	4.884409803194145
1182	50000.0	1.0575368219644368
1183	50000.0	5.281193545637179
1184	50000.0	0.7962198170807223
1185	50000.0	3.317167789429823
1186	50000.0	5.535855201755997
1187	50000.0	5.686828928039837
1188	50000.0	1.1621812223446748
1189	50000.0	2.6877411904749353
1190	50000.0	2.1842814906362418
1191	50000.0	4.990785654007112
1192	50000.0	0.6485009801296371
1193	50000.0	5.256233872857578
1194	50000.0	5.510800300077529
1195	50000.0	1.7757766554159704
1196	50000.0	3.191180056793022
1197	50000.0	1.4648062818806857
1198	50000.0	4.823728064537596
1199	50000.0	1.9447219925392745
