	0	1
0	50000.0	0.003377949445150882
1	50000.0	0.002707907407357457
2	50000.0	0.006062702294403731
3	50000.0	0.005508786384887557
4	50000.0	0.004892981488829159
5	50000.0	0.00468068883788513
6	50000.0	0.0032551955022196628
7	50000.0	0.003855290617651553
8	50000.0	0.007434180462104282
9	50000.0	0.0034142881557474095
10	50000.0	0.0037244248816190088
11	50000.0	0.004109251572171939
12	50000.0	0.004463306308986318
13	50000.0	0.005937338084877529
14	50000.0	0.0035901752371005056
15	50000.0	0.0038682213355515755
16	50000.0	0.0027411182653144135
17	50000.0	0.004711298320756371
18	50000.0	0.005804349976215604
19	50000.0	0.0052024411519277485
20	50000.0	0.005183037707443644
21	50000.0	0.004956256598684913
22	50000.0	0.004012132392846336
23	50000.0	0.0025513185879270355
24	50000.0	0.003552728840095834
25	50000.0	0.004076971648703351
26	50000.0	0.005941221340769667
27	50000.0	0.004790061217368994
28	50000.0	0.005225513098508479
29	50000.0	0.00376308224168488
30	50000.0	0.00316233954200664
31	50000.0	0.004255881352194954
32	50000.0	0.004430652571200158
33	50000.0	0.003414394224026192
34	50000.0	0.004126604592054333
35	50000.0	0.004943606778199718
36	50000.0	0.004564840969302012
37	50000.0	0.0049256024922234
38	50000.0	0.004788866396352567
39	50000.0	0.005052758586126803
40	50000.0	0.004833065345067491
41	50000.0	0.004398882605298382
42	50000.0	0.004399912744993406
43	50000.0	0.005158792535867605
44	50000.0	0.004507825406003716
45	50000.0	0.002577081785565288
46	50000.0	0.00386388278960541
47	50000.0	0.00409324912502229
48	50000.0	0.003440592920312552
49	50000.0	0.007316303960879634
50	50000.0	78.83905068144821
51	50000.0	69.0054365117455
52	50000.0	60.726556945507966
53	50000.0	163.1403270475938
54	50000.0	162.01516248184802
55	50000.0	264.3007788629006
56	50000.0	163.98502447594495
57	50000.0	162.1044180235514
58	50000.0	42.57234923859314
59	50000.0	41.38510487883102
60	50000.0	44.46648790725467
61	50000.0	298.7628698474465
62	50000.0	382.6113307433818
63	50000.0	169.70512784375623
64	50000.0	275.9463451428395
65	50000.0	242.44587455602536
66	50000.0	69.18997988590363
67	50000.0	23.52957837143004
68	50000.0	79.49549478602793
69	50000.0	93.21216621968277
70	50000.0	86.51567330520544
71	50000.0	144.0694157808471
72	50000.0	41.958445253346326
73	50000.0	40.36423660170078
74	50000.0	110.54446297653672
75	50000.0	113.89496238256727
76	50000.0	96.34459242004745
77	50000.0	343.5890990047333
78	50000.0	134.4535793072063
79	50000.0	226.19668335679913
80	50000.0	219.6179036856886
81	50000.0	211.01658689496594
82	50000.0	80.3851467087663
83	50000.0	293.9073503248493
84	50000.0	157.6396255585527
85	50000.0	76.4800036422418
86	50000.0	262.2341309796
87	50000.0	75.37429162331722
88	50000.0	77.96204994735706
89	50000.0	332.9654766433211
90	50000.0	16.661718483726744
91	50000.0	300.4504535760685
92	50000.0	280.9486544656924
93	50000.0	171.66939350389467
94	50000.0	280.87908125050603
95	50000.0	85.52783134371218
96	50000.0	61.6361522118854
97	50000.0	26.407015380812425
98	50000.0	40.6334328172433
99	50000.0	219.36978862138102
100	50000.0	6.759293433208086
101	50000.0	9.20579109127593
102	50000.0	6.022292020834184
103	50000.0	9.035792441689228
104	50000.0	9.318555398216661
105	50000.0	11.974209884304738
106	50000.0	9.597198124712289
107	50000.0	6.137354251598792
108	50000.0	9.772062954885202
109	50000.0	9.311476284378557
110	50000.0	11.23149300322772
111	50000.0	10.836772541873943
112	50000.0	8.306646604234386
113	50000.0	7.003562537303454
114	50000.0	11.778696369538805
115	50000.0	13.506959699276345
116	50000.0	12.372271288725143
117	50000.0	6.622444819457146
118	50000.0	5.181929218131659
119	50000.0	13.410291943471226
120	50000.0	4.012723465363131
121	50000.0	6.2986529010554895
122	50000.0	9.741038372079785
123	50000.0	13.986195698784561
124	50000.0	6.364445255580316
125	50000.0	5.354859208422412
126	50000.0	11.346545123954026
127	50000.0	6.698485382165312
128	50000.0	11.714754474237289
129	50000.0	6.550679953140485
130	50000.0	6.839331774573701
131	50000.0	4.9051996954182755
132	50000.0	6.682378249867068
133	50000.0	11.85110934518508
134	50000.0	8.352404798716886
135	50000.0	10.609602139802623
136	50000.0	17.075116751380214
137	50000.0	9.1534742018516
138	50000.0	6.760270662834688
139	50000.0	11.764684609496381
140	50000.0	10.41034032660346
141	50000.0	10.965721009011135
142	50000.0	13.295077892026947
143	50000.0	10.906406027586334
144	50000.0	5.611492998134392
145	50000.0	6.26341522298655
146	50000.0	13.398922730408334
147	50000.0	9.004997679607058
148	50000.0	5.624510772392062
149	50000.0	11.885342076744564
150	50000.0	10.049069329882116
151	50000.0	9.999829619592068
152	50000.0	7.462185366927292
153	50000.0	9.452094903189975
154	50000.0	13.730394589685801
155	50000.0	10.049063252578105
156	50000.0	9.352582226125579
157	50000.0	10.291102646634915
158	50000.0	9.253106627332379
159	50000.0	15.857606512017503
160	50000.0	12.617419761535816
161	50000.0	13.218765738537877
162	50000.0	16.516262248794177
163	50000.0	11.573938971664656
164	50000.0	11.173147512025821
165	50000.0	11.640995225017893
166	50000.0	16.615762715917988
167	50000.0	10.955312041589995
168	50000.0	9.452091353883093
169	50000.0	13.63089664601541
170	50000.0	11.541494757893993
171	50000.0	11.53493907330916
172	50000.0	8.65613523241921
173	50000.0	10.943340092571557
174	45165.9	6.168737077624094
175	50000.0	8.283594296525568
176	50000.0	10.347545904509662
177	50000.0	7.561680265072771
178	50000.0	9.1536127412944
179	50000.0	8.855124012058779
180	50000.0	7.561683292308037
181	50000.0	14.128359925278454
182	50000.0	12.04335828566016
183	50000.0	11.197931126242612
184	50000.0	8.457136331588963
185	50000.0	12.76583317180155
186	50000.0	7.66117415111068
187	50000.0	9.153607186061972
188	50000.0	4.476887895733345
189	50000.0	9.229997871491445
190	50000.0	8.656132200640158
191	50000.0	11.165167092039445
192	50000.0	8.855118443080508
193	50000.0	8.755626086678035
194	50000.0	9.530084115402454
195	50000.0	7.9339270967864595
196	50000.0	10.546543793232425
197	50000.0	8.158652672095531
198	50000.0	10.049058691163623
199	50000.0	12.138474771854163
200	103.0	0.0
201	112.8	0.0
202	106.2	0.0
203	132.0	0.0
204	111.4	0.0
205	115.2	0.0
206	125.8	0.0
207	111.4	0.0
208	134.4	0.0
209	101.1	0.0
210	84.3	0.0
211	114.4	0.0
212	97.9	0.0
213	112.8	0.0
214	136.0	0.0
215	101.3	0.0
216	132.0	0.0
217	103.0	0.0
218	94.5	0.0
219	111.4	0.0
220	111.4	0.0
221	120.7	0.0
222	94.5	0.0
223	112.4	0.0
224	107.6	0.0
225	101.7	0.0
226	122.7	0.0
227	111.4	0.0
228	120.7	0.0
229	136.0	0.0
230	101.7	0.0
231	127.1	0.0
232	125.8	0.0
233	113.5	0.0
234	120.7	0.0
235	121.6	0.0
236	118.2	0.0
237	97.9	0.0
238	101.3	0.0
239	112.4	0.0
240	106.2	0.0
241	134.4	0.0
242	101.1	0.0
243	111.4	0.0
244	105.9	0.0
245	94.5	0.0
246	112.4	0.0
247	134.4	0.0
248	131.0	0.0
249	84.3	0.0
250	1671.8	7.64878939273936e-10
251	1677.8	6.892653387265377e-10
252	1766.4	7.784992074174875e-10
253	1716.7	9.223026020723589e-10
254	1725.8	6.899193263109796e-10
255	1741.5	8.839056165874399e-10
256	1783.8	8.30368924124755e-10
257	1711.9	8.105863308352631e-10
258	1648.6	7.975948636163329e-10
259	1749.0	7.380640704226993e-10
260	1682.5	8.738476854723891e-10
261	1753.2	8.929418205163398e-10
262	1755.2	7.484081734309199e-10
263	1676.3	8.84795674344708e-10
264	1721.4	6.953107290304927e-10
265	1730.6	8.187858993611783e-10
266	1774.5	7.836126870124376e-10
267	1680.7	7.635536489281338e-10
268	1763.5	7.778333137439149e-10
269	1637.4	8.088546817991013e-10
270	1600.6	6.031998692718263e-10
271	1693.7	8.58432346913494e-10
272	1648.4	6.230025922920932e-10
273	1753.3	9.585883878932493e-10
274	1744.7	8.3539395159296e-10
275	1716.3	8.287532482581964e-10
276	1664.9	8.058364834724743e-10
277	1690.3	8.140799514585537e-10
278	1649.4	8.882980403862809e-10
279	1700.4	7.012141493714423e-10
280	1765.9	7.685126188177013e-10
281	1720.1	7.981447139001201e-10
282	1742.5	7.933177382270258e-10
283	1624.8	8.59854865486911e-10
284	1686.4	8.352872900495084e-10
285	1695.9	6.315974470833301e-10
286	1702.3	9.109755562291824e-10
287	1694.4	8.956609524697308e-10
288	1727.1	9.925660560203394e-10
289	1681.1	6.974984688111855e-10
290	1664.1	7.625640455280303e-10
291	1744.5	9.153359101417762e-10
292	1646.4	7.564913985533886e-10
293	1765.3	8.628624255916317e-10
294	1672.7	6.787846225527779e-10
295	1795.6	8.242519499200695e-10
296	1676.6	8.165791715426899e-10
297	1698.9	8.722859585893664e-10
298	1655.6	8.166737085959409e-10
299	1763.4	8.038703574224344e-10
300	50000.0	0.0
301	50000.0	93.00934609006158
302	50000.0	35.42028091916387
303	50000.0	3.991536903859612
304	50000.0	21.804412663702443
305	50000.0	64.90614826092838
306	50000.0	54.10113422279638
307	50000.0	0.0
308	50000.0	22.659438896932862
309	50000.0	15.574749999996735
310	50000.0	0.0
311	50000.0	396.36327505315364
312	50000.0	128.50603887890372
313	50000.0	0.0
314	50000.0	311.06833325046284
315	50000.0	0.0
316	50000.0	29.292046558753903
317	50000.0	0.0
318	50000.0	43.229038422594485
319	50000.0	1000.141454244542
320	50000.0	291.00620216029256
321	50000.0	0.0
322	50000.0	0.0
323	50000.0	0.0
324	50000.0	412.9333272404689
325	50000.0	217.06013150823324
326	50000.0	117.56211438091593
327	50000.0	53.49888410295883
328	50000.0	7.9288956859458555
329	50000.0	72.76464709917384
330	50000.0	0.0
331	50000.0	14.674610490772935
332	50000.0	0.0
333	50000.0	10.262795010293654
334	50000.0	39.102165143376865
335	50000.0	0.0
336	50000.0	263.30514625482544
337	50000.0	14.255938999089068
338	50000.0	42.53949974765392
339	50000.0	2.5466847839978968
340	50000.0	0.0
341	50000.0	0.0
342	50000.0	675.0293991387877
343	50000.0	0.0
344	50000.0	0.0
345	49150.8	0.0
346	50000.0	56.92840024825487
347	50000.0	42.29704537756736
348	50000.0	45.81227585912732
349	50000.0	0.0
350	50000.0	2.6232573420374967
351	50000.0	1.596658807090582
352	50000.0	2.673355754447108
353	50000.0	2.200534754949265
354	50000.0	1.55757596982783
355	50000.0	2.788295110260668
356	50000.0	1.905805571493922
357	50000.0	1.2588047614805382
358	50000.0	2.5635367595368423
359	50000.0	2.754840325552867
360	50000.0	2.4487698153302433
361	50000.0	1.898039107075015
362	50000.0	1.6851363337254839
363	50000.0	2.091694579331729
364	50000.0	1.8823656950532182
365	50000.0	2.782729317244527
366	50000.0	2.4352415116824733
367	50000.0	1.9980400145789772
368	50000.0	2.6844408519949514
369	50000.0	12.103359633291268
370	50000.0	1.3401092038032225
371	50000.0	2.8216421608994864
372	50000.0	1.3148086758186408
373	50000.0	2.2363875496104564
374	50000.0	2.8668174156224246
375	50000.0	1.9018231622248833
376	50000.0	1.7897204742503117
377	50000.0	2.173590998974507
378	50000.0	2.2466840684824922
379	50000.0	2.0055686654425005
380	50000.0	2.0701704865830957
381	50000.0	2.803071545884845
382	50000.0	3.8903891762602756
383	50000.0	2.0614331391956755
384	50000.0	1.7924191729521997
385	50000.0	2.60202718549003
386	50000.0	1.6173123754116403
387	50000.0	2.3773568082681296
388	50000.0	3.037551736720893
389	50000.0	2.4949726226558644
390	50000.0	4.875995084014841
391	50000.0	2.026409229723765
392	50000.0	2.5459894472559403
393	50000.0	2.0897943428369468
394	50000.0	1.580529851055657
395	50000.0	2.0832347199910366
396	50000.0	3.1542268590211355
397	50000.0	1.310269137368261
398	50000.0	2.8679734356212974
399	50000.0	2.2919208526462582
400	26257.2	2.7332099407956417e-08
401	34338.8	1.24507872376646e-07
402	26515.7	0.3930839688717581
403	26730.1	9.762379384650389e-08
404	26479.1	3.7781005613879774e-08
405	22561.7	0.3930839720972902
406	22559.0	0.0003622936163490577
407	22352.6	0.3931348915097089
408	30732.2	0.004708416394452851
409	34365.8	0.00028909106720528593
410	30369.7	0.0008454298418404116
411	30735.0	3.3915592355821296e-08
412	34263.2	0.7861679249343827
413	30323.1	4.0683269513540205e-08
414	34353.8	4.918633098266288e-05
415	30341.0	0.0013233402184386624
416	38128.9	2.157217934263093e-08
417	26668.2	0.3429382177808293
418	26307.2	4.065876415811728e-08
419	14582.6	1.1965687850673964e-08
420	38249.0	9.204812025048693e-08
421	14591.7	9.211274278999193e-09
422	22511.9	1.9648189845336587e-08
423	18630.4	4.459825784006805e-08
424	30531.6	0.3930839974087218
425	22548.7	2.5440951051240537e-08
426	30418.8	3.9129705288404795e-08
427	22339.4	1.9278038762190356e-08
428	34255.2	6.880067435214057e-08
429	26630.0	9.148099171246933e-08
430	30194.0	0.0010862149402931795
431	30264.4	0.6686031684681828
432	30294.6	3.0703945251776554e-08
433	18568.0	2.220205626444051e-08
434	26364.1	3.40404865342631e-08
435	34373.3	8.723380589804101e-08
436	26505.8	1.10485792881921e-07
437	34127.8	2.9838596916835096e-08
438	26491.8	2.7306699474491714e-07
439	22503.5	0.7861678971493486
440	38304.5	5.156032279356424e-08
441	34329.5	4.84871435126241e-08
442	34436.4	7.956696915389095e-08
443	38213.4	0.00024182212996794314
444	38196.0	0.3930839741983169
445	14734.1	0.39308395092051024
446	30269.0	0.3930839910048146
447	22450.4	3.7423241724014704e-08
448	34221.3	2.720048713351102e-08
449	30447.3	9.546751060808445e-08
450	50000.0	0.0002642563399345326
451	50000.0	0.688342516758558
452	50000.0	1.8914645986286112
453	50000.0	0.6095302550815973
454	50000.0	4.044683722081116
455	50000.0	5.434052586343069
456	50000.0	0.006961097723959278
457	50000.0	0.3560391585795628
458	50000.0	0.031170882020077905
459	50000.0	0.015122496728257693
460	50000.0	3.0078007537500873
461	50000.0	0.25018413361259606
462	46196.4	9.504639516712389e-06
463	50000.0	7.29849138713441
464	50000.0	0.0019376131918141498
465	50000.0	0.7073668339476787
466	50000.0	2.6045331035411e-05
467	50000.0	0.42355870567576154
468	50000.0	0.022102964472016075
469	50000.0	0.21996964534689772
470	50000.0	1.8343414580596192e-05
471	50000.0	1.7547944180300092
472	50000.0	0.6884822461658672
473	42251.4	0.0018962144100363836
474	50000.0	0.40760174597103405
475	50000.0	2.1972138442952147
476	50000.0	2.2524260703686445
477	50000.0	1.760268179960414
478	50000.0	0.028576775261462906
479	50000.0	0.07982167382111058
480	50000.0	2.458205991499528
481	50000.0	2.161288236522967
482	50000.0	3.3352490472353984
483	50000.0	1.0466372635139733
484	50000.0	3.8891088047037466e-05
485	50000.0	0.7378890390439475
486	50000.0	0.047390488710587236
487	50000.0	0.0021374627516558115
488	50000.0	3.3811827572309445
489	50000.0	0.3268170049324143
490	50000.0	1.0948493601116975e-05
491	50000.0	0.06172054071235313
492	50000.0	1.4327588200035029
493	50000.0	1.0247832861661832
494	50000.0	2.2050223373047317
495	50000.0	1.6506090684215295
496	50000.0	0.5444872608289796
497	50000.0	2.8033547173503246
498	50000.0	0.009576497396137409
499	50000.0	0.29930631946638575
500	50000.0	0.09969534573467347
501	50000.0	0.006621097985538245
502	50000.0	0.0016729672494239715
503	50000.0	0.03137132047913318
504	50000.0	0.025892278719429555
505	50000.0	3.1116070457760495e-06
506	50000.0	0.0006164134148267393
507	50000.0	0.003048912544081334
508	50000.0	0.014221823187166981
509	50000.0	1.8871918258754898e-05
510	50000.0	0.02105882049109501
511	50000.0	0.04456778960522127
512	50000.0	0.000775225765518964
513	50000.0	0.029350830356600917
514	50000.0	0.00048630474543170596
515	50000.0	0.01944169444743115
516	50000.0	0.00881673779518204
517	50000.0	0.10652458189042016
518	50000.0	0.17802053521044195
519	50000.0	0.01612844145428362
520	50000.0	0.03389131232954463
521	46089.3	8.14415138535945e-06
522	50000.0	0.003515509523656359
523	50000.0	0.004255392082372074
524	50000.0	0.6115371489070287
525	50000.0	0.1251054096593473
526	50000.0	0.02483360737996166
527	50000.0	0.0006321323347275356
528	50000.0	0.0013614788733646301
529	50000.0	0.037809672479885856
530	50000.0	0.0006256246768280096
531	50000.0	0.003948902117363549
532	50000.0	0.005150891439359746
533	50000.0	1.0151344800826395e-05
534	50000.0	2.4172777808924776e-05
535	50000.0	5.540956305769893e-06
536	50000.0	6.774042464364078e-05
537	50000.0	0.003943694475410846
538	50000.0	0.04824080602851853
539	50000.0	0.17981211884874154
540	50000.0	4.014259931109377e-05
541	50000.0	0.23139863796767637
542	50000.0	0.007615835694079702
543	50000.0	0.05176073010224787
544	50000.0	0.024515167650565342
545	50000.0	0.08236414573632453
546	50000.0	0.09324516971059774
547	50000.0	2.8696636784382685e-05
548	50000.0	2.122436197259611e-05
549	50000.0	0.0059503142048091835
550	50000.0	10.442605068807207
551	50000.0	3.8515236797409678
552	50000.0	2.7475637339108365
553	50000.0	2.686889355929986
554	50000.0	2.3739318911086023
555	50000.0	0.192410836720389
556	50000.0	7.083404481112067
557	50000.0	25.11915339337444
558	50000.0	1.3950154387676517
559	50000.0	8.389737079905744
560	50000.0	6.146747669095192
561	50000.0	1.0958306898517802
562	50000.0	1.1574519529359475
563	50000.0	11.347527962705817
564	50000.0	22.6152046014384
565	50000.0	18.663473889652668
566	50000.0	0.12072582599966672
567	50000.0	0.9984742398883638
568	50000.0	1.8664173759529157
569	50000.0	4.776400167718887
570	50000.0	1.916099659717402
571	50000.0	1.3517282589646615
572	50000.0	2.7105193552051285
573	50000.0	1.5432725719260934
574	50000.0	2.226800496312137
575	50000.0	30.846368812351038
576	50000.0	2.5629739227863704
577	50000.0	2.7706271866312786
578	50000.0	14.836372160260709
579	50000.0	1.0240717528565841
580	50000.0	3.2664020069732542
581	50000.0	1.1562148482548102
582	50000.0	0.43281552074860086
583	50000.0	1.9377141557829876
584	50000.0	0.32605563844152463
585	50000.0	0.14109699797425235
586	50000.0	3.9245208449416173
587	50000.0	2.814589174310024
588	50000.0	1.5048449750632957
589	50000.0	23.008882439256432
590	50000.0	2.57155787236697
591	50000.0	13.580965081562832
592	50000.0	2.9060744310281397
593	50000.0	1.0965172913444878
594	50000.0	18.148092768736948
595	50000.0	1.4225040777666482
596	50000.0	1.1331013702951
597	50000.0	1.9195302732967279
598	50000.0	0.08410102531757362
599	50000.0	0.4238182913168177
600	36828.2	2.2702325301787847e-05
601	36887.6	0.007032766645488087
602	33099.4	0.00039699780221429896
603	50000.0	0.007576823462534185
604	41878.0	0.008412595682239805
605	45759.6	0.00020549135347020002
606	36624.8	7.002313105325161e-05
607	50000.0	0.05906009499106374
608	40860.4	4.377832110334322e-05
609	50000.0	0.007680597241373132
610	41209.6	0.00016724984866517908
611	32172.0	4.3779431231453624e-05
612	36802.4	0.010619046180362355
613	40944.4	1.5957887048676154e-05
614	41392.0	0.0041099201182529565
615	41949.0	0.0029926169496834543
616	37094.6	0.0012706918216756197
617	36782.0	2.6435991311073966e-05
618	41059.6	0.0002137208962544956
619	45361.2	0.0029886241610950362
620	45919.2	0.0032439959438535664
621	37450.4	0.013394611547526367
622	36711.2	9.130973327564975e-06
623	32141.6	0.010717631730089897
624	40934.8	0.0024167542956564513
625	37353.2	0.004443188463043079
626	41308.0	0.015404523897165965
627	50000.0	0.003015014564626572
628	50000.0	0.012320310908196262
629	45459.6	0.06554051520351561
630	45901.2	0.10092288431513759
631	41755.6	0.0004975872949889444
632	45430.8	0.005254667238719748
633	40946.8	0.0018739566028026142
634	37550.0	0.01072493976493417
635	32181.6	0.0001703911566623512
636	50000.0	0.003592264355488242
637	45475.2	0.006040199825997699
638	32967.6	0.01716869279444596
639	45472.8	0.0017247227620820912
640	32673.6	1.5671728464692308e-05
641	46104.8	0.002789777433321459
642	50000.0	0.00019281801860658427
643	37575.2	6.758060516374424e-06
644	50000.0	0.016775587686382116
645	45526.8	0.005628794949769638
646	41362.2	0.008170261836102265
647	45409.2	0.0002525006421265214
648	41148.4	0.0044012595451975505
649	27779.2	0.008181568386668846
650	3244.8	8.655891609439246e-09
651	3163.2	8.634410290112902e-09
652	2923.2	8.534127795910409e-09
653	2989.2	8.864873118531942e-09
654	3073.2	9.512771357242489e-09
655	3088.8	9.329120145127241e-09
656	3154.8	8.765420803538854e-09
657	3106.8	8.995694612682664e-09
658	2986.8	8.576399965355937e-09
659	3110.4	9.235085569299558e-09
660	3034.8	8.362619407503367e-09
661	3124.8	8.370609408329514e-09
662	3126.0	9.012229197617811e-09
663	3360.0	9.121871121925336e-09
664	3031.2	9.053165499604803e-09
665	2960.4	8.974004187646029e-09
666	3108.0	9.198463502206082e-09
667	3301.2	9.476237677410404e-09
668	3128.4	9.027831790188694e-09
669	3055.2	8.902088675031597e-09
670	2882.4	8.9807507442868e-09
671	3078.0	8.246192300464918e-09
672	2995.2	8.82732391945895e-09
673	3018.0	8.61500060484829e-09
674	3165.6	8.938749635542422e-09
675	2978.4	9.17451892277422e-09
676	3092.4	8.873526785908671e-09
677	3289.2	8.093714291275944e-09
678	2925.6	8.927744153591798e-09
679	3074.4	9.221659627539227e-09
680	2911.2	9.048252090634074e-09
681	3120.0	8.741729528893028e-09
682	3019.2	8.887599326410705e-09
683	3159.6	8.874527418717706e-09
684	3187.2	9.368333680626668e-09
685	3073.2	7.850298623910021e-09
686	3381.6	8.467138556483702e-09
687	3165.6	9.205289672938791e-09
688	3016.8	9.04115565382361e-09
689	3013.2	8.959705664672032e-09
690	2973.6	7.995419801141252e-09
691	3200.4	8.707361080123474e-09
692	3278.4	8.693960825635145e-09
693	3072.0	9.276674790431517e-09
694	3176.4	8.837739374258686e-09
695	2805.6	9.277018442195431e-09
696	3183.6	9.254378639482794e-09
697	3109.2	8.47892657557564e-09
698	3104.4	9.226227714012521e-09
699	3217.2	8.736776266666445e-09
700	50000.0	4.582819099647634
701	50000.0	9.093388776667574
702	50000.0	11.509022591053428
703	50000.0	7.698807947655277
704	50000.0	13.246657476436194
705	50000.0	7.042364681721305
706	50000.0	8.616877617219895
707	50000.0	4.53115013152623
708	50000.0	14.182790157768789
709	50000.0	8.507385763121379
710	50000.0	8.551454163492272
711	50000.0	3.459047442263409
712	50000.0	5.7670814184197505
713	50000.0	11.054738093568101
714	50000.0	8.70892442362545
715	50000.0	5.976516983346356
716	50000.0	7.407110421577575
717	50000.0	5.513663016452498
718	50000.0	6.010680308282001
719	50000.0	7.651424353596658
720	50000.0	5.170407848777274
721	50000.0	7.119509559905238
722	50000.0	7.5034890346830325
723	50000.0	5.84745900360938
724	50000.0	8.807125124705596
725	50000.0	6.435314627418906
726	50000.0	5.90801313456238
727	50000.0	12.9139987485289
728	50000.0	6.818299694883092
729	50000.0	5.335545887453307
730	50000.0	4.928517789915025
731	50000.0	12.150384849346235
732	50000.0	17.40862375882761
733	50000.0	8.339832472192736
734	50000.0	9.202187000860745
735	50000.0	8.218040238493911
736	50000.0	11.922399808089057
737	50000.0	7.23970381804355
738	50000.0	6.137899566206035
739	50000.0	7.247266017096729
740	50000.0	9.047188447127981
741	50000.0	10.437015292615143
742	50000.0	6.831109273093711
743	50000.0	9.576201324940843
744	50000.0	5.859570431193137
745	50000.0	9.86025180310435
746	50000.0	9.983691437729458
747	50000.0	4.3325301031048085
748	50000.0	7.98835450113863
749	50000.0	10.576548031359795
750	50000.0	4.339211222143214
751	50000.0	4.432563397439046
752	50000.0	3.1126796564851618
753	50000.0	4.092943523078711
754	50000.0	5.47943897215278
755	50000.0	4.430026435140104
756	50000.0	3.8598378396155746
757	50000.0	2.798672437202227
758	50000.0	5.518960983531217
759	50000.0	5.8080553558579355
760	50000.0	3.9687122314945698
761	50000.0	7.173041920743468
762	50000.0	2.8534219590353054
763	50000.0	5.737544431584289
764	50000.0	6.534356744174106
765	50000.0	2.624152524516615
766	50000.0	3.237671283506792
767	50000.0	5.688433671235079
768	50000.0	4.4966442188967495
769	50000.0	4.79149327709423
770	50000.0	6.601612696564649
771	50000.0	4.598729236488671
772	50000.0	4.705521924059291
773	50000.0	5.007843272369813
774	50000.0	5.994253732998584
775	50000.0	2.4954357717421045
776	50000.0	6.262084186049845
777	50000.0	5.472902187899409
778	50000.0	4.3457054533256905
779	50000.0	5.386555632132664
780	50000.0	4.337161514138325
781	50000.0	4.541882728460918
782	50000.0	7.705305825385599
783	50000.0	4.2650686820008925
784	50000.0	4.625241488176857
785	50000.0	5.264406847670719
786	50000.0	2.59757690151913
787	50000.0	5.298366845515879
788	50000.0	2.9705847429756447
789	50000.0	7.477258125457389
790	50000.0	5.905432785965656
791	50000.0	2.7608331530024715
792	50000.0	8.919108441336949
793	50000.0	2.7612068818719955
794	50000.0	5.126888002887763
795	50000.0	3.197165904876172
796	50000.0	5.484671243074432
797	50000.0	4.367544814983262
798	50000.0	6.409976364747668
799	50000.0	2.9370531917391105
800	50000.0	5.360539627163822
801	50000.0	7.303768251054747
802	50000.0	3.1180088612923145
803	50000.0	6.679465388715199
804	50000.0	12.3607198385674
805	50000.0	5.759560876845297
806	50000.0	5.249287347770425
807	50000.0	6.223316128545852
808	50000.0	7.498776399888522
809	50000.0	14.6885880132469
810	50000.0	7.694573694174092
811	50000.0	9.327613229701155
812	50000.0	9.525983639589484
813	50000.0	9.13610863324706
814	50000.0	9.487039678295378
815	50000.0	7.248271658540148
816	50000.0	15.801207862447507
817	50000.0	8.560131877663418
818	50000.0	9.393517661444257
819	50000.0	10.343217313046758
820	50000.0	7.03526807443087
821	50000.0	9.285428026811767
822	50000.0	6.758867566075098
823	50000.0	2.8015855956374116
824	50000.0	7.228521079146868
825	50000.0	7.4840582269204905
826	50000.0	7.612281431779119
827	50000.0	3.469436514965743
828	50000.0	6.761840293252421
829	50000.0	4.1786351338132315
830	50000.0	5.5754825139059925
831	50000.0	7.672699862925033
832	50000.0	4.796776885054084
833	50000.0	4.391902428693029
834	50000.0	2.3659842381513294
835	50000.0	3.309808928635777
836	50000.0	8.961742462049505
837	50000.0	4.585756483415144
838	50000.0	13.79524241417127
839	50000.0	3.1743101854292877
840	50000.0	6.083886249843021
841	50000.0	5.449090776577657
842	50000.0	7.979720170087719
843	50000.0	4.762685124447999
844	50000.0	6.126427757023996
845	50000.0	15.146051362076307
846	50000.0	9.382795150339437
847	50000.0	7.169367386838592
848	50000.0	6.686214313534298
849	50000.0	6.73536423779944
850	50000.0	22.31597595922551
851	50000.0	29.115271773710695
852	50000.0	6.9389807474100165
853	50000.0	26.71712932976403
854	50000.0	37.28105438202677
855	50000.0	20.269102936030155
856	50000.0	22.531795084249516
857	50000.0	28.073706437944743
858	50000.0	30.96324546934607
859	50000.0	54.556201468953375
860	50000.0	27.271061553619383
861	50000.0	37.80058614413522
862	50000.0	22.302361141089523
863	50000.0	27.763199076992482
864	50000.0	33.666207803084276
865	50000.0	21.65531794508995
866	50000.0	50.68099182985604
867	50000.0	24.987866719779838
868	50000.0	26.45504989323491
869	50000.0	23.362143148380397
870	50000.0	30.4202932878621
871	50000.0	37.39494786545326
872	50000.0	16.483683516463145
873	50000.0	13.314742597902796
874	50000.0	20.254825186766446
875	50000.0	17.041772033151002
876	50000.0	15.654894607370812
877	50000.0	10.631092188952877
878	50000.0	25.947513002971654
879	50000.0	12.608124341216168
880	50000.0	20.444707027400874
881	50000.0	29.122390536080832
882	50000.0	19.914040781867662
883	50000.0	12.734865289593063
884	50000.0	9.475578384232234
885	50000.0	12.594220828103527
886	50000.0	33.00200275228188
887	50000.0	19.16218426423093
888	50000.0	44.0149462845263
889	50000.0	14.934647851982016
890	50000.0	17.778046831313684
891	50000.0	24.117784190673838
892	50000.0	21.40715339766424
893	50000.0	18.289882506382106
894	50000.0	26.31756938444205
895	50000.0	48.67024267020173
896	50000.0	27.675312007073963
897	50000.0	23.751290349969977
898	50000.0	18.74887441357841
899	50000.0	23.659098165588894
900	50000.0	0.19115933172572638
901	50000.0	0.3500122820434493
902	50000.0	0.32677472189403434
903	50000.0	0.31159201866721575
904	50000.0	0.3633073478759785
905	50000.0	0.27029965968006736
906	50000.0	0.4168939399561051
907	50000.0	0.2634658767372537
908	50000.0	0.4131070866032024
909	50000.0	0.1526071160973693
910	50000.0	0.37658880067981854
911	50000.0	0.1697468538177917
912	50000.0	0.20021715169946397
913	50000.0	0.35318832954865564
914	50000.0	0.21985775596209683
915	50000.0	0.7679769975066274
916	50000.0	0.19549242063044298
917	50000.0	0.28871828659065174
918	50000.0	0.17674704015400824
919	50000.0	0.3346740579776803
920	50000.0	0.44723173721495846
921	50000.0	0.4564944422982203
922	50000.0	0.16129513347774385
923	50000.0	0.16652439286737925
924	50000.0	0.38667809474522946
925	50000.0	0.3938884161922086
926	50000.0	0.2995241496413298
927	50000.0	0.19182277842631557
928	50000.0	0.33252883758209
929	50000.0	0.4017200556649646
930	50000.0	0.298824091450469
931	50000.0	0.19206694252361647
932	50000.0	0.29264332127633497
933	50000.0	0.28404715490275906
934	50000.0	0.3500228363933477
935	50000.0	0.24487779789356168
936	50000.0	0.19076307000804532
937	50000.0	0.1858113471368034
938	50000.0	0.19560381986030287
939	50000.0	0.2646658648717265
940	50000.0	0.4720586405785239
941	50000.0	0.35025522583461105
942	50000.0	0.3719835862219556
943	50000.0	0.3924468076821931
944	50000.0	0.2113806047994487
945	50000.0	0.23918664461178807
946	50000.0	0.2991785417149444
947	50000.0	0.22575060083421478
948	50000.0	0.35470665551769487
949	50000.0	0.22265529048209293
950	50000.0	1.1917242816305769
951	50000.0	1.256692122215805
952	50000.0	1.2796235718168265
953	50000.0	1.3168583951618709
954	50000.0	1.2532920427384915
955	50000.0	1.0337026815490578
956	50000.0	1.0741537193690247
957	50000.0	1.2893872294745543
958	50000.0	1.1608875295812084
959	50000.0	1.1712844034218424
960	50000.0	1.204359030291283
961	50000.0	1.2789001008281273
962	50000.0	1.203503105128237
963	50000.0	1.255780596265635
964	50000.0	1.266534786749605
965	50000.0	1.2542755555527543
966	50000.0	1.2239973361164629
967	50000.0	1.3593594990493068
968	50000.0	1.2965591606835276
969	50000.0	1.2501508688304814
970	50000.0	1.1902376888862722
971	50000.0	1.3315097602631307
972	50000.0	1.152427706419309
973	50000.0	1.2206297938871429
974	50000.0	1.244811639142515
975	50000.0	0.9667815221302363
976	50000.0	1.2644623899407001
977	50000.0	1.1410607341878913
978	50000.0	1.230180966053022
979	50000.0	1.3376663493708727
980	50000.0	1.2042659997817304
981	50000.0	1.1862139527360807
982	50000.0	1.2121622876540497
983	50000.0	1.273902085794766
984	50000.0	1.4406939118065982
985	50000.0	1.2014405629517342
986	50000.0	1.1810029019819024
987	50000.0	1.310815309222153
988	50000.0	1.1533065268013094
989	50000.0	1.3415642110439663
990	50000.0	1.2627620718803478
991	50000.0	1.4978228881786835
992	50000.0	1.0363360531133075
993	50000.0	1.157898039020366
994	50000.0	1.2627620718803478
995	50000.0	1.212275094036881
996	50000.0	1.1358795949769636
997	50000.0	1.1402497897365749
998	50000.0	1.2675247491631576
999	50000.0	1.0874777556749935
1000	50000.0	3.154401060220194
1001	50000.0	1.2652102165297623
1002	50000.0	4.561852059238461
1003	50000.0	2.7955554830537266
1004	50000.0	1.32255836112648
1005	50000.0	2.455626343975943
1006	50000.0	2.825731776641604
1007	50000.0	2.048255939668276
1008	50000.0	3.0328768243432185
1009	50000.0	3.208194100932082
1010	50000.0	2.343533099257651
1011	50000.0	2.1285788955292047
1012	50000.0	2.1273940934788618
1013	50000.0	3.442495929210731
1014	50000.0	1.9425457266904576
1015	50000.0	3.575522402957871e-05
1016	50000.0	1.2568515123277846
1017	50000.0	0.28562714233069125
1018	50000.0	1.9970482842957733
1019	50000.0	2.5322504971722584
1020	50000.0	2.2643031681223427
1021	50000.0	2.8694623164023967
1022	50000.0	2.8136601401876775
1023	50000.0	1.259668996062556
1024	50000.0	1.666910900234917
1025	50000.0	0.5144907471534591
1026	50000.0	2.9284115950536025
1027	50000.0	0.6257031865785027
1028	50000.0	4.434366820088458
1029	50000.0	0.8798835081539288
1030	50000.0	0.5493090916137588
1031	50000.0	2.3842319404130126
1032	50000.0	2.3437096413429033
1033	50000.0	4.145672937933074
1034	50000.0	3.1452622232619785
1035	50000.0	1.5700318202437956e-05
1036	50000.0	1.671588454990916e-05
1037	50000.0	2.597722854684296
1038	50000.0	0.09392359155101097
1039	50000.0	1.7881186836670846
1040	50000.0	1.5816475749329775
1041	50000.0	1.3484021288385277
1042	50000.0	4.0814069067464205
1043	50000.0	2.369433064686228
1044	50000.0	0.807286227965375
1045	50000.0	1.9502685747603934
1046	50000.0	1.458642237640094
1047	50000.0	1.4222977716722962
1048	50000.0	3.036436650280053
1049	50000.0	2.462182340078596
1050	50000.0	3.29306095146858
1051	50000.0	0.0004121587516632116
1052	50000.0	0.20117571335758178
1053	50000.0	0.7767124946169333
1054	50000.0	4.652433615476577
1055	50000.0	2.039900501267934
1056	50000.0	2.0127541945475893
1057	50000.0	1.5095626116516923
1058	50000.0	4.639760877008151
1059	50000.0	1.2743473865246941
1060	50000.0	0.6869417726092
1061	50000.0	2.4420599714535447
1062	50000.0	1.5833350236255597
1063	50000.0	1.9585525232122216
1064	50000.0	5.697641989673593
1065	50000.0	1.5029410101911163
1066	50000.0	1.272434041081156
1067	50000.0	2.4931882675119126
1068	50000.0	3.047696663874916
1069	50000.0	4.772263210956947
1070	50000.0	0.00043173730201288596
1071	50000.0	2.217322038211219
1072	50000.0	1.9756813772549804
1073	50000.0	10.104381970304132
1074	50000.0	1.8048624802717121
1075	50000.0	4.203499524616886
1076	50000.0	2.4474686467933555
1077	50000.0	0.00017801883975982212
1078	50000.0	0.0009680439588497858
1079	50000.0	1.0134014488970355
1080	50000.0	5.051846130298041
1081	50000.0	1.6738519857438128
1082	50000.0	1.7323281935332697
1083	50000.0	0.00016176153812204138
1084	50000.0	2.2635459238088615
1085	50000.0	1.476626191638307
1086	50000.0	0.19445553122044193
1087	50000.0	0.6952738094095117
1088	50000.0	0.7029786477247575
1089	50000.0	5.526280977844371
1090	50000.0	1.5235782714459254
1091	50000.0	0.2672819542461491
1092	50000.0	3.2754221000342527
1093	50000.0	0.14159330168241563
1094	50000.0	1.3190938796594005
1095	50000.0	0.16846187056938178
1096	50000.0	0.5894946253211024
1097	50000.0	0.6773551498421473
1098	50000.0	5.599230308775577e-05
1099	50000.0	4.323395587071783
1100	50000.0	1.4495642981555075
1101	50000.0	1.0992131129641312
1102	50000.0	1.378233815112886
1103	50000.0	1.3146524705772447
1104	50000.0	1.6147049322698368
1105	50000.0	1.2310615668659228
1106	50000.0	1.426400486274067
1107	50000.0	1.2126657316351517
1108	50000.0	1.3436723216946707
1109	50000.0	1.4479665336240628
1110	50000.0	1.3990820341429147
1111	50000.0	1.2911850518270236
1112	50000.0	1.4437608776276156
1113	50000.0	1.117662984682466
1114	50000.0	1.19727622882756
1115	50000.0	1.220701704840133
1116	50000.0	1.3996511073859714
1117	50000.0	1.3719475499799407
1118	50000.0	1.4978904475737846
1119	50000.0	1.3058729873086483
1120	50000.0	1.0971190184171462
1121	50000.0	1.3101980363348384
1122	50000.0	1.2520918445602687
1123	50000.0	1.436838929804022
1124	50000.0	1.3172190564779664
1125	50000.0	1.3837773251621148
1126	50000.0	1.7468572868099905
1127	50000.0	1.064725595176386
1128	50000.0	1.2811239816209725
1129	50000.0	1.6294388934205997
1130	50000.0	1.408846650063811
1131	50000.0	1.184542400160693
1132	50000.0	1.5463365487264664
1133	50000.0	1.111644198475702
1134	50000.0	1.484887101429443
1135	50000.0	1.2899667804628066
1136	50000.0	1.262748362582051
1137	50000.0	1.302560877674437
1138	50000.0	1.4705062072731794
1139	50000.0	1.4995406072087423
1140	50000.0	2.3365459754757563
1141	50000.0	1.299236069170399
1142	50000.0	1.5606445011946664
1143	50000.0	1.2908267131394635
1144	50000.0	1.4855931335909758
1145	50000.0	1.3528369428180846
1146	50000.0	1.163297686028528
1147	50000.0	1.6121724645108113
1148	50000.0	1.2741477388647424
1149	50000.0	1.3494400322199476
1150	50000.0	9.421529794214933
1151	50000.0	11.054301948210158
1152	50000.0	8.45120957778721
1153	50000.0	5.666606163011664
1154	50000.0	7.963297530318712
1155	50000.0	3.6507673794407944
1156	50000.0	4.379887361887631
1157	50000.0	10.933373002575422
1158	50000.0	9.619520081265984
1159	50000.0	9.769969965582712
1160	50000.0	10.152715953400024
1161	50000.0	11.834312377254477
1162	50000.0	13.43588684577062
1163	50000.0	7.619767683808814
1164	50000.0	6.69451497346879
1165	50000.0	7.031876274841895
1166	50000.0	3.7559346004572185
1167	50000.0	5.258392093267436
1168	50000.0	10.8306080024741
1169	50000.0	5.054592578957272
1170	50000.0	9.512764987379658
1171	50000.0	5.104034259130047
1172	50000.0	4.275160655363473
1173	50000.0	12.18552435129738
1174	50000.0	9.797269961156857
1175	50000.0	8.372037546758056
1176	50000.0	4.041583440478139
1177	50000.0	4.15383976286742
1178	50000.0	9.716591486195298
1179	50000.0	5.793118673025016
1180	50000.0	8.69470403923854
1181	50000.0	8.91059784601966
1182	50000.0	4.022774238972908
1183	50000.0	11.271242759255086
1184	50000.0	6.592485507956217
1185	50000.0	9.60103373882993
1186	50000.0	12.509667799269467
1187	50000.0	10.104867826973052
1188	50000.0	6.509194668690517
1189	50000.0	8.230615567309602
1190	50000.0	5.713300940450974
1191	50000.0	8.8064220650017
1192	50000.0	4.4603405883137475
1193	50000.0	12.970678183348053
1194	50000.0	12.188819562721502
1195	50000.0	6.9055341499721905
1196	50000.0	5.181071273724325
1197	50000.0	4.563903269376882
1198	50000.0	11.195652453761824
1199	50000.0	9.026147356807925
