	0	1
0	50000.0	0.3176631271784026
1	50000.0	0.025649272467387373
2	50000.0	0.4927567712791393
3	50000.0	0.3164381310981398
4	50000.0	0.22809706243895658
5	50000.0	0.17015154121203713
6	50000.0	0.11417128338742293
7	50000.0	0.03540565736395521
8	50000.0	0.1461300782720846
9	50000.0	0.2596655964150485
10	50000.0	0.17005180800176575
11	50000.0	0.21426795353422806
12	50000.0	0.33461412153902187
13	50000.0	0.26710150847855135
14	50000.0	0.024680480190784927
15	50000.0	0.5306430146141016
16	50000.0	0.05392067084178963
17	50000.0	0.18701891050755312
18	50000.0	0.333604306059315
19	50000.0	0.0896496857037026
20	50000.0	0.3480065846245251
21	50000.0	0.09237958277642587
22	50000.0	0.3211666384725996
23	50000.0	0.17072013853750406
24	50000.0	0.10459242050160271
25	50000.0	0.06651114421504965
26	50000.0	0.25456668472263166
27	50000.0	0.13645369210374253
28	50000.0	0.3404919839463544
29	50000.0	0.017885951055806235
30	50000.0	0.00414991367550477
31	50000.0	0.2808893128249455
32	50000.0	0.22209305040943345
33	50000.0	0.2173891197414307
34	50000.0	0.13417101350842559
35	50000.0	0.04501301199434591
36	50000.0	0.19398886553674743
37	50000.0	0.33562326082671734
38	50000.0	0.13582867127795317
39	50000.0	0.0945292861197123
40	50000.0	0.3459197177269757
41	50000.0	0.2630913318263144
42	50000.0	0.18717584695386685
43	50000.0	0.6017231388820813
44	50000.0	0.25974340011054103
45	50000.0	0.39497591394011183
46	50000.0	0.3532156509058723
47	50000.0	0.1718272379732075
48	50000.0	0.04824928764748572
49	50000.0	0.4793516342952492
50	50000.0	6300.3961150104915
51	50000.0	5069.324667348839
52	50000.0	159.66415620860175
53	50000.0	3384.6607899525566
54	50000.0	1349.3636855395484
55	50000.0	563.4756702410801
56	50000.0	13661.888612322411
57	50000.0	3273.2566101782245
58	50000.0	3610.199104917499
59	50000.0	6138.879740396202
60	50000.0	1384.9201894665325
61	50000.0	688.2580391498443
62	50000.0	16112.995469793299
63	50000.0	22792.26335576451
64	50000.0	7292.963611853035
65	50000.0	9179.643399820217
66	50000.0	25993.968931477397
67	50000.0	573.3580009842691
68	50000.0	13875.691731340781
69	50000.0	4292.702426887268
70	50000.0	5375.130199782564
71	50000.0	4212.126934187652
72	50000.0	284.59996195918893
73	50000.0	257.12840811836475
74	50000.0	2359.576423132897
75	50000.0	7677.343323028928
76	50000.0	10734.188882942748
77	50000.0	8323.8779316006
78	50000.0	2609.9362957421954
79	50000.0	1444.702280510493
80	50000.0	9963.261424708335
81	50000.0	2851.084932055445
82	50000.0	123.41285659828323
83	50000.0	6623.8675920711075
84	50000.0	21441.7873849874
85	50000.0	8402.06891361474
86	50000.0	714.3273548411139
87	50000.0	9290.433105910253
88	50000.0	5242.001430189251
89	50000.0	2345.1441494703795
90	50000.0	30.713128684377523
91	50000.0	1208.5260971931082
92	50000.0	29570.61922929278
93	50000.0	3698.976775668266
94	50000.0	817.0696130523357
95	50000.0	2460.5957662259693
96	50000.0	7095.532647343255
97	50000.0	3981.899695842836
98	50000.0	1807.0691647104181
99	50000.0	966.9521855719429
100	50000.0	20.121714057372042
101	50000.0	28.42691064618878
102	50000.0	43.71992172146869
103	50000.0	36.84499996392606
104	50000.0	73.62892846992797
105	50000.0	55.001186731358
106	50000.0	59.17305714006026
107	50000.0	10.299702765735267
108	50000.0	49.05937021745589
109	50000.0	35.87972302679729
110	50000.0	72.15238576967872
111	50000.0	36.640794060125174
112	50000.0	42.54310298447056
113	50000.0	30.07354437228467
114	50000.0	47.21520277327522
115	50000.0	60.30888797676831
116	50000.0	64.01570957034913
117	50000.0	34.48529530981135
118	50000.0	33.60392917241887
119	50000.0	69.34900008895059
120	50000.0	48.372514725909056
121	50000.0	36.890503489487216
122	50000.0	46.44286055130771
123	50000.0	33.29250074373864
124	50000.0	51.87774995924614
125	50000.0	24.798351241776572
126	50000.0	49.85692525474874
127	50000.0	66.44194050058361
128	50000.0	20.849517040235682
129	50000.0	35.85333358873237
130	50000.0	48.79326062520353
131	50000.0	39.1707412310294
132	50000.0	24.338744246723632
133	50000.0	20.49945530659705
134	50000.0	82.85809990588304
135	50000.0	22.480497513132104
136	50000.0	41.84232598968761
137	50000.0	43.219292507089236
138	50000.0	10.016092106589342
139	50000.0	18.145989299805926
140	50000.0	62.51169637343072
141	50000.0	45.78672688004836
142	50000.0	46.063253380561704
143	50000.0	27.432878602460654
144	50000.0	68.85782481328803
145	50000.0	58.40229784404683
146	50000.0	91.77589921886735
147	50000.0	45.427086088016054
148	50000.0	52.49492299616985
149	50000.0	35.64104828231963
150	50000.0	37.74598599616122
151	50000.0	23.551086079760857
152	50000.0	41.345666229970675
153	50000.0	68.10929006187123
154	50000.0	83.013892667877
155	50000.0	60.89554120271514
156	50000.0	88.84990371814504
157	50000.0	13.170553316325751
158	50000.0	48.17568239188013
159	50000.0	38.49945355569453
160	50000.0	50.249293653391064
161	50000.0	22.300481556481934
162	50000.0	43.18682394495836
163	50000.0	38.834690557215104
164	50000.0	60.745565342771954
165	50000.0	57.89093526476736
166	50000.0	57.191448389119955
167	50000.0	50.33695633704309
168	50000.0	31.832501716966686
169	50000.0	57.44076325927731
170	50000.0	67.20429024400671
171	50000.0	19.541616615537688
172	50000.0	40.64646981913701
173	50000.0	26.784606615576784
174	50000.0	42.68312053457804
175	50000.0	16.367144128602312
176	50000.0	57.76180518342388
177	50000.0	74.82318257284804
178	50000.0	10.2530840301159
179	50000.0	35.518409472316606
180	50000.0	51.40714426192708
181	50000.0	36.46142324424953
182	50000.0	36.33154638795977
183	50000.0	15.02696715640088
184	50000.0	99.50200563820289
185	50000.0	16.196744964255608
186	50000.0	61.70915485609125
187	50000.0	72.38242164526176
188	50000.0	4.162361566311792
189	50000.0	9.682781261855656
190	50000.0	68.73934034285568
191	50000.0	47.32031730685562
192	50000.0	53.74539395761673
193	50000.0	76.98550663527587
194	50000.0	82.16164096727354
195	50000.0	84.23142549263085
196	50000.0	74.16722264362436
197	50000.0	101.84780737895287
198	50000.0	36.54902989927646
199	50000.0	16.64323502517369
200	2788.8	0.0
201	2983.2	0.0
202	3163.2	0.0
203	2882.4	0.0
204	1359.6	0.0
205	2676.0	0.0
206	2517.6	0.0
207	1359.6	0.0
208	987.6	0.0
209	1224.0	0.0
210	3055.2	0.0
211	2239.2	0.0
212	1278.0	0.0
213	2892.0	0.0
214	1159.2	0.0
215	2334.0	0.0
216	4586.4	0.0
217	1872.0	0.0
218	4074.0	0.0
219	1359.6	0.0
220	1987.2	0.0
221	3074.4	0.0
222	3811.2	0.0
223	1372.8	0.0
224	2152.8	0.0
225	4756.8	0.0
226	2326.8	0.0
227	1359.6	0.0
228	3074.4	0.0
229	1159.2	0.0
230	5043.6	0.0
231	4130.4	0.0
232	2791.2	0.0
233	2392.8	0.0
234	3074.4	0.0
235	3889.2	0.0
236	3211.2	0.0
237	1278.0	0.0
238	1441.2	0.0
239	1364.4	0.0
240	2662.8	0.0
241	987.6	0.0
242	1135.2	0.0
243	1359.6	0.0
244	2398.8	0.0
245	2540.4	0.0
246	1364.4	0.0
247	987.6	0.0
248	1915.2	0.0
249	2152.8	0.0
250	50000.0	11.637383682001936
251	50000.0	17.8006409050578
252	50000.0	32.02922211870143
253	50000.0	24.139944981184883
254	50000.0	489.87494831876637
255	50000.0	9.75356533172536
256	50000.0	33.44771151794328
257	50000.0	15.6452678562106
258	50000.0	5.850029672523258
259	50000.0	591.6739474164275
260	50000.0	4.887765018654659
261	50000.0	11.450723747958163
262	50000.0	24.109015613016354
263	50000.0	8.821131952210303
264	50000.0	14.526598344139472
265	50000.0	16.584629369549887
266	50000.0	9.776727170999923
267	50000.0	10.617666617625586
268	50000.0	16.218209955368735
269	50000.0	16.346568594740987
270	50000.0	3.018442538796128
271	50000.0	41.57388189224783
272	50000.0	599.6770750786534
273	50000.0	8.955766443380188
274	50000.0	24.106891955158126
275	50000.0	4.180106928044876
276	50000.0	3.1764476664629604
277	50000.0	17.38242830452594
278	50000.0	15.650399441289016
279	50000.0	15.72622568494134
280	50000.0	18.284324107494346
281	50000.0	2.426034926607423
282	50000.0	49.350400712394176
283	50000.0	26.244073195213492
284	50000.0	17.501327326090777
285	50000.0	11.179381051613658
286	50000.0	10.66307114296498
287	50000.0	5.912438852976306
288	50000.0	7.78592609811862
289	50000.0	10.537059313735814
290	50000.0	34.55209825557152
291	50000.0	6.658179898695447
292	50000.0	8.472308120744174
293	50000.0	111.28868544547313
294	50000.0	12.617900390665385
295	50000.0	24.388105244847445
296	50000.0	1.0135123606553322
297	50000.0	16.13668497881801
298	50000.0	6.295566306892165
299	50000.0	12.209518854182006
300	50000.0	0.0
301	50000.0	94.98910139104579
302	50000.0	58.37909168142157
303	50000.0	12.247644271800372
304	50000.0	37.2148803327881
305	50000.0	67.71390350654339
306	50000.0	81.00267404345882
307	50000.0	0.0
308	50000.0	114.08703798062211
309	50000.0	27.49633754639488
310	50000.0	0.0
311	50000.0	423.74898292874343
312	50000.0	130.73553069448297
313	50000.0	0.0
314	50000.0	334.8285260392702
315	50000.0	0.0
316	50000.0	41.43348843131602
317	50000.0	35.346311187946796
318	50000.0	57.501586060098944
319	50000.0	1066.902223423583
320	50000.0	300.81287516025117
321	50000.0	0.0
322	50000.0	11.802194362279991
323	50000.0	0.0
324	50000.0	422.7416911960028
325	50000.0	235.511896602033
326	50000.0	127.18659511437716
327	50000.0	126.17553088215723
328	50000.0	63.733164682583684
329	50000.0	135.66377345444803
330	50000.0	0.0
331	50000.0	16.330426215446735
332	50000.0	0.0
333	50000.0	17.576103799698267
334	50000.0	93.72104691334567
335	50000.0	25.763076294666718
336	50000.0	275.6116628073049
337	50000.0	44.88656351723051
338	50000.0	53.339079023005944
339	50000.0	32.83093214907898
340	50000.0	0.0
341	50000.0	0.0
342	50000.0	686.2899882933588
343	50000.0	0.0
344	50000.0	0.0
345	50000.0	0.0
346	50000.0	66.10037602831142
347	50000.0	67.72045035099175
348	50000.0	75.75406985919858
349	50000.0	0.0
350	50000.0	39.96874352882271
351	50000.0	16.834700362795964
352	50000.0	31.74568451448933
353	50000.0	33.80569813059869
354	50000.0	11.040035498850942
355	50000.0	48.032554191407
356	50000.0	32.8326024341774
357	50000.0	1.549572156586061
358	50000.0	57.983784373433345
359	50000.0	6.421784258587205
360	50000.0	3.218186944177975
361	50000.0	2.933706298855762
362	50000.0	9.556418651013775
363	50000.0	13.536435350495841
364	50000.0	18.096720091413196
365	50000.0	11.418847529993567
366	50000.0	11.683025887320031
367	50000.0	31.931777082337256
368	50000.0	45.85668061243746
369	50000.0	13.624980672105133
370	50000.0	12.01593843353005
371	50000.0	3.9385290567327047
372	50000.0	10.246716133349171
373	50000.0	3.5557271803681503
374	50000.0	6.901214282267349
375	50000.0	4.587931539155907
376	50000.0	29.808549876699466
377	50000.0	12.097132257380716
378	50000.0	30.632400575975375
379	50000.0	47.13715252726292
380	50000.0	4.470998491978426
381	50000.0	1.890071033139079
382	50000.0	26.850076204337803
383	50000.0	102.1758650393773
384	50000.0	0.2564912480572209
385	50000.0	112.51529363607013
386	50000.0	110.1507056801642
387	50000.0	1.3187691680424944
388	50000.0	32.413710093085385
389	50000.0	50.210834684964226
390	50000.0	8.778884553024051
391	50000.0	4.624817421389417
392	50000.0	12.355286700885511
393	50000.0	7.208483480258724
394	50000.0	11.126483435560733
395	50000.0	2.691277852661238
396	50000.0	97.22305312450138
397	50000.0	4.910022110281096
398	50000.0	12.400720595623358
399	50000.0	15.122038615769402
400	50000.0	2.470423790446318
401	50000.0	0.2228705604757996
402	50000.0	1.0122978820555977
403	50000.0	0.45067579475495007
404	50000.0	0.031187257082328577
405	50000.0	2.867509235589373
406	50000.0	1.4663549399027351
407	50000.0	0.09918851708398045
408	50000.0	0.0021650192724666133
409	50000.0	0.003651494570655095
410	50000.0	0.1527291401460888
411	50000.0	2.0238562414795482
412	50000.0	0.43560295959441264
413	50000.0	0.8069809245738092
414	50000.0	2.185940927882114
415	50000.0	0.7839418574560816
416	50000.0	1.053819737123651
417	50000.0	0.3438765326674672
418	50000.0	2.1268255556500355
419	50000.0	2.8049066042771513
420	50000.0	0.40562485246148494
421	50000.0	1.8557778553577648
422	50000.0	1.4210841126398805
423	50000.0	0.05255013912871424
424	50000.0	1.022437235903939
425	50000.0	1.745184370679897
426	50000.0	1.7434412127872392
427	50000.0	0.0206856969758727
428	50000.0	0.15921757440841075
429	50000.0	0.9823718527189271
430	50000.0	1.492771925998137
431	50000.0	0.8710063500210861
432	50000.0	0.11664372740171487
433	50000.0	2.3304299811703952
434	50000.0	0.7577669892500574
435	50000.0	0.02007422088215404
436	50000.0	0.9047278601710996
437	50000.0	1.8761182121957762
438	50000.0	0.38781439435201887
439	50000.0	3.2916445036632185
440	50000.0	1.0389251071525618
441	50000.0	0.4262309800562166
442	50000.0	0.8585111065595006
443	50000.0	0.8348910352720514
444	50000.0	1.0168071134184777
445	50000.0	1.7437180223514825
446	50000.0	1.9146962648344146
447	50000.0	0.09608379386500057
448	50000.0	0.8938246850516206
449	50000.0	0.009512490659806135
450	50000.0	3518.0202421242
451	50000.0	12328.899291957376
452	50000.0	5784.290802665464
453	50000.0	797.1160006694016
454	50000.0	13754.79706143644
455	50000.0	2967.6179009874786
456	50000.0	535.559295626015
457	50000.0	3396.677600331761
458	50000.0	3770.8398787455685
459	50000.0	5679.175358171857
460	50000.0	5242.042232989582
461	50000.0	18164.38267433893
462	50000.0	647.8306996170923
463	50000.0	1782.2509265002816
464	50000.0	812.4464729363697
465	50000.0	5131.44536663417
466	50000.0	167.83931915769196
467	50000.0	4466.588508844466
468	50000.0	5208.631638465202
469	50000.0	1170.1146156198197
470	50000.0	960.0304342508831
471	50000.0	1298.855176238186
472	50000.0	2676.911482168223
473	50000.0	1413.7046930222316
474	50000.0	3203.419612354132
475	50000.0	19171.540028186104
476	50000.0	295.9447840022405
477	50000.0	13499.580150273672
478	50000.0	6793.409764480704
479	50000.0	19426.753597001538
480	50000.0	41656.826078674996
481	50000.0	5041.657299924749
482	50000.0	1042.6745168047153
483	50000.0	1069.3544529445553
484	50000.0	1043.6495753316792
485	50000.0	4028.8820671236595
486	50000.0	7871.738492833727
487	50000.0	235.36281790978805
488	50000.0	296.84081461516166
489	50000.0	9564.872776306793
490	50000.0	70.87104787842243
491	50000.0	434.0328021897509
492	50000.0	17366.14019781165
493	50000.0	15897.278110077372
494	50000.0	740.8781626190246
495	50000.0	1061.1208076158032
496	50000.0	5793.670059790813
497	50000.0	454.27887489471516
498	50000.0	5707.156041258786
499	50000.0	1381.904661606441
500	50000.0	15.718233354851577
501	50000.0	8.11900766473834
502	50000.0	16.634138037784986
503	50000.0	3.444488491326131
504	50000.0	19.545962442105065
505	50000.0	15.451412368894552
506	50000.0	31.686445192404683
507	50000.0	6.3692855310590195
508	50000.0	41.29555516992828
509	50000.0	23.09899341162929
510	50000.0	5.489548073665252
511	50000.0	13.198886939997823
512	50000.0	13.321033960812944
513	50000.0	4.136161792689931
514	50000.0	11.7777117340552
515	50000.0	6.729700989717503
516	50000.0	19.25640432589607
517	50000.0	5.341094972725936
518	50000.0	7.101138150613982
519	50000.0	31.369688499804425
520	50000.0	20.26572067291116
521	50000.0	4.461487048248511
522	50000.0	11.961050564806985
523	50000.0	11.20857069680583
524	50000.0	18.18833682245496
525	50000.0	6.880718901263181
526	50000.0	10.118918320915672
527	50000.0	20.541868123805724
528	50000.0	0.8713326258729787
529	50000.0	8.731214264881698
530	50000.0	4.117244826037927
531	50000.0	24.698061891593284
532	50000.0	32.745476614105215
533	50000.0	17.11298891463135
534	50000.0	16.819207805694486
535	50000.0	8.386253628382477
536	50000.0	14.439754168928653
537	50000.0	17.752602689351413
538	50000.0	22.486035707193572
539	50000.0	5.032407656229329
540	50000.0	32.0034818407863
541	50000.0	4.140159303869131
542	50000.0	2.761976523628284
543	50000.0	10.160942823025781
544	50000.0	8.448441859633665
545	50000.0	33.11235975606363
546	50000.0	5.636465610362437
547	50000.0	12.902781580190402
548	50000.0	5.44459983091952
549	50000.0	7.51793464137849
550	50000.0	153427.6146940427
551	50000.0	76957.49113989066
552	50000.0	105417.91413259922
553	50000.0	949828.4694827124
554	50000.0	99776.39379701033
555	50000.0	29.460173018320837
556	50000.0	280942.37819846947
557	50000.0	247930.87582595553
558	50000.0	91498.34014502722
559	50000.0	51893.76033157798
560	50000.0	52222.65960120543
561	50000.0	219093.40502521838
562	50000.0	27120.01194988007
563	50000.0	31031.14349296157
564	50000.0	29237.476479112018
565	50000.0	123234.7136102564
566	50000.0	9.999841258922258
567	50000.0	86315.36950726055
568	50000.0	4767.969074764085
569	50000.0	270230.0407226019
570	50000.0	92065.60043710898
571	50000.0	561243.0552457509
572	50000.0	152344.2965559295
573	50000.0	53056.44876992611
574	50000.0	14.945494661401256
575	50000.0	42487.61624088966
576	50000.0	219614.0480327084
577	50000.0	112275.31525037822
578	50000.0	335851.8622203393
579	50000.0	35103.809084019274
580	50000.0	1574.0562544426587
581	50000.0	1164.9070861196728
582	50000.0	1043.1538364901803
583	50000.0	169245.80890519492
584	50000.0	69675.0363695456
585	50000.0	17952.802450086816
586	50000.0	39412.396873671576
587	50000.0	2322569.233201596
588	50000.0	121643.80642834833
589	50000.0	1719070.4112003304
590	50000.0	5695.060778297959
591	50000.0	41036.24678739408
592	50000.0	125921.31491330822
593	50000.0	141897.79873734413
594	50000.0	77715.15700120723
595	50000.0	2199640.3588171136
596	50000.0	581.4846199464411
597	50000.0	295571.70348935336
598	50000.0	90556.26777413845
599	50000.0	927084.2179205945
600	50000.0	22.840841152845538
601	50000.0	171.66191510096934
602	50000.0	108.79346529376816
603	50000.0	100.67589818970193
604	50000.0	35.24124838324248
605	50000.0	26.153430830673052
606	50000.0	44.97726097114017
607	50000.0	38.069786530528305
608	50000.0	146.3845799656044
609	50000.0	82.23117189370153
610	50000.0	211.1404290367249
611	50000.0	100.70427109984983
612	50000.0	72.31667347617415
613	50000.0	46.76671895077584
614	50000.0	189.60551019641198
615	50000.0	109.83272551663069
616	50000.0	41.368356986463894
617	50000.0	53.41448439471488
618	50000.0	57.885248620986964
619	50000.0	33.851513022207826
620	50000.0	102.71125928209783
621	50000.0	77.30741282377288
622	50000.0	4.79636601989328
623	50000.0	48.61386359782532
624	50000.0	127.52632670663733
625	50000.0	47.70748791431424
626	50000.0	31.33483520762537
627	50000.0	112.36729860689346
628	50000.0	78.80169509261351
629	50000.0	77.22388690656058
630	50000.0	97.23727678474884
631	50000.0	91.71209654855178
632	50000.0	79.6227289744189
633	50000.0	88.97891957388723
634	50000.0	48.63560662430843
635	50000.0	101.83631497045556
636	50000.0	7.076976322459946
637	50000.0	49.185561803916876
638	50000.0	124.05533598605193
639	50000.0	99.2854435361754
640	50000.0	74.35311384233782
641	50000.0	152.61879807185954
642	50000.0	85.0829833863943
643	50000.0	95.47454505774024
644	50000.0	26.893895129266742
645	50000.0	89.25242641070314
646	50000.0	45.45457177340957
647	50000.0	92.55006005487468
648	50000.0	56.55935224351837
649	50000.0	56.041923876187276
650	50000.0	0.4041962115790162
651	50000.0	0.13831706891549528
652	50000.0	0.7610926277661817
653	50000.0	0.1334722028801797
654	50000.0	0.20307523014563927
655	50000.0	0.9382702550141797
656	50000.0	0.5445076134455863
657	50000.0	0.5208609191890898
658	50000.0	0.36343363957379066
659	50000.0	0.15347400512922907
660	50000.0	2.2020479098843357
661	50000.0	0.05117195991238797
662	50000.0	0.3947440505564286
663	50000.0	0.9144187083362925
664	50000.0	0.38277550884198897
665	50000.0	0.266359038380534
666	50000.0	1.2278530524808757
667	50000.0	0.3740038460503046
668	50000.0	0.40482741674468947
669	50000.0	1.968809539408031
670	50000.0	0.17428098313075255
671	50000.0	0.03427450628066309
672	50000.0	0.04615863571215326
673	50000.0	0.6334767690747288
674	50000.0	1.5953038783789757
675	50000.0	0.23588075290742636
676	50000.0	0.0922917093848415
677	50000.0	0.41527505014956034
678	50000.0	0.08762309307670008
679	50000.0	2.101779096020106
680	50000.0	0.0748020241586948
681	50000.0	0.0615345506628352
682	50000.0	1.0433795263891743
683	50000.0	0.8189607624033883
684	50000.0	0.9064703277369823
685	50000.0	0.12494784578797842
686	50000.0	0.5941250168782266
687	50000.0	1.1751170941253943
688	50000.0	0.6973395994317237
689	50000.0	0.40224092489576346
690	50000.0	0.24064548361020846
691	50000.0	1.5135805721575482
692	50000.0	0.30838729897132233
693	50000.0	0.09221634140441717
694	50000.0	0.9327092070223941
695	50000.0	0.06541417609368592
696	50000.0	0.5323189856000325
697	50000.0	0.22805447311518154
698	50000.0	2.216550791036742
699	50000.0	0.20673427150875243
700	50000.0	41.44194036959271
701	50000.0	95.17865748202905
702	50000.0	91.91289246545162
703	50000.0	80.15601347142338
704	50000.0	69.88640420372069
705	50000.0	8.057030046964968
706	50000.0	79.49587677591705
707	50000.0	43.389831602537726
708	50000.0	49.09421714179976
709	50000.0	41.621248382455676
710	50000.0	56.24956207388537
711	50000.0	43.07987587835309
712	50000.0	64.21070732005754
713	50000.0	47.22181773823847
714	50000.0	75.22625927634671
715	50000.0	65.93111951470296
716	50000.0	41.78016118701079
717	50000.0	73.87246762351788
718	50000.0	62.91526285205845
719	50000.0	64.80666358625783
720	50000.0	46.97965905495212
721	50000.0	55.76565435066559
722	50000.0	101.55450669952506
723	50000.0	51.165798938096756
724	50000.0	60.101615342559526
725	50000.0	32.783050094092985
726	50000.0	66.8026715495316
727	50000.0	80.65724966129649
728	50000.0	10.384838250730557
729	50000.0	40.553312148625956
730	50000.0	63.223561941897174
731	50000.0	35.49935922417792
732	50000.0	80.19876777251497
733	50000.0	91.9108713926278
734	50000.0	63.79761871779611
735	50000.0	69.74054490029975
736	50000.0	61.841448018671905
737	50000.0	50.572789505117115
738	50000.0	79.91045027126609
739	50000.0	37.50265823517135
740	50000.0	46.80856080334409
741	50000.0	46.668679547749015
742	50000.0	42.60148382771584
743	50000.0	67.60658222326353
744	50000.0	51.7858174930271
745	50000.0	50.31526300543398
746	50000.0	20.87839449540629
747	50000.0	53.03125256893603
748	50000.0	26.794892882077704
749	50000.0	73.9618961369823
750	50000.0	5.381963850513545
751	50000.0	6.3177915506924895
752	50000.0	8.969095048057541
753	50000.0	7.609221279874451
754	50000.0	6.704121497646442
755	50000.0	8.478617830637528
756	50000.0	9.61078164289705
757	50000.0	3.697774747282826
758	50000.0	9.338166224798933
759	50000.0	7.220301305065564
760	50000.0	4.949190148499683
761	50000.0	6.635512454253996
762	50000.0	3.734059111653374
763	50000.0	7.0064899768483855
764	50000.0	7.161394256345751
765	50000.0	8.697207427929374
766	50000.0	6.3879087042958265
767	50000.0	5.721401064311662
768	50000.0	6.372881814991381
769	50000.0	5.617858705705079
770	50000.0	6.999135627048536
771	50000.0	7.264148968454469
772	50000.0	4.562804503131499
773	50000.0	3.4937012870742565
774	50000.0	6.987050764269506
775	50000.0	2.8568627260501116
776	50000.0	6.374606963721108
777	50000.0	5.7755123903762655
778	50000.0	5.41913802529286
779	50000.0	6.323269184304471
780	50000.0	8.597127692962388
781	50000.0	6.681961980261834
782	50000.0	7.931017471074722
783	50000.0	6.3888559223653365
784	50000.0	6.512693479395756
785	50000.0	6.298873149895682
786	50000.0	4.419680048124498
787	50000.0	5.328058170084639
788	50000.0	8.287602093176314
789	50000.0	6.902508649238802
790	50000.0	5.832671397931667
791	50000.0	5.3024838874711735
792	50000.0	10.40961940465694
793	50000.0	3.2651036651501455
794	50000.0	6.4454591788607285
795	50000.0	5.3804107222749975
796	50000.0	6.747135924686896
797	50000.0	4.416422566614092
798	50000.0	6.547208946993216
799	50000.0	4.941303503698231
800	50000.0	5.251886036081212
801	50000.0	7.184713416077439
802	50000.0	3.2337863429294815
803	50000.0	6.754220411435311
804	50000.0	13.224378088285096
805	50000.0	5.919891470979646
806	50000.0	5.8517020682099385
807	50000.0	6.336445737775334
808	50000.0	7.6402020969267666
809	50000.0	15.149867385617393
810	50000.0	7.687457586277172
811	50000.0	10.070847425346708
812	50000.0	9.319764482621029
813	50000.0	10.777233206963809
814	50000.0	9.618601081933058
815	50000.0	7.691310136145385
816	50000.0	16.27043188598335
817	50000.0	8.981745752048832
818	50000.0	9.411634915202644
819	50000.0	9.940554963752287
820	50000.0	7.467037411472224
821	50000.0	9.260986829522622
822	50000.0	6.529552902549308
823	50000.0	2.6853775033752108
824	50000.0	7.300276516612056
825	50000.0	8.019545595790715
826	50000.0	8.013965232444729
827	50000.0	3.191452094382181
828	50000.0	6.664618044301543
829	50000.0	4.308729430485392
830	50000.0	5.673264118636006
831	50000.0	7.537657801645551
832	50000.0	4.663073135261632
833	50000.0	4.077611817282028
834	50000.0	2.3201437181999798
835	50000.0	3.2692946828735905
836	50000.0	10.222901068348675
837	50000.0	4.6533785687011235
838	50000.0	14.197136128463702
839	50000.0	3.1689909344423706
840	50000.0	6.0145024892199865
841	50000.0	5.361760637872954
842	50000.0	7.821189409850964
843	50000.0	4.69421367273608
844	50000.0	6.113141219329692
845	50000.0	14.33635565498987
846	50000.0	9.546141453970069
847	50000.0	7.425702196635671
848	50000.0	6.495181938113198
849	50000.0	7.090735668055767
850	50000.0	21.883118472548997
851	50000.0	29.557081721519705
852	50000.0	11.080437346573724
853	50000.0	26.09897805160258
854	50000.0	40.23969332181325
855	50000.0	22.07916894462668
856	50000.0	25.59210580540909
857	50000.0	29.58552259526062
858	50000.0	34.506135768722686
859	50000.0	65.07375853115067
860	50000.0	27.008415791478267
861	50000.0	41.92699377582772
862	50000.0	26.88625830722674
863	50000.0	33.10549288610753
864	50000.0	37.34529685649533
865	50000.0	23.66511246802748
866	50000.0	65.48555250613751
867	50000.0	32.0316172806858
868	50000.0	31.672767385891092
869	50000.0	27.570326562897048
870	50000.0	38.24669875390298
871	50000.0	38.51960543642743
872	50000.0	14.634792438221229
873	50000.0	15.663442004684601
874	50000.0	19.367929797090984
875	50000.0	20.5396188611531
876	50000.0	20.259671747088916
877	50000.0	9.16693193783018
878	50000.0	27.35639669086421
879	50000.0	13.885042049991892
880	50000.0	20.725075325720738
881	50000.0	30.043057465498226
882	50000.0	19.319432260106627
883	50000.0	13.15084221221037
884	50000.0	8.698954562971654
885	50000.0	12.900210072682551
886	50000.0	34.52187608416523
887	50000.0	19.483956882056578
888	50000.0	59.53569336229187
889	50000.0	15.957248022256163
890	50000.0	18.86301304620708
891	50000.0	26.63740944945773
892	50000.0	21.375312777433464
893	50000.0	21.713567623124472
894	50000.0	26.179774358802764
895	50000.0	49.203475432864764
896	50000.0	28.985585815176666
897	50000.0	25.426984357100626
898	50000.0	22.414321772954676
899	50000.0	22.829765173142626
900	50000.0	0.07251533857701861
901	50000.0	0.07341236156220106
902	50000.0	0.08747159355811203
903	50000.0	0.05280924468091523
904	50000.0	0.06087510352866197
905	50000.0	0.07655945353861941
906	50000.0	0.06473648817088887
907	50000.0	0.10329756910703533
908	50000.0	0.05782023925579534
909	50000.0	0.08419141506406547
910	50000.0	0.07396113438594512
911	50000.0	0.1223286766894768
912	50000.0	0.13938325239264948
913	50000.0	0.0999269564403841
914	50000.0	0.1307807748980821
915	50000.0	0.08740650446861782
916	50000.0	0.07559860425094751
917	50000.0	0.0821109603881153
918	50000.0	0.1337551512907332
919	50000.0	0.08470371801844809
920	50000.0	0.10622920472234938
921	50000.0	0.15439133932358384
922	50000.0	0.10377195604098546
923	50000.0	0.08536129324394075
924	50000.0	0.06829692958324358
925	50000.0	0.08522331423115456
926	50000.0	0.09655156738803203
927	50000.0	0.13916433480445764
928	50000.0	0.09045876979958348
929	50000.0	0.07286513402834967
930	50000.0	0.06605546037831686
931	50000.0	0.10486442103047366
932	50000.0	0.08114898092962175
933	50000.0	0.08359994101206603
934	50000.0	0.09544901477627973
935	50000.0	0.06069229554354898
936	50000.0	0.07104249901027178
937	50000.0	0.08428504911855957
938	50000.0	0.056984995290419074
939	50000.0	0.07430939897065195
940	50000.0	0.08287005175168752
941	50000.0	0.08711616396168864
942	50000.0	0.08422689556899599
943	50000.0	0.10465668721746191
944	50000.0	0.09574367320653696
945	50000.0	0.09050162352278779
946	50000.0	0.13593458004213463
947	50000.0	0.041753464519923254
948	50000.0	0.10578503774781733
949	50000.0	0.11313440474612602
950	50000.0	1.5953515169815287
951	50000.0	1.6024825449045312
952	50000.0	1.9961736987925633
953	50000.0	1.5637828475819935
954	50000.0	2.0027906656981114
955	50000.0	1.7690269214342287
956	50000.0	1.9750278048155168
957	50000.0	1.7477392791033508
958	50000.0	2.0392822668532613
959	50000.0	1.4917066858281083
960	50000.0	1.9670671088446798
961	50000.0	1.81229050709982
962	50000.0	1.5888485952250686
963	50000.0	1.5615073190002002
964	50000.0	1.5243581571994316
965	50000.0	1.7071220059410508
966	50000.0	1.5471560332878898
967	50000.0	1.5368661804584287
968	50000.0	2.0392822668532613
969	50000.0	1.9029160368509885
970	50000.0	1.586662867110277
971	50000.0	1.9427557728069733
972	50000.0	1.8053003936583778
973	50000.0	1.6661490353640567
974	50000.0	1.8763820867173187
975	50000.0	1.948752873889708
976	50000.0	1.821880520331477
977	50000.0	1.897533609767665
978	50000.0	1.4570517682969637
979	50000.0	1.7055410699584854
980	50000.0	1.8979875505787767
981	50000.0	1.9333565228752936
982	50000.0	1.8158605046604586
983	50000.0	1.8860636225924086
984	50000.0	1.7459741242889706
985	50000.0	1.6760579733063934
986	50000.0	1.8421648288377086
987	50000.0	1.7356817728807084
988	50000.0	2.033549624680595
989	50000.0	1.876572950734492
990	50000.0	1.8426882190968918
991	50000.0	1.8232156319834658
992	50000.0	1.8275719423854853
993	50000.0	1.703949690269003
994	50000.0	1.8426882190968918
995	50000.0	1.6799120427731569
996	50000.0	1.9722441524330598
997	50000.0	1.9962299832730754
998	50000.0	1.6775070724709082
999	50000.0	1.881932211764647
1000	50000.0	2.2751020734472167
1001	50000.0	1.2876135766622216
1002	50000.0	7.01391489261662
1003	50000.0	5.652032941833396
1004	50000.0	2.308435286914263
1005	50000.0	2.608527406982552
1006	50000.0	2.440799782891652
1007	50000.0	2.295319112855178
1008	50000.0	2.845744808430166
1009	50000.0	5.183603700079503
1010	50000.0	10.35368191620737
1011	50000.0	6.131591527154155
1012	50000.0	2.406727870499675
1013	50000.0	16.70089208150388
1014	50000.0	3.5245948450146103
1015	50000.0	0.030934929363132208
1016	50000.0	1.2598210351639918
1017	50000.0	10.089285722027023
1018	50000.0	3.943091459994297
1019	50000.0	5.024952124895499
1020	50000.0	7.370328343381978
1021	50000.0	22.12368753570134
1022	50000.0	9.028655885921031
1023	50000.0	0.7385196868656443
1024	50000.0	4.962466115878751
1025	50000.0	1.5317434291920131
1026	50000.0	8.621904709600448
1027	50000.0	0.007268367457445787
1028	50000.0	6.009566675619579
1029	50000.0	0.570887836276583
1030	50000.0	7.720637639642661
1031	50000.0	8.53786661837994
1032	50000.0	3.877122108520266
1033	50000.0	3.767111636688635
1034	50000.0	5.95402412012144
1035	50000.0	5.180722936552677
1036	50000.0	0.00010403943517317707
1037	50000.0	5.189340445683608
1038	50000.0	0.13801554312517297
1039	50000.0	8.854271389060173
1040	50000.0	1.8784894720090022
1041	50000.0	5.9866880610636795
1042	50000.0	5.667814413494181
1043	50000.0	2.8600554049135534
1044	50000.0	0.011136625833156086
1045	50000.0	2.1226024662962226
1046	50000.0	4.6017976270496295
1047	50000.0	1.9551019859409244
1048	50000.0	6.940518840542126
1049	50000.0	10.024836738174319
1050	50000.0	62.38214105567177
1051	50000.0	0.15234934535095318
1052	50000.0	5.397512445346702
1053	50000.0	1.2965741603858647
1054	50000.0	7.337594208685492
1055	50000.0	17.97064176531896
1056	50000.0	1.0376151254193955
1057	50000.0	1.5565141509090747
1058	50000.0	4.873961621594114
1059	50000.0	2.1447054256256086
1060	50000.0	2.382230393000784
1061	50000.0	22.305547690932908
1062	50000.0	1.191990357097253
1063	50000.0	11.126706996564385
1064	50000.0	37.158186045981964
1065	50000.0	12.018084933186366
1066	50000.0	6.653048362351159
1067	50000.0	3.7696933489763773
1068	50000.0	13.734461646838687
1069	50000.0	15.717585227217262
1070	50000.0	0.09921159042721998
1071	50000.0	2.4363789466157515
1072	50000.0	1.3966886493636557
1073	50000.0	17.186617861249726
1074	50000.0	6.6050655322367735
1075	50000.0	4.420549635023767
1076	50000.0	16.22922532109148
1077	50000.0	6.429160255520142
1078	50000.0	3.4635054384496713
1079	50000.0	0.5763505521329194
1080	50000.0	8.930577074139915
1081	50000.0	2.359459584031229
1082	50000.0	1.3375252380930847
1083	50000.0	0.6554874126933904
1084	50000.0	7.404617593009661
1085	50000.0	2.052673687130443
1086	50000.0	2.311918014774129
1087	50000.0	0.884284387423874
1088	50000.0	0.8865253611993099
1089	50000.0	5.705851200565697
1090	50000.0	3.897296901660679
1091	50000.0	0.9584608916882417
1092	50000.0	7.276808802521188
1093	50000.0	3.9645171962784125
1094	50000.0	9.951107901294971
1095	50000.0	0.4104169715780531
1096	50000.0	2.284846227098591
1097	50000.0	7.288118682865073
1098	50000.0	0.05398024514149523
1099	50000.0	13.126561976083963
1100	50000.0	0.6214119869540667
1101	50000.0	0.8604418769788712
1102	50000.0	1.166308713577093
1103	50000.0	0.7845328216077788
1104	50000.0	0.7962665759318377
1105	50000.0	0.760917761380033
1106	50000.0	1.0531869289116713
1107	50000.0	0.9502711509666157
1108	50000.0	0.6360434697305508
1109	50000.0	0.6565833444961789
1110	50000.0	0.9599313674882982
1111	50000.0	0.6464804209644224
1112	50000.0	0.6941588107426648
1113	50000.0	0.675611126098277
1114	50000.0	0.7049598089091949
1115	50000.0	0.5635004532908914
1116	50000.0	0.9663701970586954
1117	50000.0	0.6984380816440963
1118	50000.0	0.6622929109531024
1119	50000.0	0.7890935702805144
1120	50000.0	0.7355008556381121
1121	50000.0	0.9860071945780049
1122	50000.0	0.8421628858466642
1123	50000.0	0.6270029602248954
1124	50000.0	0.8142010246559783
1125	50000.0	0.7242495934164201
1126	50000.0	0.6122954799843712
1127	50000.0	0.7685671298312211
1128	50000.0	0.7709196611341678
1129	50000.0	0.8150426208451321
1130	50000.0	0.5331049901244448
1131	50000.0	1.158997772169273
1132	50000.0	0.6061347473001242
1133	50000.0	0.8619242981181447
1134	50000.0	0.6535123256995208
1135	50000.0	0.8302801576270931
1136	50000.0	0.6420989929060255
1137	50000.0	0.7553236265711997
1138	50000.0	1.3661932232333813
1139	50000.0	0.43601510667412685
1140	50000.0	0.7777897980651848
1141	50000.0	0.7509849841811065
1142	50000.0	0.8937580581691993
1143	50000.0	0.8368720434843382
1144	50000.0	0.7320790805200904
1145	50000.0	0.8509294289022066
1146	50000.0	1.0558750981926188
1147	50000.0	0.9786612230824187
1148	50000.0	0.7777225417671392
1149	50000.0	0.9884054851927875
1150	50000.0	22.049205585570885
1151	50000.0	22.82403591420198
1152	50000.0	23.729460431977582
1153	50000.0	13.15843924707703
1154	50000.0	22.639436943651663
1155	50000.0	11.894395864233854
1156	50000.0	20.143995277696135
1157	50000.0	20.867141090801656
1158	50000.0	20.61580584470888
1159	50000.0	23.891912592867417
1160	50000.0	21.623730110174428
1161	50000.0	23.506773372966897
1162	50000.0	20.246318245646552
1163	50000.0	19.462465102868446
1164	50000.0	18.80366685499243
1165	50000.0	21.702244994012073
1166	50000.0	14.408411656977535
1167	50000.0	12.637545858909482
1168	50000.0	23.550047538492812
1169	50000.0	20.70614423578278
1170	50000.0	22.817697322043887
1171	50000.0	19.179293613081246
1172	50000.0	14.093212767413814
1173	50000.0	23.106151941065338
1174	50000.0	19.14011507195789
1175	50000.0	23.719138356800663
1176	50000.0	13.069557140502175
1177	50000.0	7.260680107317779
1178	50000.0	20.826912910649064
1179	50000.0	7.040030840807889
1180	50000.0	15.398368370682016
1181	50000.0	24.097588624026407
1182	50000.0	12.6022213906988
1183	50000.0	19.2853694279349
1184	50000.0	11.80290689455744
1185	50000.0	22.724573945078298
1186	50000.0	21.330372723823736
1187	50000.0	13.91622785330616
1188	50000.0	18.708606735341103
1189	50000.0	19.246565602355304
1190	50000.0	20.148851881237885
1191	50000.0	23.146537974204133
1192	50000.0	13.968895711012886
1193	50000.0	22.07285042373112
1194	50000.0	19.192238227940557
1195	50000.0	19.37715752671222
1196	50000.0	17.69267588795517
1197	50000.0	18.692010806736338
1198	50000.0	19.606504759809884
1199	50000.0	18.30842311609599
