	0	1
0	3852.0	6.7347129021542594e-09
1	3331.2	6.8881849836510685e-09
2	4508.4	5.820422153205886e-09
3	3993.6	6.4896014545895554e-09
4	3819.6	6.310382437693692e-09
5	3885.6	5.62460945300385e-09
6	3646.8	7.433341565023354e-09
7	3229.2	6.3624879724244745e-09
8	3564.0	7.010940032866402e-09
9	3429.6	6.367582794260626e-09
10	3493.2	6.0955142884041184e-09
11	4060.8	7.601646044790305e-09
12	3864.0	5.433209725977302e-09
13	3974.4	6.324880265075401e-09
14	3560.4	5.707129745833684e-09
15	4237.2	6.832089645295724e-09
16	3638.4	5.726651303333098e-09
17	3727.2	6.976304251402107e-09
18	4120.8	7.226127917558998e-09
19	3632.4	6.245564305385368e-09
20	3829.2	6.550943287328483e-09
21	4083.6	7.577363026176632e-09
22	4096.8	6.927693920847262e-09
23	3784.8	6.830980095100877e-09
24	3476.4	5.963997035144688e-09
25	3518.4	6.320461069460396e-09
26	4132.8	7.397842836986577e-09
27	3792.0	6.6288900373095355e-09
28	3909.6	6.748007304118594e-09
29	3523.2	7.590794655715788e-09
30	3249.6	7.425901840515612e-09
31	3588.0	6.209013015248058e-09
32	3771.6	6.206306892237123e-09
33	3950.4	7.152126560656694e-09
34	3462.0	7.627844956944783e-09
35	3291.6	7.038894088976766e-09
36	3633.6	7.393855140832803e-09
37	4042.8	5.456000953776469e-09
38	3842.4	7.575272401034443e-09
39	3504.0	6.256170074222472e-09
40	4056.0	6.904222206320331e-09
41	3484.8	6.8957849262611e-09
42	3619.2	4.9104810101609445e-09
43	4122.0	7.002285158258213e-09
44	3558.0	7.03858398044312e-09
45	4128.0	6.944386305968442e-09
46	3986.4	5.9695208920870655e-09
47	3679.2	6.158423272402684e-09
48	3576.0	5.688640367796005e-09
49	4009.2	6.92707944061036e-09
50	7164.0	7.274625094856201e-09
51	6282.0	7.037675173517102e-09
52	6177.6	7.525686129431602e-09
53	7086.0	7.012864306833674e-09
54	7190.4	7.939932423891873e-09
55	6555.6	6.218425809799645e-09
56	7232.4	6.867228752404873e-09
57	6669.6	7.389601283141848e-09
58	6871.2	5.806012479419707e-09
59	6756.0	7.577068160638692e-09
60	7126.8	5.327973929472097e-09
61	7096.8	5.20461833336613e-09
62	6963.6	5.401866693231895e-09
63	6186.0	6.836661257415251e-09
64	6424.8	8.163165275175924e-09
65	7544.4	5.944369025599461e-09
66	6853.2	6.920059189534376e-09
67	6362.4	6.150909679555864e-09
68	6416.4	6.283829579201741e-09
69	6802.8	7.499152093004805e-09
70	6127.2	6.516783828936182e-09
71	7456.8	7.037469925720799e-09
72	6442.8	8.18905798670509e-09
73	5808.0	6.6835078975454515e-09
74	6285.6	7.643619896262636e-09
75	6885.6	6.7615873463929e-09
76	6668.4	8.612388884344051e-09
77	6608.4	7.669078807835934e-09
78	6260.4	5.386117448321222e-09
79	6736.8	7.3067307813126895e-09
80	6362.4	6.379014248034358e-09
81	6340.8	6.819235104897593e-09
82	7111.2	7.43312752203103e-09
83	6310.8	7.82763915009361e-09
84	6717.6	5.820759462122714e-09
85	7286.4	6.559497303330292e-09
86	6812.4	7.233483727832693e-09
87	6860.4	6.035511812620998e-09
88	6046.8	6.949487748883384e-09
89	6661.2	7.507624618028361e-09
90	5984.4	6.141280838560136e-09
91	6438.0	5.984624176603366e-09
92	6385.2	6.2197302908124095e-09
93	6429.6	7.133613755008841e-09
94	7005.6	6.792861003524935e-09
95	8750.4	6.617943527147203e-09
96	6591.6	7.014976489116784e-09
97	6529.2	7.66053596527485e-09
98	8599.2	7.028704834468692e-09
99	6434.4	6.5218235174020905e-09
100	50000.0	4.0793296151729495
101	50000.0	6.946801964939626
102	50000.0	3.88033881131811
103	50000.0	5.204343877679216
104	42319.6	3.5818505917603067
105	50000.0	5.537254348935301
106	50000.0	3.442322993128125
107	50000.0	3.283363377188787
108	45790.8	4.782375519666507
109	50000.0	7.043685277548649
110	50000.0	4.079330118954883
111	46464.0	6.731283622779074
112	45621.6	5.253624302076644
113	50000.0	5.273278468557266
114	50000.0	4.388421280032295
115	50000.0	5.27327137914565
116	45638.4	4.575797525554629
117	50000.0	5.273279476121088
118	50000.0	4.1788229974289255
119	50000.0	4.776559591911743
120	41382.4	3.382858276833266
121	50000.0	2.98487666749796
122	50000.0	3.2833618611725988
123	45865.2	5.273276953632609
124	45487.2	2.885380762221356
125	50000.0	3.6813469998994477
126	50000.0	5.074288168487479
127	50000.0	3.382859786955213
128	50000.0	6.896120424295255
129	36992.0	3.482354686845428
130	50000.0	4.975783787608728
131	50000.0	2.984876667497961
132	50000.0	3.482355188480791
133	50000.0	9.337511259607096
134	50000.0	5.609852828154618
135	45649.2	8.952847072446579
136	50000.0	4.9081183746102
137	50000.0	4.231056066317623
138	50000.0	3.979832193574089
139	50000.0	9.879078684815067
140	45654.0	3.4823556926368497
141	50000.0	4.875296357065676
142	45644.4	4.76514898621145
143	50000.0	2.785884352297421
144	50000.0	3.4823551884807897
145	50000.0	4.190212698347605
146	50000.0	4.733194314520208
147	45654.0	4.925881530701963
148	50000.0	3.2709744928096134
149	50000.0	4.477310714556918
150	50000.0	5.571765173577625
151	50000.0	6.964707858052075
152	50000.0	6.069246721795721
153	50000.0	8.158655699328742
154	50000.0	7.462186882816783
155	50000.0	7.678167985846454
156	50000.0	5.7298381435771315
157	50000.0	7.959663384128168
158	50000.0	8.011193972125788
159	50000.0	6.7468023212293105
160	50000.0	6.297906047129086
161	50000.0	8.656125115772271
162	50000.0	4.974792766556922
163	50000.0	7.462184359363432
164	50000.0	5.3727758856123184
165	50000.0	6.8652124561246595
166	50000.0	7.561678749183232
167	50000.0	7.163696133909727
168	50000.0	7.66117617078209
169	50000.0	8.059153212533486
170	50000.0	5.550394469961402
171	50000.0	5.584219151125982
172	50000.0	8.954617898096664
173	50000.0	9.949573927954704
174	50000.0	5.5717682008129215
175	50000.0	4.875296860847581
176	50000.0	6.26823600976102
177	50000.0	8.059159793621944
178	50000.0	10.049067813992576
179	50000.0	6.853747902579852
180	50000.0	5.870254406595151
181	50000.0	6.6662206449700125
182	50000.0	9.345490259511793
183	50000.0	6.566723223167173
184	50000.0	6.8652124561246355
185	50000.0	8.457140389221461
186	50000.0	10.052712429774036
187	50000.0	8.357647008255674
188	50000.0	5.571767193249082
189	50000.0	8.158656207833879
190	50000.0	6.765718140239292
191	50000.0	8.158655700644799
192	50000.0	6.16874161994125
193	50000.0	4.676305049428958
194	50000.0	8.357647510747393
195	50000.0	6.692084643984513
196	50000.0	6.392025041154167
197	50000.0	8.0591592898375
198	50000.0	6.1376695405809905
199	50000.0	11.590097452234144
200	127.2	0.0
201	133.2	0.0
202	133.2	0.0
203	139.2	0.0
204	128.4	0.0
205	135.6	0.0
206	138.0	0.0
207	128.4	0.0
208	133.2	0.0
209	141.6	0.0
210	130.8	0.0
211	130.8	0.0
212	133.2	0.0
213	133.2	0.0
214	136.8	0.0
215	129.6	0.0
216	139.2	0.0
217	127.2	0.0
218	124.8	0.0
219	128.4	0.0
220	135.6	0.0
221	130.8	0.0
222	124.8	0.0
223	130.8	0.0
224	138.0	0.0
225	135.6	0.0
226	130.8	0.0
227	128.4	0.0
228	130.8	0.0
229	136.8	0.0
230	135.6	0.0
231	127.2	0.0
232	138.0	0.0
233	129.6	0.0
234	130.8	0.0
235	128.4	0.0
236	144.0	0.0
237	133.2	0.0
238	129.6	0.0
239	130.8	0.0
240	133.2	0.0
241	133.2	0.0
242	141.6	0.0
243	128.4	0.0
244	140.4	0.0
245	124.8	0.0
246	130.8	0.0
247	133.2	0.0
248	134.4	0.0
249	130.8	0.0
250	7107.6	7.890122631760571e-10
251	8660.4	1.0205099545692684e-09
252	7292.4	8.523181721564583e-10
253	8404.8	9.258989704686023e-10
254	10034.4	8.122007279225322e-10
255	13046.4	7.974284118870182e-10
256	7814.4	9.496881173030648e-10
257	14388.8	0.7178402933864888
258	6554.4	8.608315817775735e-10
259	16368.8	0.49970455235291916
260	7716.0	8.988918470042061e-10
261	9258.0	9.212517849588768e-10
262	8689.2	9.239019716496663e-10
263	7161.6	9.734363103661503e-10
264	11682.0	9.095349245715905e-10
265	6585.6	8.838495658323099e-10
266	9667.2	7.598321722583458e-10
267	8263.2	7.989896998339929e-10
268	15485.6	4.617810314873189
269	7242.0	9.943118954982228e-10
270	8006.4	9.470028421483582e-10
271	8714.4	9.463895285626418e-10
272	8163.6	9.339933221778976e-10
273	12098.4	7.736295487573169e-10
274	8634.0	9.682535443178697e-10
275	13182.8	0.6896011922299431
276	10513.2	8.756719670174235e-10
277	7858.8	9.63674833148102e-10
278	12221.6	2.31187493724252
279	8800.8	1.016642569504226e-09
280	8517.6	7.546248606911697e-10
281	9518.4	9.504547832948167e-10
282	11000.4	8.820184358884053e-10
283	7664.4	8.82348047919223e-10
284	7507.2	9.11007726466882e-10
285	6475.2	9.873104079180294e-10
286	11694.8	2.83171951863055
287	12457.2	7.634158846394834e-10
288	9270.0	9.129526156446398e-10
289	10659.6	8.559954527117777e-10
290	7128.0	1.0288759956861142e-09
291	14058.8	1.1292521667362636
292	6924.0	1.0430324671695688e-09
293	9624.0	8.790112151314847e-10
294	6775.2	8.872234894155309e-10
295	7144.8	9.38238924149246e-10
296	9864.0	9.373746710227997e-10
297	9579.6	8.381433367401059e-10
298	7834.8	7.739945388313838e-10
299	8286.0	9.784345046360447e-10
300	2989.2	0.0
301	50000.0	93.0775239352789
302	50000.0	35.60069921066497
303	50000.0	3.8614340030615906
304	50000.0	21.771064652117055
305	50000.0	64.93733595731112
306	50000.0	54.097388166237444
307	2306.4	0.0
308	50000.0	22.630000007058015
309	50000.0	15.540000004048386
310	14579.2	0.0
311	50000.0	396.22232811629596
312	50000.0	128.38538320685882
313	12384.4	0.0
314	50000.0	311.0439264350097
315	17301.6	0.0
316	50000.0	29.287837167553725
317	35000.8	0.0
318	50000.0	43.24014366155855
319	50000.0	1000.0788288068485
320	50000.0	290.97000000517113
321	45247.2	0.0
322	4746.0	0.0
323	26093.6	0.0
324	50000.0	412.920000004092
325	50000.0	216.98700184160475
326	50000.0	117.50000000466719
327	50000.0	53.480000006241845
328	50000.0	7.849225445929238
329	50000.0	72.66168062514787
330	11554.0	0.0
331	50000.0	14.65000000240288
332	18690.0	0.0
333	50000.0	10.231808233561958
334	50000.0	39.06000000300476
335	6838.8	0.0
336	50000.0	263.2550740670192
337	50000.0	14.190920722082392
338	50000.0	42.445377988672476
339	50000.0	2.4195086016693548
340	7047.2	0.0
341	4350.0	0.0
342	50000.0	675.0100000033597
343	6046.8	0.0
344	3236.4	0.0
345	6497.6	0.0
346	50000.0	56.81000000255375
347	50000.0	42.090000004287745
348	50000.0	45.790000005325396
349	1533.6	0.0
350	15360.4	0.7861678905790683
351	10398.8	0.3930839495393271
352	11004.8	0.3930839493692075
353	19368.0	1.1792518345154293
354	10384.4	0.3930839492223934
355	10934.0	0.39308394973565064
356	11092.4	0.3930839490303849
357	8036.4	6.7780269859806906e-09
358	10427.6	0.3930839495542916
359	6548.4	7.519293891097371e-09
360	6086.4	6.860897854798127e-09
361	6069.6	6.2452147132502154e-09
362	5960.4	4.843685577665412e-09
363	15600.4	0.4674854612797019
364	15197.2	0.7861678931388234
365	6340.8	7.47232029716773e-09
366	11188.4	0.3930839491124534
367	6558.0	7.215263174942683e-09
368	6526.8	6.565704030310444e-09
369	10670.0	0.3930839493258723
370	6729.6	6.146227236960757e-09
371	21192.0	1.1792518353212633
372	11790.8	0.3930839490022141
373	6091.2	6.1092425410350586e-09
374	15362.8	0.786167891920998
375	5866.8	6.5386323616678285e-09
376	6054.0	6.859481905500497e-09
377	10673.6	0.3930839500954393
378	10572.8	0.39308394948883096
379	10620.8	0.393083949091257
380	19350.0	1.1792518340612774
381	10614.8	0.39308394790637025
382	23968.4	1.5723357770548634
383	6782.4	5.870077757196448e-09
384	10690.4	0.39308394934963253
385	7202.4	6.35140515612245e-09
386	6013.2	5.5568401217639425e-09
387	23820.8	2.101862718124008
388	16034.8	0.7861678914683079
389	7346.4	5.288850436877303e-09
390	24279.2	1.5723357773076496
391	10542.8	0.39308394961807236
392	6337.2	6.106288304404207e-09
393	10751.6	0.39308394864734214
394	10703.6	0.39308394765667815
395	10600.4	0.39308394829648136
396	6300.0	6.761740498135707e-09
397	6764.4	7.078549476213571e-09
398	10888.4	0.39308394884409714
399	11417.6	0.3930839491586341
400	5449.2	7.284017900580216e-09
401	5443.2	6.150964793299348e-09
402	5695.2	6.476030201462471e-09
403	5533.2	6.910587246567335e-09
404	5604.0	7.088315286878793e-09
405	5713.2	6.310188921926032e-09
406	5472.0	7.3885616808390825e-09
407	5766.0	6.599055901376037e-09
408	5384.4	6.8267269077185235e-09
409	5138.4	6.5247697559116645e-09
410	5595.6	7.099793780941162e-09
411	5564.4	6.713676902330892e-09
412	10358.0	0.2684686351506947
413	5506.8	7.000422860298794e-09
414	5622.0	6.3253996024107314e-09
415	5708.4	6.731260745081641e-09
416	5586.0	6.363709258947431e-09
417	5520.0	6.9174760728763155e-09
418	5749.2	5.698413594665171e-09
419	5659.2	6.690441016844157e-09
420	5164.8	6.328491931118849e-09
421	5920.8	6.75871219029629e-09
422	5623.2	7.1253806411556855e-09
423	4933.2	6.346049716953415e-09
424	10101.2	0.39308394978581296
425	10236.8	0.3930839488362946
426	5364.0	6.5125096487233975e-09
427	5097.6	6.719974695767085e-09
428	5469.6	7.195289761030772e-09
429	10180.4	0.39308394802691815
430	10289.6	0.3930839489284349
431	5506.8	7.463647489729972e-09
432	5719.2	6.396889017842658e-09
433	5446.8	5.425025644259789e-09
434	5812.8	6.939800600790549e-09
435	5626.8	8.002532336763867e-09
436	5586.0	7.255075810814956e-09
437	6015.6	5.122927466204535e-09
438	5512.8	6.883682431076441e-09
439	5772.0	5.400601597980367e-09
440	5241.6	7.0263106547315675e-09
441	5721.6	6.670862709056211e-09
442	5868.0	4.834960681551292e-09
443	6026.4	7.47042360326645e-09
444	5731.2	5.095570506664156e-09
445	9872.0	0.3930839498831841
446	10541.6	0.3930839498455029
447	6055.2	4.807801995886279e-09
448	5450.4	7.69517090469902e-09
449	5618.4	6.619308696112263e-09
450	7228.8	7.24606703969782e-09
451	12820.4	115.26449615849238
452	8247.6	7.329232181001462e-09
453	6700.8	7.105449042567208e-09
454	14367.6	7.522440467997184e-09
455	17178.8	59.94567287032826
456	6286.8	6.873877934032713e-09
457	12081.6	7.802460579399129e-09
458	8281.2	6.497513912193538e-09
459	6176.4	7.011357437617761e-09
460	6609.6	7.251209790192191e-09
461	8413.2	7.687414191540828e-09
462	5534.4	7.404002240631786e-09
463	11512.8	6.233707502092837e-09
464	6182.4	8.00636962636308e-09
465	7558.8	6.995192197739495e-09
466	6685.2	7.382681649181787e-09
467	8277.6	7.413005721347714e-09
468	6319.2	6.507411851337213e-09
469	13666.4	44.48193519635095
470	6114.0	7.520379900233823e-09
471	6523.2	5.646222998538832e-09
472	14739.2	0.0005844316893377663
473	5385.6	5.616078272491408e-09
474	12292.8	6.461057217713778e-09
475	20956.4	212.00525233292365
476	7134.0	7.351511901295509e-09
477	25154.4	938.0539168698408
478	9450.0	5.790916131139141e-09
479	10694.4	6.695814431984179e-09
480	15893.6	370.99698827036434
481	9448.8	6.907609862168789e-09
482	15858.8	4.790972819059014e-08
483	7764.0	5.686169799172367e-09
484	6368.4	6.052846537345293e-09
485	6804.0	5.923693655614188e-09
486	8690.4	7.754337134101872e-09
487	6475.2	7.685425467258923e-09
488	12304.8	8.026741253053993e-09
489	7494.0	5.835015844333001e-09
490	7240.8	6.540423390541233e-09
491	7478.4	4.9882517904363145e-09
492	11437.2	6.702572056438991e-09
493	21810.0	1506.7048299496096
494	13446.8	3187.8981620531886
495	6810.0	6.226120903033904e-09
496	8397.6	8.169396598438355e-09
497	11520.0	6.835508732561791e-09
498	7980.0	7.630785820478317e-09
499	8664.0	6.751585895264035e-09
500	41810.8	22.390199542334052
501	28864.0	10.073200069164782
502	10572.8	2.1873869054226227
503	15872.8	2.8663341375660316
504	14746.0	2.902922160797882
505	6087.6	5.728173250464619e-09
506	15020.8	4.331545047337028
507	23970.8	8.928683059857493
508	19940.4	7.197661008244206
509	6187.2	6.554665711509928e-09
510	29606.8	16.146829481332695
511	45280.0	25.86183440968195
512	44544.4	19.966597156377553
513	41288.0	22.758530908477017
514	6216.0	6.521069344010196e-09
515	43093.6	23.35699868444575
516	6004.8	8.021442764945702e-09
517	43398.4	24.090970069562935
518	41495.2	15.640687639210963
519	6331.2	6.810251511042255e-09
520	13080.8	1.8137390769055834
521	10583.6	0.31313987429851214
522	5882.4	7.79939027892292e-09
523	5894.4	7.884186882170644e-09
524	42890.8	35.742144829998836
525	34800.0	28.878321183856638
526	50000.0	25.441613657372407
527	10063.2	6.6688583508335304e-09
528	24197.6	4.152923185080169
529	41032.4	22.34258550293017
530	19208.4	1.383837261236129
531	10551.2	1.5654838300002933
532	6321.6	7.508733470164673e-09
533	6618.0	8.489273925671044e-09
534	6078.0	6.966760085230113e-09
535	5916.0	7.747190952605818e-09
536	6159.6	7.690734495422132e-09
537	6098.4	7.7180416567483e-09
538	19780.8	10.896947903122571
539	44198.8	25.763901926393363
540	6416.4	6.329254180064982e-09
541	46668.0	31.43276805839422
542	19726.8	0.7932540090220858
543	40142.0	21.621312013585396
544	50000.0	35.018246489571894
545	13361.6	0.9616864142615258
546	44890.0	38.983402474187585
547	8553.6	7.45468135931598e-09
548	6174.0	7.821607007010689e-09
549	11477.6	1.2942987617386197
550	22264.8	8.35375623260714e-09
551	19447.2	7.409880775876447e-09
552	21122.4	8.601755706517147e-09
553	20145.6	7.225432341787133e-09
554	13898.4	7.369879198526683e-09
555	11905.2	7.503839055733812e-09
556	20392.8	8.172462059974339e-09
557	12909.6	7.146279497172586e-09
558	21978.0	8.92934565940083e-09
559	13644.0	7.573038829280597e-09
560	13638.0	7.863387582780494e-09
561	24134.4	8.201766437934064e-09
562	8193.6	6.766948219036774e-09
563	10660.8	7.022861798376024e-09
564	26384.4	7.982788224975428e-09
565	26320.8	8.150563119465879e-09
566	18643.2	8.462887032992125e-09
567	15930.0	8.049438459461108e-09
568	17781.6	7.468490176272071e-09
569	25295.6	1.7986072815693723
570	16273.2	7.727195621865275e-09
571	15344.4	7.094011766954778e-09
572	16981.2	7.429186507944295e-09
573	23628.0	7.891816708147704e-09
574	22967.6	0.11550438242298841
575	15141.6	7.365545079173344e-09
576	10592.4	7.063139197334259e-09
577	10398.0	7.763009591203711e-09
578	24806.4	7.935277974201369e-09
579	18972.0	8.446910491530795e-09
580	20199.6	7.718878417987706e-09
581	21692.4	8.79064240807592e-09
582	18238.8	8.55948884303137e-09
583	22080.0	7.708077670384794e-09
584	10737.6	6.908586505753369e-09
585	20912.4	8.284768866250676e-09
586	17550.0	7.964375688544531e-09
587	13603.2	8.335564125889775e-09
588	20115.6	7.79013765551894e-09
589	17454.0	8.603576721678651e-09
590	22156.8	8.525641476798002e-09
591	14132.4	8.142162291475844e-09
592	13929.6	6.866877484575307e-09
593	23192.4	7.876986560705707e-09
594	17062.8	7.687464401080212e-09
595	20878.4	0.18433210581721027
596	22470.0	8.477580050310708e-09
597	17091.6	7.416061855778703e-09
598	13832.4	7.580733544023202e-09
599	13009.2	6.906838908742692e-09
600	34212.0	4.070813859395392e-06
601	42215.2	2.5211523835871445e-06
602	30083.2	2.6700896167109944e-07
603	39204.8	3.3879429145841103e-06
604	42347.2	1.789175941564116e-06
605	35098.8	3.8038854050301967e-06
606	29746.0	1.6260700417167017e-06
607	38142.8	8.709952264405764e-06
608	38136.8	7.183711431860327e-06
609	34219.2	3.876623029336609e-07
610	22400.4	4.3552024502742866e-08
611	22368.0	1.823710143214732e-06
612	42162.4	2.0512817628298838e-06
613	38363.6	3.385017610868256e-07
614	38741.6	4.852457807234522e-06
615	35090.4	1.7103852478686303e-06
616	38390.0	2.481897015872023e-06
617	30674.8	4.505150681938112e-08
618	29899.6	1.9631477723875562e-07
619	45879.6	3.2486928439897223e-07
620	21240.4	6.229423770703004e-07
621	38198.0	1.1477730044180037e-06
622	38012.0	6.156889782122604e-07
623	33792.0	1.2817020404385794e-06
624	26445.2	3.5442742116617346e-07
625	29990.8	9.235571591342652e-08
626	38360.0	5.801431532419175e-06
627	21813.6	7.403755655126887e-07
628	29959.6	1.6144048296907726e-05
629	34260.0	9.938950365754527e-07
630	34078.8	1.30473834882663e-06
631	26459.6	5.423793951146093e-07
632	46117.2	7.547768463030564e-06
633	18816.4	4.722731584699982e-06
634	30086.8	7.019477409909567e-06
635	42176.8	6.393010084768909e-05
636	13119.6	7.921737797045965e-09
637	30182.8	1.1135744027603454e-07
638	38250.8	2.4663709450700384e-06
639	34592.4	1.0891595216226955e-06
640	19486.0	7.233074775431774e-08
641	41761.6	7.718328940737933e-07
642	30530.8	6.554207271305137e-07
643	38050.4	1.8055450480559061e-06
644	38121.2	2.8829863351025412e-06
645	42577.6	9.289512827134189e-07
646	29909.2	5.543078764647798e-06
647	30107.2	1.899003425619984e-07
648	26704.4	6.3205525473525885e-06
649	22498.8	2.138161248169583e-07
650	5415.6	7.493598535603296e-09
651	5611.2	7.255130383186587e-09
652	5900.4	8.557292885038896e-09
653	4375.2	6.904640222931147e-09
654	4930.8	6.706095527912235e-09
655	6400.8	8.485751059052643e-09
656	5070.0	7.171159897396942e-09
657	4447.2	6.849118013936555e-09
658	5211.6	7.97497899396404e-09
659	5289.6	6.9317462109142145e-09
660	6067.2	6.393055291446472e-09
661	4854.0	8.110247898848175e-09
662	5222.4	7.34007233943409e-09
663	5739.6	8.085296691505445e-09
664	5385.6	7.292734725443167e-09
665	5389.2	6.619844593389127e-09
666	4905.6	7.3390769277152325e-09
667	5934.0	8.01465300692307e-09
668	5719.2	6.7391957926211365e-09
669	6648.0	7.758084154990837e-09
670	4574.4	6.601382781258939e-09
671	4032.0	6.29983331019372e-09
672	5180.4	7.902844904072736e-09
673	5491.2	8.347931200937681e-09
674	6228.0	8.087982687874203e-09
675	5206.8	7.464174930932701e-09
676	5233.2	7.273227433066722e-09
677	5863.2	7.92511736676812e-09
678	6051.6	7.481490750009188e-09
679	5187.6	7.398529838166939e-09
680	5424.0	6.618754638669331e-09
681	4664.4	7.73320985701414e-09
682	5544.0	8.060592387371683e-09
683	5480.4	7.215226055648687e-09
684	4899.6	6.780830404571017e-09
685	4191.6	7.605084763691211e-09
686	5038.8	7.822856958903095e-09
687	5143.2	7.271794299833182e-09
688	5726.4	6.946023759943495e-09
689	4948.8	7.2606651591058015e-09
690	4899.6	7.475940115076182e-09
691	5391.6	7.458284672560963e-09
692	4580.4	7.949971026089623e-09
693	5146.8	7.793924121703503e-09
694	5738.4	7.991407488898867e-09
695	4719.6	6.9271202367316475e-09
696	5528.4	8.342011349529826e-09
697	5074.8	7.975285722326328e-09
698	6322.8	8.114669321508138e-09
699	5301.6	8.682240158316511e-09
700	50000.0	4.086378464197539
701	50000.0	4.2783209228097565
702	50000.0	4.4101658750439805
703	45663.6	4.934232166718322
704	50000.0	5.870250367252258
705	50000.0	6.865209932671277
706	50000.0	5.92766918010977
707	45715.2	4.53643464122835
708	50000.0	4.576806620266249
709	45688.8	5.770749396863545
710	50000.0	5.7707544615429684
711	50000.0	2.1889099259309552
712	50000.0	4.865812686579815
713	50000.0	5.453157384097174
714	50000.0	3.9571915703500293
715	50000.0	3.5818515979720567
716	50000.0	6.268235002197214
717	50000.0	4.784124412387788
718	50000.0	3.780843409390697
719	45518.4	6.8431798347325525
720	50000.0	3.4823556922627033
721	50000.0	2.984875659934149
722	50000.0	3.3828592827714687
723	45628.8	5.268569814749915
724	50000.0	4.042046771628304
725	50000.0	5.173783066629847
726	45649.2	3.9955545795077514
727	50000.0	3.4514540874817308
728	50000.0	3.5646061867169245
729	50000.0	3.69342944917573
730	50000.0	4.178825520882304
731	50000.0	5.879886638034746
732	50000.0	3.669659860693045
733	50000.0	5.073749232351833
734	50000.0	4.9792283755869295
735	45481.6	3.4270628117359605
736	50000.0	3.482354684698882
737	45673.2	3.3815038271272044
738	50000.0	5.1932019983577105
739	50000.0	7.09199267056596
740	49796.4	3.88033780416301
741	50000.0	3.6052147028272694
742	50000.0	3.6350610584007987
743	41096.8	3.7808418997854076
744	50000.0	3.4823551884808017
745	50000.0	5.27327745644965
746	50000.0	10.944522369162963
747	41141.2	4.1381308805168215
748	50000.0	7.312295545702035
749	45696.0	4.278319407610287
750	50000.0	3.019092187647721
751	50000.0	4.118811287782641
752	50000.0	1.5271110577456728
753	50000.0	3.504440070159935
754	50000.0	6.1589245965843435
755	50000.0	4.354974280087073
756	50000.0	2.410002351806647
757	50000.0	1.7536670395068295
758	50000.0	1.9183192906920268
759	50000.0	4.302719361139148
760	50000.0	2.6922891274282916
761	50000.0	3.8680867832646064
762	50000.0	2.9175592049508365
763	50000.0	5.598643794723964
764	50000.0	3.8698534255446844
765	50000.0	2.4892332083407167
766	50000.0	2.8974776573999903
767	50000.0	6.133374914682724
768	50000.0	3.982333445985976
769	50000.0	4.343214381321847
770	50000.0	5.619393721559644
771	50000.0	3.059749302276498
772	50000.0	2.873564706108935
773	50000.0	2.3775777560307594
774	50000.0	5.452941182573112
775	50000.0	2.17019943169283
776	50000.0	5.287666510666956
777	50000.0	2.4242600607924065
778	50000.0	3.6459375584485714
779	50000.0	5.189237720575206
780	50000.0	2.8559008631317306
781	50000.0	4.165866243975885
782	50000.0	3.4023456033322033
783	50000.0	4.339373295205171
784	50000.0	3.5664455932996497
785	50000.0	4.578462629950291
786	50000.0	2.3818728565407037
787	50000.0	5.011168268297786
788	50000.0	3.031600631156522
789	50000.0	3.2506761000844286
790	50000.0	4.911308637308727
791	50000.0	1.9344644837745633
792	50000.0	2.3024718387209444
793	50000.0	2.7387167913226262
794	50000.0	2.261577454923066
795	50000.0	3.645793696261895
796	50000.0	4.4865806209892725
797	50000.0	5.841794672407779
798	50000.0	5.64059694325366
799	50000.0	2.022644709335116
800	50000.0	5.34969270665118
801	50000.0	6.675430041741167
802	50000.0	3.2188168960488803
803	50000.0	6.64505182874492
804	50000.0	11.79595707555831
805	50000.0	5.86956704010983
806	50000.0	5.203129229317394
807	50000.0	6.218855556646757
808	50000.0	7.375174788241059
809	50000.0	14.012909515750703
810	50000.0	8.080136300674592
811	50000.0	9.569547529395711
812	50000.0	9.389126574350604
813	50000.0	10.038127253588636
814	50000.0	9.464356592615882
815	50000.0	7.236744535776436
816	50000.0	15.83645061322378
817	50000.0	8.504098967840878
818	50000.0	8.450969057226597
819	50000.0	9.870083347517744
820	50000.0	6.359462375989637
821	50000.0	9.188365602096809
822	50000.0	6.781775470164905
823	50000.0	2.754573723945481
824	50000.0	6.8469326563050945
825	50000.0	7.408153697266111
826	50000.0	7.295050111340669
827	50000.0	3.46717405908515
828	50000.0	6.64397103018783
829	50000.0	4.214929994747585
830	50000.0	5.534313852063777
831	50000.0	7.502783443943585
832	50000.0	4.657755127536375
833	50000.0	4.259400572375981
834	50000.0	2.2870748040695945
835	50000.0	3.2963514955134046
836	50000.0	8.699227905697867
837	50000.0	4.425559103035132
838	50000.0	13.551256699744735
839	50000.0	3.079053528389145
840	50000.0	6.056654913617357
841	50000.0	5.303818220416646
842	50000.0	7.906647756688338
843	50000.0	4.6761660055857615
844	50000.0	6.079965719503828
845	50000.0	14.33806619553647
846	50000.0	8.854399702344335
847	50000.0	7.026612586030696
848	50000.0	6.637827969231667
849	50000.0	6.762579861298667
850	50000.0	21.844267835986564
851	50000.0	27.48989050067251
852	50000.0	7.462263436699095
853	50000.0	26.545385307671246
854	50000.0	36.50986085614763
855	50000.0	20.133470619285813
856	50000.0	21.080052215055897
857	50000.0	27.449387552988334
858	50000.0	30.365082755220783
859	50000.0	52.481900937094565
860	50000.0	26.239952810061812
861	50000.0	36.575401081237956
862	50000.0	21.454304677144922
863	50000.0	25.727499907984658
864	50000.0	34.40547425538486
865	50000.0	21.41957948197251
866	50000.0	49.177036489070595
867	50000.0	24.157969975958856
868	50000.0	25.343298654646127
869	50000.0	20.274410138240437
870	50000.0	30.322049459600485
871	50000.0	36.57352579639827
872	50000.0	15.238747730166782
873	50000.0	12.327907199272016
874	50000.0	19.326543090135004
875	50000.0	16.947820659948228
876	50000.0	12.770501143876036
877	50000.0	10.65967090535371
878	50000.0	25.04982327828585
879	50000.0	12.424260283885532
880	50000.0	20.26896703877252
881	50000.0	28.804113430215818
882	50000.0	18.841297281300836
883	50000.0	11.578640082190304
884	50000.0	9.102288189853558
885	50000.0	11.868559218719614
886	50000.0	30.325813543488522
887	50000.0	18.080896368700518
888	50000.0	40.715824613929634
889	50000.0	14.668873191775859
890	50000.0	17.684534475033647
891	50000.0	22.94599924812252
892	50000.0	20.777315206258642
893	50000.0	17.1282542544888
894	50000.0	25.702267356416577
895	50000.0	48.79177488758785
896	50000.0	26.08745594309533
897	50000.0	22.939380799715856
898	50000.0	19.23863145426551
899	50000.0	22.0619370365485
900	50000.0	0.29894242907574603
901	50000.0	0.3322475136962682
902	50000.0	0.376970044657325
903	50000.0	0.14361262946834685
904	50000.0	0.36350647010941745
905	50000.0	0.2763136619049288
906	50000.0	0.329331878782004
907	50000.0	0.2961463760868771
908	50000.0	0.2606870455102753
909	50000.0	0.28312284584126884
910	50000.0	0.3308715185561352
911	50000.0	0.2734787975930173
912	45684.0	0.2732341255371876
913	50000.0	0.263234275056495
914	50000.0	0.21842228227583452
915	50000.0	0.3867833538533443
916	50000.0	0.355989665796648
917	50000.0	0.23195190928726053
918	50000.0	0.3787445690538684
919	50000.0	0.3291002813735055
920	50000.0	0.24578019181424687
921	50000.0	0.30289249692223646
922	50000.0	0.24948383321336146
923	50000.0	0.2081993284275768
924	50000.0	0.3093774279409761
925	50000.0	0.21033609282542579
926	50000.0	0.2155917104272973
927	50000.0	0.4207769634885061
928	50000.0	0.18338789776210423
929	50000.0	0.3177829308389134
930	50000.0	0.23135039627459034
931	45626.4	0.23376422536685623
932	50000.0	0.20948316584255142
933	50000.0	0.32357309625303116
934	50000.0	0.3128829893063571
935	45388.8	0.23468008994011846
936	50000.0	0.24148739606196373
937	50000.0	0.25868172381309495
938	50000.0	0.321166223375074
939	50000.0	0.24573564942408926
940	50000.0	0.2731615825355407
941	50000.0	0.38081516869611126
942	50000.0	0.39823612504167727
943	50000.0	0.3832224334342259
944	50000.0	0.3467219247089268
945	50000.0	0.2601624731881792
946	50000.0	0.286621841702979
947	50000.0	0.3185630084167904
948	50000.0	0.2719845229902626
949	48843.6	0.20204600122093463
950	50000.0	1.0321510216165939
951	50000.0	1.032151021616622
952	47911.2	1.1099931577254103
953	50000.0	1.2880064486260205
954	50000.0	1.1190687469754714
955	50000.0	1.3165995241247332
956	50000.0	1.054614517399557
957	50000.0	0.867266253901214
958	45537.6	0.8558370031113501
959	50000.0	1.0726718930337378
960	50000.0	1.184914465329002
961	50000.0	0.929711685956088
962	47235.6	1.0313665503957397
963	47186.4	1.0392608040347242
964	50000.0	1.2375302222065108
965	50000.0	1.041910331254027
966	50000.0	1.0340732552174388
967	50000.0	1.2296381935637735
968	45537.6	0.8558370031113501
969	50000.0	1.2130982465941318
970	50000.0	0.9277911493500024
971	46344.0	1.0602016345355676
972	50000.0	0.9423070099898572
973	50000.0	0.9899568852656351
974	50000.0	1.1499116700698153
975	50000.0	1.118081257578196
976	50000.0	1.1521869704443106
977	50000.0	1.1166579515852884
978	50000.0	1.2837464600609527
979	50000.0	1.1405875001836405
980	50000.0	1.3457099569691016
981	47337.6	1.0514621869348661
982	50000.0	1.147822668921463
983	50000.0	1.1423069265986354
984	50000.0	1.1208719409609498
985	50000.0	1.246893993878506
986	45602.4	0.9497738300711764
987	50000.0	1.060402696138567
988	50000.0	1.184884939204505
989	50000.0	1.3091110067553466
990	50000.0	0.9308787295430259
991	45602.4	0.8220941610334584
992	48901.2	1.1333707369385257
993	50000.0	1.2745356410645665
994	50000.0	0.9308787295430259
995	50000.0	0.8949007789057376
996	45771.6	0.8331068134306425
997	50000.0	1.1624966808535824
998	50000.0	1.041499170711057
999	50000.0	1.1922020793177042
1000	50000.0	2.4229125006518792
1001	50000.0	1.245255535304286
1002	50000.0	4.641234229671143
1003	45188.4	3.0420817650277834
1004	50000.0	1.245255535304286
1005	50000.0	3.169805587296661
1006	45189.6	2.236792482941774
1007	40486.0	1.7394261026583582
1008	50000.0	2.7779884071349707
1009	45278.4	3.01279278142568
1010	30948.0	3.085197123070341
1011	50000.0	4.138215158626662
1012	50000.0	2.474684497104472
1013	40498.0	4.347146956136212
1014	50000.0	2.1521489583520026
1015	1790.4	3.913880642280627e-09
1016	45206.4	1.1207299818773977
1017	35530.4	5.9419178200650276
1018	50000.0	1.7299950077030477
1019	45204.0	3.365239275460824
1020	50000.0	7.163925817189671
1021	45217.2	2.8924309469058747
1022	7020.8	0.840902215925458
1023	50000.0	1.367759009949568
1024	50000.0	1.4749339988362427
1025	16369.2	0.40557474000915084
1026	35512.4	5.81904079393457
1027	6681.2	0.06918569564510171
1028	45288.0	4.327664699898728
1029	2052.0	5.208109169291138e-09
1030	21584.0	2.06675086372901
1031	50000.0	3.0396629974523024
1032	50000.0	2.9280099004215767
1033	26224.0	1.3620361358394029
1034	45276.0	1.5924980816230998
1035	1957.2	3.4268859464523827e-09
1036	1626.0	2.4346876685364372e-09
1037	50000.0	1.2517610120632512
1038	6774.8	0.09299974145953852
1039	50000.0	2.5827040540167534
1040	40543.6	1.254590373884196
1041	35728.4	5.3179155691261455
1042	45286.8	5.807426567543132
1043	50000.0	2.089216590578615
1044	21172.4	0.7750962009850446
1045	50000.0	2.1186349280202337
1046	25956.4	2.048077757524343
1047	45231.6	1.1207299820840506
1048	35681.6	3.3545136440844323
1049	50000.0	1.9866887586423734
1050	31744.8	0.7312974246936249
1051	2154.0	3.2806455959352164e-09
1052	50000.0	2.4634379559764557
1053	35711.6	1.3684992026433114
1054	40476.4	5.285640321998473
1055	21660.8	1.06103419036278
1056	45430.8	1.4968473292474802
1057	11832.4	1.0662781561388788
1058	45507.6	0.6226712207806387
1059	35860.4	1.368499202547453
1060	11932.0	0.2646855798965542
1061	45392.4	6.544024328619476
1062	45288.0	1.380556389383689
1063	50000.0	8.374432573142732
1064	50000.0	22.64151787844927
1065	30952.8	2.5305496518655244
1066	50000.0	0.8817259930815597
1067	50000.0	2.5905477300896895
1068	50000.0	11.125618450408194
1069	45234.0	8.904901627001397
1070	7030.4	1.0259773207823557
1071	45451.2	2.0702728334965252
1072	25908.4	5.219727865854928
1073	17605.2	1.2509332295665048
1074	50000.0	1.829480243970286
1075	45999.6	6.323577100905171
1076	45330.0	9.73670640747414
1077	26399.2	5.870249391271317
1078	12260.8	1.7485501106039023
1079	26040.4	0.8511852371706429
1080	45326.4	6.349471412822665
1081	50000.0	1.954998859523308
1082	45393.6	2.1284947587658904
1083	6988.4	0.19549988878738983
1084	50000.0	2.6789177126638473
1085	36132.8	1.36849920314316
1086	50000.0	1.9549988595232999
1087	50000.0	0.6918569111917574
1088	50000.0	0.6918569111917574
1089	26185.6	4.5138238421956665
1090	50000.0	2.5905477300897477
1091	11748.4	0.13837138562505824
1092	50000.0	5.062737456429821
1093	36646.4	0.48429983877683663
1094	36189.2	3.6590442533356744
1095	11407.6	0.1383713856362872
1096	40607.2	2.0690981861304167
1097	26430.4	3.6358145992190805
1098	2860.8	4.590871709104064e-09
1099	45297.6	8.694405528131423
1100	50000.0	0.7124807479534793
1101	50000.0	0.9129274614877282
1102	50000.0	0.60167120368907
1103	50000.0	0.20073998472016918
1104	50000.0	0.532683616571735
1105	50000.0	0.7243684169196627
1106	50000.0	0.6711508573843945
1107	50000.0	0.8993723454582142
1108	50000.0	1.0427858224751922
1109	50000.0	1.0040565904890573
1110	50000.0	0.8213220327038442
1111	50000.0	0.5585906146678307
1112	50000.0	1.0400821170701042
1113	50000.0	1.0102703920596465
1114	50000.0	0.9312494330216647
1115	50000.0	1.123361505077824
1116	50000.0	0.6192823036544266
1117	50000.0	0.8136951620925454
1118	50000.0	1.1086587416844222
1119	50000.0	0.8752619200930463
1120	50000.0	0.8811195695967358
1121	50000.0	0.8323955771429693
1122	50000.0	1.2060733839458877
1123	50000.0	0.39575449992913153
1124	50000.0	0.665205902553774
1125	50000.0	0.9026442908782982
1126	50000.0	0.7538259717752169
1127	50000.0	0.6722298885389659
1128	50000.0	1.2072598652830249
1129	50000.0	0.8682161305565701
1130	50000.0	0.6661312505876089
1131	50000.0	1.2369298289941741
1132	50000.0	0.6230162276641881
1133	50000.0	0.9224554441816799
1134	50000.0	0.811986798622933
1135	50000.0	0.8813410442783685
1136	50000.0	0.8620648743620641
1137	50000.0	0.8019293777122473
1138	50000.0	0.8325079749136854
1139	50000.0	0.8401802793386505
1140	50000.0	0.985906467659379
1141	50000.0	0.6140460006315991
1142	50000.0	0.5227111319646068
1143	50000.0	0.9106658544266253
1144	50000.0	1.0508533026943783
1145	50000.0	0.6773642609614756
1146	50000.0	0.9310236762926338
1147	50000.0	0.6705082868830419
1148	50000.0	1.0526448641280033
1149	50000.0	0.9376362743253674
1150	50000.0	15.765990950483152
1151	50000.0	10.58817731561443
1152	50000.0	11.557305657784
1153	50000.0	5.697735652302725
1154	50000.0	10.919017727871848
1155	50000.0	5.967567074962831
1156	50000.0	8.083796093623954
1157	50000.0	13.22858437674814
1158	50000.0	8.90638110530332
1159	50000.0	8.30046285734391
1160	50000.0	12.150982070183595
1161	50000.0	13.446927964016373
1162	50000.0	12.407593963314405
1163	50000.0	7.691178123106016
1164	50000.0	8.032165537876038
1165	50000.0	9.54775803246354
1166	50000.0	4.728401593737398
1167	50000.0	6.029433801489878
1168	50000.0	14.19068566124794
1169	50000.0	8.619577160484763
1170	50000.0	9.89585498357329
1171	50000.0	7.517425014090617
1172	50000.0	6.703068627577407
1173	50000.0	10.025686307934182
1174	50000.0	13.25378135285099
1175	50000.0	10.368296620340237
1176	50000.0	6.609664262508806
1177	50000.0	4.619089254026509
1178	50000.0	7.323475441489348
1179	50000.0	6.102745774758427
1180	50000.0	13.312939851126668
1181	50000.0	10.494399629880728
1182	50000.0	7.370483754508882
1183	50000.0	12.661382296868542
1184	50000.0	6.704314882042567
1185	50000.0	13.96118955695843
1186	50000.0	12.561078352591812
1187	50000.0	13.06505046559548
1188	50000.0	8.932999679312903
1189	50000.0	6.757606504606494
1190	50000.0	8.192333664649544
1191	50000.0	8.21995443364932
1192	50000.0	6.880795769951687
1193	50000.0	12.140035065877395
1194	50000.0	11.891068488915096
1195	50000.0	9.004257500164673
1196	50000.0	8.955074132188775
1197	50000.0	11.966721329981926
1198	50000.0	14.944405577830434
1199	50000.0	7.761448004147749
