	0	1
0	2588.4	6.519765176864986e-09
1	2626.8	6.721348132204168e-09
2	2737.2	5.992646577862737e-09
3	2755.2	6.531538905788996e-09
4	2756.4	7.317074508328735e-09
5	2626.8	6.824258187215658e-09
6	2658.0	7.499450575590049e-09
7	2289.6	6.752966655245747e-09
8	2656.8	6.473013401956091e-09
9	2796.0	7.55540462155461e-09
10	2493.6	5.054363480530771e-09
11	2743.2	7.583650373606521e-09
12	2752.8	6.1511261533592e-09
13	2811.6	5.946192903617242e-09
14	2451.6	5.528041837220484e-09
15	2647.2	6.54460398993437e-09
16	2442.0	7.036362419255047e-09
17	2815.2	7.114777006215091e-09
18	2872.8	6.583793213133974e-09
19	2562.0	6.504168917101837e-09
20	2722.8	5.6133617001847085e-09
21	2685.6	6.788907732866216e-09
22	2697.6	6.165913422203834e-09
23	2655.6	6.577684796715611e-09
24	2533.2	7.091060031501984e-09
25	2642.4	7.851200307528364e-09
26	2767.2	7.041485588889265e-09
27	2590.8	6.8777365600625264e-09
28	2604.0	5.892208197993572e-09
29	2448.0	6.995147241379093e-09
30	2630.4	6.468426019342111e-09
31	2630.4	5.928747663158853e-09
32	2636.4	7.251366722441914e-09
33	2778.0	6.153053878800182e-09
34	2485.2	6.066641012521208e-09
35	2407.2	6.355364079538433e-09
36	2641.2	5.824643668076238e-09
37	2730.0	6.399167595618532e-09
38	2673.6	6.994345644279427e-09
39	2583.6	6.896513648523088e-09
40	2684.4	7.866538663036115e-09
41	2678.4	6.627884017629723e-09
42	2644.8	7.314893827144272e-09
43	2740.8	5.421481426143023e-09
44	2664.0	6.423356794326556e-09
45	2764.8	7.488685908971706e-09
46	2948.4	7.56404855683096e-09
47	2647.2	5.988495410328119e-09
48	2400.0	6.203434358464777e-09
49	2775.6	6.254536322247315e-09
50	18509.2	2.0087536439813052e-08
51	23864.0	1.2619770342357859e-08
52	11979.2	5.902820411303684e-08
53	15883.6	6.961744723742112e-07
54	18597.6	4.7555736156869973e-08
55	7348.8	8.253084392101135e-09
56	10311.2	9.191245559429165e-09
57	15390.4	9.009016471980661e-09
58	11615.6	1.781623410268625e-07
59	24329.6	7.864826769055278e-07
60	8868.0	7.948069361609995e-09
61	6146.4	6.637300437198975e-09
62	5967.6	7.353828978138373e-09
63	4659.6	5.38703804661269e-09
64	9802.4	2.450409003227795e-08
65	15218.8	7.180997224909534e-07
66	6320.4	7.052131813334592e-09
67	5835.6	7.29551777014658e-09
68	11823.2	9.20138788131088e-09
69	10590.8	7.591263249938005e-09
70	9516.8	7.28884256421865e-09
71	15047.6	7.981883111279988e-09
72	5532.0	6.975025960311804e-09
73	4968.0	7.575165996708632e-09
74	11286.8	1.202118387274665e-08
75	19174.8	1.4980356658540158e-08
76	13672.0	1.1705195791628706e-08
77	9488.0	1.1347405238434753e-08
78	8557.2	6.622098422566653e-09
79	5896.8	7.983037553981903e-09
80	6340.8	7.904451023081227e-09
81	4683.6	7.795340443140305e-09
82	10118.4	7.629419740890027e-09
83	5766.0	6.982538033198856e-09
84	5162.4	5.7618977238001305e-09
85	15918.4	1.633112528182397e-08
86	10385.6	1.1382509731629278e-08
87	9158.4	8.060814658641863e-09
88	5420.4	7.512051997857198e-09
89	7344.0	7.1373214131561765e-09
90	4429.2	6.575090742930747e-09
91	10887.2	7.409606438083345e-09
92	6211.2	6.2427980053588244e-09
93	14860.0	1.612876868576042e-08
94	19018.8	2.424035911405053e-08
95	14741.2	7.905381277180517e-09
96	18846.0	1.0254994055241943e-08
97	10888.4	9.815606072385904e-09
98	23876.0	0.004523407937766679
99	9646.4	6.663188728741647e-07
100	50000.0	7.249044314859579
101	50000.0	7.760668037148564
102	50000.0	6.865210436453222
103	50000.0	7.064199724418495
104	46303.2	6.1687390967086
105	50000.0	8.954616386750958
106	50000.0	6.865208416781776
107	50000.0	6.467220232529923
108	50000.0	4.079329111391095
109	50000.0	6.566724235214743
110	50000.0	7.263182935079788
111	50000.0	13.033924257284326
112	45393.6	12.934421771120252
113	50000.0	6.094389542056176
114	50000.0	4.875294337484455
115	50000.0	7.930172771401135
116	50000.0	6.624432091434471
117	45525.6	4.576808136586751
118	50000.0	5.372774878048508
119	50000.0	7.6611685775902485
120	45375.6	4.278320923322567
121	50000.0	4.477311218338822
122	50000.0	9.054111280352647
123	50000.0	15.222829158816385
124	50000.0	3.283363880844089
125	50000.0	5.074287664702431
126	50000.0	6.997175215794461
127	50000.0	4.974790243103566
128	50000.0	13.033936915674307
129	50000.0	6.268235002197207
130	50000.0	3.880338307536205
131	50000.0	6.367728888235092
132	50000.0	6.964702811145342
133	50000.0	9.750575535450103
134	50000.0	5.173781550740322
135	50000.0	12.425184664888832
136	50000.0	8.65611600668916
137	50000.0	4.278321426591617
138	50000.0	6.964704322491078
139	50000.0	11.1435162185428
140	50000.0	7.047418347949433
141	50000.0	5.770758500885823
142	50000.0	9.153604644318946
143	45463.2	6.666215598349311
144	50000.0	6.3677238230386894
145	50000.0	5.870250871034185
146	50000.0	6.566716156528999
147	50000.0	5.273276448885829
148	50000.0	4.87529433739423
149	50000.0	8.457134833989041
150	50000.0	8.45714240889291
151	50000.0	10.6460432345027
152	50000.0	7.860170001872201
153	50000.0	8.755629622238995
154	50000.0	6.964708361833954
155	50000.0	10.148120415687893
156	50000.0	8.15864911824285
157	50000.0	10.944518815312362
158	50000.0	9.452097934969098
159	50000.0	8.457138873331926
160	50000.0	8.457136835370802
161	50000.0	14.725356174776271
162	50000.0	17.411727946464996
163	50000.0	10.944532989591803
164	50000.0	11.243011602180488
165	50000.0	7.760666502969327
166	50000.0	10.745531565308138
167	50000.0	7.661178190453542
168	50000.0	11.541493242004442
169	50000.0	14.62584964863816
170	50000.0	9.352588862544007
171	50000.0	11.173355926535368
172	50000.0	14.32734667150071
173	50000.0	12.536461426470556
174	50000.0	10.132523381008285
175	50000.0	5.9697493047406756
176	50000.0	9.452092361446908
177	50000.0	7.064202247871853
178	50000.0	10.24806316097222
179	50000.0	7.2631955751800605
180	50000.0	9.651078095561534
181	50000.0	14.227856394646064
182	50000.0	11.085903242247568
183	50000.0	11.640997244689263
184	50000.0	6.367733935141812
185	50000.0	15.023843910193952
186	50000.0	9.054113803805995
187	50000.0	7.362686937764569
188	50000.0	4.676305049428944
189	50000.0	8.258152617145724
190	50000.0	6.367733431359897
191	50000.0	9.352604048931152
192	50000.0	10.447035677582418
193	50000.0	6.865210436453215
194	50000.0	11.112647277534082
195	50000.0	8.556630721408666
196	50000.0	7.860170002362642
197	50000.0	9.253097518249174
198	45415.2	9.253098531210398
199	50000.0	11.079327823097604
200	139.2	0.0
201	141.6	0.0
202	142.8	0.0
203	138.0	0.0
204	145.2	0.0
205	141.6	0.0
206	142.8	0.0
207	145.2	0.0
208	140.4	0.0
209	148.8	0.0
210	138.0	0.0
211	140.4	0.0
212	142.8	0.0
213	141.6	0.0
214	139.2	0.0
215	147.6	0.0
216	138.0	0.0
217	139.2	0.0
218	138.0	0.0
219	145.2	0.0
220	151.2	0.0
221	148.8	0.0
222	138.0	0.0
223	134.4	0.0
224	148.8	0.0
225	135.6	0.0
226	141.6	0.0
227	145.2	0.0
228	148.8	0.0
229	139.2	0.0
230	135.6	0.0
231	138.0	0.0
232	142.8	0.0
233	134.4	0.0
234	148.8	0.0
235	141.6	0.0
236	148.8	0.0
237	142.8	0.0
238	147.6	0.0
239	134.4	0.0
240	142.8	0.0
241	140.4	0.0
242	148.8	0.0
243	145.2	0.0
244	129.6	0.0
245	138.0	0.0
246	134.4	0.0
247	140.4	0.0
248	139.2	0.0
249	138.0	0.0
250	6499.2	9.11438923080584e-10
251	5157.6	1.036512974276567e-09
252	5241.6	9.378064896672236e-10
253	5485.2	8.995567831588396e-10
254	5434.8	8.293630785231998e-10
255	6558.0	8.237095942037478e-10
256	5167.2	8.953202816077356e-10
257	6103.2	8.477547145226034e-10
258	4873.2	9.11012792223098e-10
259	5934.0	8.756575424867091e-10
260	5829.6	8.32103694977465e-10
261	5802.0	9.648923952819708e-10
262	5565.6	9.658119511930509e-10
263	5190.0	9.347528383529347e-10
264	5184.0	8.447665115704717e-10
265	4910.4	8.571921580236058e-10
266	5623.2	9.052406975826821e-10
267	5583.6	9.51926288573423e-10
268	6408.0	9.517529732497335e-10
269	5120.4	1.0131860856284103e-09
270	5600.4	9.824612993257754e-10
271	5557.2	8.977064991179637e-10
272	4560.0	8.538937895507433e-10
273	5809.2	8.956197793507581e-10
274	5606.4	9.884864921749073e-10
275	5822.4	8.517808743540492e-10
276	6417.6	9.975602089191058e-10
277	5246.4	8.648441254534928e-10
278	5128.8	8.961148914125673e-10
279	5110.8	9.149577457484428e-10
280	5115.6	9.292315499183107e-10
281	6440.4	7.448013979917841e-10
282	5194.8	9.233297518134626e-10
283	4736.4	9.097807103175395e-10
284	5352.0	8.459213711187069e-10
285	5056.8	9.684481811035043e-10
286	5318.4	8.488135466043097e-10
287	6076.8	8.316375320474046e-10
288	5124.0	9.421024035548904e-10
289	5528.4	9.96049416979631e-10
290	5331.6	8.564098296363525e-10
291	5696.4	1.003591761171095e-09
292	4994.4	7.74617265064592e-10
293	5529.6	8.215520107569867e-10
294	5439.6	9.742386975121384e-10
295	5661.6	9.547464633476837e-10
296	6505.2	9.538594288271675e-10
297	6019.2	8.258388061342276e-10
298	5067.6	1.043099260737546e-09
299	4711.2	8.129816206190741e-10
300	16138.8	0.0
301	50000.0	93.8897781678476
302	50000.0	35.535870919515034
303	50000.0	4.232961223844687
304	50000.0	22.024971492265003
305	50000.0	65.40551930676838
306	50000.0	55.233563002644374
307	32938.8	0.0
308	50000.0	23.165831387494734
309	50000.0	16.083474860854945
310	22187.6	0.0
311	50000.0	398.76684924112806
312	50000.0	129.31826642607243
313	28889.2	0.0
314	50000.0	312.92960778859685
315	25740.4	0.0
316	50000.0	29.54837506317453
317	45122.4	0.0
318	50000.0	44.67483810997179
319	50000.0	1000.1936448577111
320	50000.0	291.1889746916278
321	50000.0	0.0
322	26760.4	0.0
323	40447.6	0.0
324	50000.0	413.19476907559044
325	50000.0	219.58122465589054
326	50000.0	118.70303936324657
327	50000.0	54.013306979137425
328	50000.0	7.973242946912622
329	50000.0	74.86957202949213
330	19480.8	0.0
331	50000.0	14.837658423428962
332	45097.2	0.0
333	50000.0	11.133154258507629
334	50000.0	39.30239845901535
335	30888.0	0.0
336	50000.0	263.77734709400096
337	50000.0	14.778547155056284
338	50000.0	42.4494469837092
339	50000.0	2.863504506550347
340	37178.0	0.0
341	15739.2	0.0
342	50000.0	675.2731960545165
343	32319.6	0.0
344	35457.2	0.0
345	25690.0	0.0
346	50000.0	57.25337650044685
347	50000.0	42.25160879800869
348	50000.0	46.242697819326146
349	25568.8	0.0
350	18766.8	1.1792518358047002
351	14158.0	0.7861678931149039
352	27269.2	1.9654197208002515
353	10019.6	0.3930839504692808
354	13997.2	0.7861678917158716
355	13598.8	0.7861678913729955
356	5325.6	6.4346781230004495e-09
357	8536.4	0.39308394989252143
358	4906.8	7.094125051900904e-09
359	9611.6	0.3930839503893423
360	4692.0	7.050739636324491e-09
361	4347.6	7.007515253966729e-09
362	5094.0	7.814390070556152e-09
363	9538.4	0.39308394820363896
364	5301.6	7.67640550631595e-09
365	4671.6	6.040007134472721e-09
366	9707.6	0.39308394923876894
367	9087.2	0.39308394971325766
368	9404.0	0.39308394948081193
369	18343.2	1.1792518341199871
370	4873.2	8.374881801094078e-09
371	27058.0	1.965419719668872
372	13908.4	0.7861678916342243
373	9260.0	0.39308394977555483
374	22470.8	1.5723357784716958
375	8984.0	0.3930839492310274
376	9284.0	0.3930839494965817
377	14330.8	0.7861678924124936
378	13666.0	0.7861678926682101
379	18255.6	1.1792518357326918
380	23558.0	1.572335778507033
381	9262.4	0.39308394956657794
382	9468.8	0.3930839504120652
383	18348.0	1.1792518351427859
384	4100.4	7.53163257567039e-09
385	8890.4	0.39308394963312954
386	4773.6	6.679627769379332e-09
387	18775.2	1.1792518351618904
388	18538.8	1.1792518348210157
389	23031.2	1.5723357772979847
390	27140.8	1.9654197207569595
391	9273.2	0.39308394972439675
392	4858.8	8.423732800147361e-09
393	4422.0	6.285645145203099e-09
394	4810.8	7.000617979567187e-09
395	4458.0	6.482521768538521e-09
396	9306.8	0.3930839502974145
397	14090.8	0.7861678918195236
398	9320.0	0.3930839483596277
399	13652.8	0.7861678933640085
400	4051.2	7.803227455909791e-09
401	3525.6	7.198450366657716e-09
402	4034.4	6.217738535200415e-09
403	3906.0	6.671748205735317e-09
404	3649.2	7.3850482402204365e-09
405	8778.8	0.3930839497763753
406	4296.0	6.28866438328396e-09
407	4050.0	8.308872634066348e-09
408	3482.4	6.793984220234392e-09
409	8193.2	0.39308394879224856
410	3528.0	7.39772821680474e-09
411	4015.2	6.92783609725667e-09
412	3748.8	5.85651508763703e-09
413	4165.2	6.866413225023864e-09
414	3915.6	6.466985353601732e-09
415	3898.8	6.111047176930299e-09
416	3832.8	7.74335315772744e-09
417	4128.0	5.707370722277462e-09
418	4014.0	7.48879694428999e-09
419	8991.2	0.39308395052400147
420	3382.8	6.4905781737952495e-09
421	4114.8	7.769482326847918e-09
422	3828.0	5.970545072692412e-09
423	3393.6	6.890326067306036e-09
424	8914.4	0.3930839501564556
425	4418.4	5.4639576694775606e-09
426	4208.4	6.735413836158291e-09
427	3300.0	5.89290057373306e-09
428	3793.2	7.496216525633092e-09
429	4182.0	6.705239059928315e-09
430	12977.2	0.7861678907112117
431	4050.0	5.1844437489969785e-09
432	3986.4	7.881231340757955e-09
433	4032.0	7.223394871236852e-09
434	4284.0	7.026258121656687e-09
435	4057.2	6.731956264841137e-09
436	4040.4	4.8209701227811655e-09
437	4458.0	6.275618814605956e-09
438	3614.4	6.7118789468861095e-09
439	3849.6	7.763442283020043e-09
440	4358.4	6.240763964799311e-09
441	4191.6	7.298880011107176e-09
442	4296.0	6.73070752642296e-09
443	3886.8	6.048566935514246e-09
444	4310.4	7.73453700880194e-09
445	13350.4	0.7861678918066343
446	13187.2	0.7861678926000268
447	8921.6	0.30122479671779234
448	4315.2	7.346351956425217e-09
449	4189.2	6.363455902554109e-09
450	10719.2	3.5837518063481246e-08
451	6994.8	7.025539104529983e-09
452	13306.4	8.024542798836245e-09
453	4777.2	6.8876019937284166e-09
454	9768.0	7.3272562347569736e-09
455	11463.2	1.2679124906090237e-08
456	9098.4	8.731541273581487e-09
457	27917.6	9.146769924281101e-08
458	10995.2	8.821764275794254e-09
459	5238.0	7.040637058568925e-09
460	16726.0	9.491691093306437e-09
461	16004.8	1.2484371159634136e-08
462	4166.4	7.219940510366275e-09
463	9254.4	7.1780613994670884e-09
464	14606.8	2.7954220560281527e-08
465	6450.0	7.682725084105473e-09
466	7430.4	7.865564163872704e-09
467	19777.2	3.1047022076597906e-06
468	14398.0	1.8242463580307571e-06
469	7495.2	7.730179221939513e-09
470	13849.6	6.615416389956048e-07
471	6488.4	7.523801314221425e-09
472	10595.6	7.618285110130923e-09
473	10781.6	5.967021362891488e-08
474	22411.2	2.8413205119614777e-08
475	7830.0	7.737613459183589e-09
476	27826.0	3.0564940154184114e-08
477	21078.0	0.4732818827264391
478	6768.0	6.875949185386183e-09
479	17163.2	4.6363579742923055e-08
480	14272.4	6.316273423315223e-08
481	11514.8	1.8496867687638254
482	8798.4	8.39372753450031e-09
483	4846.8	6.5580822535576604e-09
484	9942.0	7.234196842074676e-09
485	7191.6	7.051259704599235e-09
486	12306.0	8.822089747805388e-09
487	6139.2	8.652789285023417e-09
488	16824.8	1.9777590300915557e-08
489	6291.6	6.51092287805718e-09
490	5725.2	6.759163320822644e-09
491	12126.8	5.0380776518126614e-08
492	12405.2	8.205686424102382e-09
493	7746.0	7.433256074279487e-09
494	12346.4	2.7820530980982503e-08
495	7450.8	6.987423512253835e-09
496	5526.0	7.32422463129387e-09
497	7365.6	5.5029093886778626e-09
498	5296.8	6.763921651874327e-09
499	7070.4	7.583266747930497e-09
500	28762.8	0.0009448512896097567
501	15577.2	7.397184809736463e-09
502	13480.4	3.883837453080033e-08
503	14361.6	8.221483540566626e-09
504	10658.4	8.442707587186278e-09
505	8217.6	8.426879491173868e-09
506	22364.8	1.1966049817338514e-06
507	24232.0	2.9007828830162816e-08
508	17141.6	0.005678067827951343
509	10098.0	8.853937977235875e-09
510	18145.2	7.5863585707424e-09
511	27073.2	0.019847100194714452
512	24816.0	2.5731102556266826e-08
513	15495.2	0.005655670019454039
514	9266.4	7.271587346833915e-09
515	14548.8	8.10466022306874e-09
516	14488.8	8.378335316304893e-09
517	20414.0	5.097089746648464e-05
518	11413.2	8.028714970843146e-09
519	8019.6	7.634874029144157e-09
520	18624.4	6.555617626933365e-08
521	7030.8	8.92976226989002e-09
522	8350.8	7.884540844260195e-09
523	13887.2	1.111962382549343e-08
524	32703.2	5.445053615898242e-06
525	17520.8	1.1320141169194596e-08
526	20190.8	1.7386109441966426
527	13811.6	9.153159261721498e-09
528	17029.6	1.0058778413144319e-07
529	14404.8	8.697085250369902e-09
530	18286.4	2.0243548846144367e-08
531	17337.2	1.958959220499212e-08
532	16080.4	1.0021348472165011e-08
533	14802.8	6.478233938101305e-07
534	9200.4	7.918706862193477e-09
535	15521.6	1.1713766352813335e-06
536	16166.0	1.0176821344407363e-08
537	10147.2	8.144593756376576e-09
538	16859.6	1.1340605366664043e-06
539	39500.8	0.6142126763617569
540	10833.6	8.289381920293819e-09
541	28734.8	0.002126700484267487
542	9410.4	8.53011284040039e-09
543	30236.8	0.000391225917869633
544	22072.8	1.556657132396547
545	24138.0	1.384291777753958e-08
546	36147.6	0.2156311325583228
547	8708.4	7.729779064080593e-09
548	15020.0	1.703741785512073e-08
549	16275.6	7.896325538075312e-09
550	50000.0	0.07436114772759662
551	49836.0	0.00019887257329203158
552	38396.0	0.009672676657286616
553	50000.0	0.07520375636497915
554	42173.6	0.0008952429434653436
555	37299.2	8.607939092591927e-06
556	48175.2	0.11252508443331088
557	29308.8	0.006797485164061641
558	50000.0	0.009507283419097508
559	46482.0	0.015932668110313585
560	25098.8	0.0008217974275573714
561	50000.0	0.22524268892049246
562	26387.6	3.952046819718966e-08
563	25401.2	1.8302656128504973e-07
564	50000.0	0.5949502839123937
565	50000.0	0.622713052146494
566	50000.0	0.018022393279144268
567	44419.6	0.0028167079529866678
568	50000.0	0.03935813331747283
569	50000.0	0.0024512946770913046
570	45975.6	0.025444998484452995
571	46009.2	0.0688941139519748
572	50000.0	0.00675662055660925
573	50000.0	0.5153995293468074
574	50000.0	0.001159093589710385
575	50000.0	0.00012304898214616608
576	25292.4	0.0004389110577529499
577	37686.8	0.0002713643025023023
578	50000.0	0.21970999507237238
579	50000.0	0.20069602320258215
580	50000.0	0.1503544486623445
581	50000.0	0.018486981036803848
582	50000.0	0.0496050175665775
583	50000.0	0.3135262197295474
584	37677.6	0.0001543027173681698
585	50000.0	0.030990178503834637
586	50000.0	0.0017740509480782766
587	29776.0	0.00014883041366589285
588	50000.0	0.10667089290999625
589	50000.0	3.231151942005243
590	50000.0	0.061936237408803343
591	46410.0	0.0023521850828153485
592	38160.8	2.6587477762373183e-05
593	50000.0	0.688023580018735
594	42937.6	3.152152025877814e-05
595	38315.6	0.004761812889677603
596	50000.0	0.012229941758672752
597	50000.0	0.009829512142230476
598	50000.0	0.011934408504356096
599	34365.6	4.046823315295703e-06
600	50000.0	0.023937778497168837
601	50000.0	0.0036723354297305737
602	45969.6	0.004353572803280892
603	50000.0	0.00478427163804169
604	50000.0	0.00852583697771558
605	50000.0	0.004840757011831444
606	50000.0	0.04563424297957228
607	50000.0	0.000892134381900718
608	50000.0	0.004964219334179717
609	50000.0	0.001662349473639539
610	50000.0	0.007610384236972375
611	50000.0	0.00552260869728195
612	50000.0	0.0004207603221349227
613	50000.0	0.002329793893778322
614	47208.0	0.00045909645521122086
615	50000.0	0.003589955074648806
616	50000.0	0.011235286056817678
617	50000.0	0.004329100770136268
618	50000.0	0.0008354529592384463
619	50000.0	0.0015284944354240707
620	50000.0	0.004113845997257164
621	50000.0	0.001494656537881566
622	50000.0	0.000945357076704128
623	50000.0	0.017927501066565908
624	50000.0	0.0012346096393045455
625	50000.0	0.009817634138684144
626	50000.0	0.00887290807455641
627	50000.0	0.00027769274525327214
628	50000.0	0.002370056813512625
629	50000.0	0.0803517768881176
630	50000.0	0.012691981667169533
631	50000.0	0.0021691011908864907
632	50000.0	0.006960590255143782
633	50000.0	0.0015601906094645844
634	50000.0	0.018066685902126626
635	50000.0	0.00046986624501206407
636	50000.0	0.0013652938519726526
637	50000.0	0.0059598925508296515
638	50000.0	0.07790228798576156
639	50000.0	0.06151512361152568
640	50000.0	0.0006736506439034796
641	50000.0	0.018235802030726514
642	50000.0	0.0005048165422548695
643	50000.0	0.004278383653211036
644	46419.6	0.000682525075115696
645	50000.0	0.023457996324736694
646	50000.0	0.0060777146406944035
647	50000.0	0.001158677461281819
648	50000.0	0.0014728836947008738
649	50000.0	0.010563962290966455
650	19160.8	4.2648341367113455e-08
651	26821.6	3.7379462785783904e-08
652	26690.8	8.519017799447051e-08
653	41164.0	3.346315500129509e-08
654	40817.2	4.906099160156699e-08
655	22720.4	2.346603018020339e-08
656	31527.6	4.954852012993568e-08
657	31614.0	6.878403498289332e-08
658	27068.8	3.6344660297674466e-08
659	35980.4	5.788825213189137e-08
660	22457.6	3.276617206921444e-08
661	36198.8	8.566081675963593e-08
662	20730.0	1.528131387859209e-08
663	26783.2	3.880031358594641e-08
664	36753.2	3.689112842828496e-08
665	22502.0	4.28730767891741e-08
666	26848.0	5.2749978094898606e-08
667	13116.4	3.344613584604091e-08
668	31600.8	3.171244666081416e-08
669	22122.8	3.255580662780075e-08
670	31962.0	2.1419883463707613e-08
671	36184.4	3.703081599265853e-08
672	22197.2	1.9645872233543446e-08
673	22197.2	1.1058204673642571e-08
674	27725.2	2.0459412547627914e-08
675	31915.2	7.051570030133433e-08
676	32490.0	3.5540445006333827e-08
677	22018.4	4.7817202676709116e-08
678	31560.0	4.949511825731483e-08
679	24802.4	2.4344193005963666e-08
680	22778.0	3.304188403041155e-08
681	36090.8	4.048670388031107e-08
682	27427.6	4.2119988069541245e-08
683	36656.0	4.3926339520374385e-08
684	31417.2	4.186535992285884e-08
685	35934.8	2.77642627428758e-08
686	45584.4	2.421922696080561e-08
687	28278.4	4.623818090929775e-08
688	26845.6	4.7754792522328114e-08
689	31670.4	2.6577093082748e-08
690	26980.0	2.545303389238471e-08
691	28333.6	2.4715616236945937e-08
692	37288.4	6.260411287925929e-08
693	26850.4	4.043495694943683e-08
694	26843.2	3.61885749003153e-08
695	26704.0	4.563246226559608e-08
696	26373.2	4.4604124841283804e-08
697	40955.2	6.757271523431391e-08
698	27468.4	3.8398333057968064e-08
699	36479.6	5.4091966151150344e-08
700	50000.0	3.5818510941901507
701	50000.0	3.5818510941904065
702	50000.0	11.541491222332999
703	50000.0	6.543975667882033
704	50000.0	8.357642967622596
705	50000.0	9.241018601789659
706	50000.0	4.775798431684912
707	45529.2	4.0793275959350925
708	50000.0	8.755623563224697
709	50000.0	8.158645078899909
710	50000.0	10.347545904509701
711	50000.0	4.079328099283468
712	50000.0	4.576809143719645
713	50000.0	7.362684918093135
714	50000.0	4.178826528446125
715	50000.0	4.8752963570657055
716	50000.0	6.566720195871859
717	50000.0	4.87529484117618
718	50000.0	7.263194567616237
719	50000.0	9.117868676671218
720	50000.0	6.566723223107118
721	50000.0	4.676305049428956
722	50000.0	4.358222826924735
723	50000.0	4.9747917589930974
724	50000.0	7.583611962467612
725	50000.0	7.064193143332545
726	50000.0	4.676303029757485
727	50000.0	5.472270783757848
728	50000.0	6.467229337069379
729	50000.0	6.268234498415305
730	50000.0	3.084371565643506
731	50000.0	9.750579071011131
732	50000.0	10.646036671713912
733	45452.4	7.06419770568458
734	45418.8	5.17378205498187
735	50000.0	8.65612612333609
736	50000.0	4.576808639939581
737	50000.0	5.770756481214404
738	50000.0	7.064199220636614
739	50000.0	17.312188321522108
740	50000.0	7.362686433982695
741	50000.0	6.268170374128184
742	50000.0	5.255976201348843
743	45346.8	4.576806621188355
744	50000.0	5.3727718462694565
745	50000.0	8.755625079114203
746	50000.0	13.929381354197762
747	45512.4	4.576806621137669
748	45510.0	11.441996833104469
749	50000.0	6.2682355059791215
750	50000.0	3.7380160546050845
751	50000.0	3.5685162366317926
752	50000.0	3.506571809812287
753	50000.0	3.90077830627122
754	50000.0	5.4248517768663636
755	50000.0	3.9830557832113116
756	50000.0	3.159577520660883
757	50000.0	2.3915942001188317
758	50000.0	2.468927916189867
759	50000.0	3.4350284273557463
760	50000.0	3.4129427848225213
761	50000.0	3.4005221352501893
762	50000.0	1.9365226910294322
763	50000.0	5.310746179587509
764	50000.0	4.037931649486195
765	50000.0	2.8135435035071543
766	50000.0	3.252021537353014
767	50000.0	5.887942687435489
768	50000.0	4.523888526759595
769	50000.0	3.8931118785276717
770	50000.0	5.481002649890594
771	50000.0	3.763053196482077
772	50000.0	3.7711438917947575
773	50000.0	1.8185010438197424
774	50000.0	4.49761312083505
775	50000.0	2.227810489186213
776	50000.0	5.9256613352144125
777	50000.0	2.6902989854629533
778	50000.0	3.5493109282792497
779	50000.0	5.478535278328489
780	50000.0	3.5038872189867596
781	50000.0	4.26112890424141
782	50000.0	3.047776559065977
783	50000.0	2.7618207684740192
784	50000.0	4.573982894719515
785	50000.0	3.3567657732825964
786	50000.0	2.6255023186380866
787	50000.0	5.129505128367869
788	50000.0	3.395622555684524
789	50000.0	4.188692428610058
790	50000.0	4.0874696671626225
791	50000.0	2.5529080026536115
792	50000.0	5.023464012265765
793	50000.0	2.4792786831044475
794	50000.0	2.8914721209853176
795	50000.0	3.577877515386747
796	50000.0	5.42857311048474
797	50000.0	3.6527867485713856
798	50000.0	5.918036694847073
799	50000.0	2.1870509303804986
800	50000.0	5.371415521222648
801	50000.0	7.102184913003724
802	50000.0	3.2586039994591234
803	50000.0	6.6103156336430615
804	50000.0	12.36957307375898
805	50000.0	5.805617709224082
806	50000.0	5.356731962199966
807	50000.0	6.20907251783065
808	50000.0	7.229855909088691
809	50000.0	13.694037980628048
810	50000.0	7.644519610353411
811	50000.0	9.435541047516457
812	50000.0	8.939711795855452
813	50000.0	9.61923674606487
814	50000.0	9.29885144624629
815	50000.0	7.310388538860158
816	50000.0	15.91601086048303
817	50000.0	8.653977613256663
818	50000.0	8.529821069412058
819	50000.0	9.930880311952816
820	50000.0	6.092262056093492
821	50000.0	9.261323259553011
822	50000.0	6.67641459090941
823	50000.0	2.7347580594028633
824	50000.0	7.017856081027929
825	50000.0	7.464577769850321
826	50000.0	7.484255927502934
827	50000.0	3.4461004782076663
828	50000.0	6.654440362013148
829	50000.0	4.2149299879228215
830	50000.0	5.496651554723855
831	50000.0	7.502783415190734
832	50000.0	4.689579454657289
833	50000.0	4.106926787043241
834	50000.0	2.2951290860888562
835	50000.0	3.296351495444879
836	50000.0	8.728676180346227
837	50000.0	4.524362670346318
838	50000.0	13.37951905631374
839	50000.0	3.085697306430668
840	50000.0	6.022509026109385
841	50000.0	5.261303001294432
842	50000.0	7.824803930032869
843	50000.0	4.712003158597379
844	50000.0	6.079965720715636
845	50000.0	14.453607887957542
846	50000.0	9.079421019188667
847	50000.0	7.0136030329087165
848	50000.0	6.643704579728912
849	50000.0	6.722360403197136
850	50000.0	21.904202471477248
851	50000.0	26.863554999809132
852	50000.0	6.53511683447384
853	50000.0	25.599521618264273
854	50000.0	35.33074556077163
855	50000.0	19.774339726159152
856	50000.0	21.842421521506406
857	50000.0	26.731395897044695
858	50000.0	31.06822323825325
859	50000.0	56.09978900504392
860	50000.0	25.872098903513102
861	50000.0	36.89120723950692
862	50000.0	20.369414306150695
863	50000.0	27.283082131152895
864	50000.0	35.045756850029015
865	50000.0	21.438552512004442
866	50000.0	51.81279789894491
867	50000.0	26.231518759394568
868	50000.0	26.362167508621543
869	50000.0	21.13626509501412
870	50000.0	29.986026994211763
871	50000.0	35.61848424679056
872	50000.0	14.7551638697341
873	50000.0	12.37709171908141
874	50000.0	17.923471413612553
875	50000.0	17.098715853103833
876	50000.0	13.554190640262306
877	50000.0	9.970647965176772
878	50000.0	26.81607556549788
879	50000.0	12.481447688528865
880	50000.0	20.362599031505866
881	50000.0	28.51555297417864
882	50000.0	19.089604662292768
883	50000.0	11.424946435576492
884	50000.0	9.268712880912778
885	50000.0	12.57795877935125
886	50000.0	29.759363830703922
887	50000.0	18.538959788075495
888	50000.0	46.399281606199665
889	50000.0	14.444925657498178
890	50000.0	18.106757992877906
891	50000.0	23.06175547385266
892	50000.0	21.076839788353652
893	50000.0	17.764067105232012
894	50000.0	24.697642267215816
895	50000.0	47.52923292259158
896	50000.0	24.91685195907636
897	50000.0	23.81029465754745
898	50000.0	19.012169000233033
899	50000.0	20.498422477819446
900	50000.0	0.22772064584978793
901	50000.0	0.19953892963987982
902	50000.0	0.1412789925234744
903	50000.0	0.17869484680731115
904	50000.0	0.17587517271540937
905	50000.0	0.1272265776464021
906	45192.0	0.15837648545180177
907	50000.0	0.17317803527319847
908	50000.0	0.14412219063426565
909	50000.0	0.21926075004838896
910	50000.0	0.17502559630924264
911	50000.0	0.2929056190462623
912	50000.0	0.2585134995096604
913	50000.0	0.15931414215504702
914	50000.0	0.19316768659381028
915	50000.0	0.25278019267626634
916	50000.0	0.20761703241668047
917	50000.0	0.14657174415622015
918	50000.0	0.2436132771809648
919	50000.0	0.18980387373004265
920	50000.0	0.22422359224667615
921	50000.0	0.24421205028140971
922	50000.0	0.13526829213699187
923	50000.0	0.12301186224638502
924	50000.0	0.2379674469527419
925	50000.0	0.18337308833069219
926	50000.0	0.20472655002192627
927	50000.0	0.29028111874197116
928	50000.0	0.23576379205902906
929	50000.0	0.18818391120083078
930	50000.0	0.11150984129944544
931	45205.2	0.21636831079740534
932	50000.0	0.16765717912511474
933	50000.0	0.13894600122049033
934	50000.0	0.17538070966314567
935	50000.0	0.11698292249547429
936	50000.0	0.21270038858634255
937	50000.0	0.19639967253222554
938	50000.0	0.09458848662406787
939	50000.0	0.22869750196575556
940	50000.0	0.2203805141140572
941	50000.0	0.19940732658977503
942	50000.0	0.1941159998755392
943	50000.0	0.19160230225591485
944	50000.0	0.2417922928551251
945	50000.0	0.24188448862369505
946	50000.0	0.1900421957611064
947	50000.0	0.15614352651669297
948	50000.0	0.2653974044058097
949	50000.0	0.16771650201392596
950	50000.0	1.2910089612343765
951	50000.0	1.2876749126452414
952	50000.0	1.1730858307841623
953	50000.0	1.1988265980305262
954	50000.0	1.5949795431565161
955	50000.0	1.1037894046433587
956	50000.0	1.3333828198384903
957	50000.0	1.3695615319025705
958	50000.0	1.2144983976859671
959	50000.0	1.3299181381201213
960	50000.0	1.3494445632171748
961	50000.0	1.1216013806406822
962	50000.0	1.294629338280452
963	50000.0	1.2751002108264946
964	50000.0	1.199839715184411
965	50000.0	1.2545983928751951
966	50000.0	1.2143017917067134
967	50000.0	1.2100198814194048
968	50000.0	1.2144983976859671
969	50000.0	1.311267704168667
970	50000.0	1.4542248703914993
971	50000.0	1.307647707056
972	50000.0	1.3818177255042052
973	50000.0	1.3736103269154236
974	50000.0	1.3112207404389253
975	50000.0	1.3141827698318749
976	50000.0	1.6396164153439485
977	50000.0	1.3179631236333968
978	50000.0	1.1853790688076562
979	50000.0	1.3455385060039866
980	50000.0	1.1923218030052718
981	50000.0	1.2945860543918344
982	50000.0	1.0971060001724142
983	50000.0	1.2745351897557373
984	50000.0	1.2573996624667934
985	50000.0	1.1364825636339397
986	50000.0	1.184455616334634
987	50000.0	1.5515869998595273
988	50000.0	1.3058716156306682
989	50000.0	1.2357445846010147
990	50000.0	1.0383402892372091
991	50000.0	1.1844556163346147
992	50000.0	1.2359039905672724
993	50000.0	1.1361084401609858
994	50000.0	1.0383402892372091
995	50000.0	1.362482748158404
996	50000.0	1.205016682299057
997	50000.0	1.6040827395143125
998	50000.0	1.1409772285736413
999	50000.0	1.162421341449768
1000	50000.0	3.691801633707358
1001	50000.0	1.245255535304286
1002	50000.0	6.490290168168372
1003	50000.0	6.718736599823882
1004	50000.0	1.245255535304286
1005	50000.0	3.169805587296673
1006	50000.0	2.9233925690121234
1007	45130.8	1.684023434436358
1008	50000.0	2.5693752575406466
1009	50000.0	4.6307384695804235
1010	50000.0	10.333510701547704
1011	50000.0	4.562466303718261
1012	50000.0	3.81479318372714
1013	50000.0	4.492849179446005
1014	50000.0	3.5430597155125283
1015	1132.8	2.6302234472161595e-09
1016	50000.0	1.245255535304286
1017	45139.2	9.385831342102744
1018	50000.0	1.8684919998169818
1019	45104.4	2.9081445995450963
1020	50000.0	7.856584531404771
1021	40357.6	12.367199319759772
1022	40308.4	7.532077078083377
1023	50000.0	1.5029394297011298
1024	50000.0	2.657794947214813
1025	25729.6	2.7344943410660276
1026	45104.4	8.811539638848048
1027	15822.0	1.8747945079511013
1028	50000.0	5.480876475287027
1029	20710.4	0.4981022169947071
1030	45099.6	4.096595302517679
1031	50000.0	3.0070064757977937
1032	50000.0	6.8622181274466385
1033	40267.6	3.1911155911604694
1034	50000.0	3.653287023275895
1035	1213.2	2.420519435717866e-09
1036	949.2	3.998984824810478e-09
1037	50000.0	5.816339870854829
1038	11098.0	0.47328154711977544
1039	50000.0	5.9725103376589885
1040	50000.0	1.8515849885697944
1041	50000.0	9.181717060921692
1042	50000.0	8.61055398900181
1043	50000.0	2.83926042115122
1044	20777.6	0.7750962008497618
1045	50000.0	2.1186349280202337
1046	45103.2	3.470391645095762
1047	50000.0	1.2452555353043055
1048	45142.8	4.242349914495432
1049	50000.0	4.2150996063469455
1050	30860.4	3.470762246120047
1051	1368.0	4.4129139535403606e-09
1052	50000.0	2.5269928430331174
1053	35484.8	1.3684992028583873
1054	45289.2	6.544466274612889
1055	30764.4	2.1205958872525095
1056	50000.0	2.4402091292869796
1057	6068.0	0.8742750572233007
1058	45145.2	14.96514875677172
1059	40634.8	1.56399908789752
1060	16005.6	0.5864996592706527
1061	50000.0	8.154301996693771
1062	50000.0	1.7023704698569966
1063	50000.0	10.208556491319714
1064	50000.0	40.04175001015836
1065	35758.4	6.032371105774859
1066	50000.0	4.044542408437201
1067	50000.0	2.5905477300896895
1068	50000.0	11.125618450408194
1069	50000.0	15.14499696275231
1070	6452.0	1.1125618483005297
1071	50000.0	2.265772719213954
1072	30487.2	10.892553950537126
1073	30752.4	13.775316562617443
1074	45327.6	8.603590269199398
1075	50000.0	6.081988931972791
1076	50000.0	14.926914050811959
1077	30428.4	8.75090491853269
1078	20907.2	3.4971002160574507
1079	25585.6	0.9774994315649991
1080	45183.6	5.817808379568949
1081	35548.4	1.3684992034331611
1082	45342.0	2.5966029052244437
1083	1970.4	2.2983718034816623e-09
1084	50000.0	2.210809566310159
1085	40424.8	1.5639990887869093
1086	50000.0	1.9549988595233194
1087	50000.0	1.3498341394352393
1088	50000.0	0.6918569111917582
1089	30714.0	7.731951550124302
1090	50000.0	2.590547730089757
1091	16191.6	1.0126464383886762
1092	50000.0	5.062737456429821
1093	40606.0	0.5534855299817907
1094	50000.0	5.666649131080844
1095	10895.2	0.1383713863973222
1096	50000.0	7.764663414933016
1097	50000.0	7.271629193626576
1098	11368.0	0.13837138475423527
1099	50000.0	7.9989061091628795
1100	50000.0	0.32256841156078464
1101	50000.0	0.4725289539958541
1102	50000.0	0.3785744231713354
1103	50000.0	0.28516465989720063
1104	50000.0	0.4279993436677752
1105	50000.0	0.5786647791384556
1106	50000.0	0.28921485081357
1107	50000.0	0.5925402479404074
1108	50000.0	0.30214725810322074
1109	50000.0	0.439599920783537
1110	50000.0	0.3581162242277529
1111	50000.0	0.4317712344846011
1112	50000.0	0.6155930998371396
1113	50000.0	0.2259619359399137
1114	50000.0	0.3398473352066139
1115	50000.0	0.5931484076001203
1116	50000.0	0.34516161645957627
1117	50000.0	0.40982756325039443
1118	50000.0	0.5746754242455718
1119	50000.0	0.4793041831216627
1120	50000.0	0.3231345005110528
1121	50000.0	0.5886116650083977
1122	50000.0	0.5433224693650294
1123	50000.0	0.10263919578829972
1124	50000.0	0.3369940145123736
1125	50000.0	0.1387913250330504
1126	50000.0	0.3936239198488022
1127	50000.0	0.2728449159870949
1128	50000.0	0.47646723387724804
1129	50000.0	0.45101059977680225
1130	50000.0	0.6043182523031227
1131	50000.0	0.5366750983992867
1132	50000.0	0.6034235054677427
1133	50000.0	0.5191116326368895
1134	50000.0	0.4218514089455342
1135	50000.0	0.3177746975569017
1136	50000.0	0.3660998252188152
1137	50000.0	0.5200626232758687
1138	50000.0	0.727463040607742
1139	50000.0	0.32823047876968103
1140	50000.0	0.3416833002191083
1141	50000.0	0.4391842248288421
1142	50000.0	0.6225712102043579
1143	50000.0	0.48725131644513986
1144	50000.0	0.2669083171167425
1145	50000.0	0.46116074337605256
1146	50000.0	0.556152722987881
1147	50000.0	0.45572968731535946
1148	50000.0	0.5124928491010656
1149	50000.0	0.41146208689215
1150	50000.0	13.57401565296652
1151	50000.0	14.623420243304022
1152	50000.0	16.749634820284882
1153	50000.0	6.775864711797107
1154	50000.0	17.755182935139267
1155	50000.0	5.981993884290626
1156	50000.0	15.720800232827377
1157	50000.0	16.984190653681217
1158	50000.0	12.453278583482682
1159	50000.0	12.689643173086209
1160	50000.0	16.867320923665563
1161	50000.0	20.12326560262276
1162	50000.0	16.280518046068543
1163	50000.0	12.164543507903636
1164	50000.0	10.37504414913553
1165	50000.0	10.320019545353546
1166	50000.0	7.438744240553175
1167	50000.0	6.340022122665575
1168	50000.0	18.345894550128122
1169	50000.0	11.132413968711093
1170	50000.0	13.623907700345702
1171	50000.0	10.35938384819861
1172	50000.0	7.938938546316602
1173	50000.0	16.08052567668443
1174	50000.0	15.845741504686771
1175	50000.0	15.281641872362005
1176	50000.0	6.0693746374923
1177	50000.0	4.790849736251394
1178	50000.0	10.49997875466669
1179	50000.0	4.762517018483664
1180	50000.0	16.5825413705699
1181	50000.0	15.592606227445799
1182	50000.0	9.560467447620423
1183	50000.0	14.033736917974746
1184	50000.0	8.419636061388903
1185	50000.0	17.351832356435654
1186	50000.0	15.28121026178592
1187	50000.0	10.912113907682329
1188	50000.0	11.041518695169035
1189	50000.0	13.121899062765161
1190	50000.0	12.70264021393773
1191	50000.0	12.298674107187777
1192	50000.0	4.626413576783462
1193	50000.0	14.006417627470748
1194	50000.0	16.838991643785324
1195	50000.0	9.531743410984777
1196	50000.0	12.719034408965816
1197	50000.0	14.121634234963864
1198	50000.0	15.939925614339211
1199	50000.0	12.710969098724267
