	0	1
0	50000.0	9.693056284057014e-05
1	42629.2	6.22391696303598e-05
2	50000.0	0.004814472305310676
3	50000.0	0.00795487610479112
4	50000.0	0.0011445949176382638
5	50000.0	0.000626115860906127
6	48856.0	0.0005356706229249946
7	38582.6	1.6993808820703052e-07
8	50000.0	0.0012388746670374481
9	50000.0	0.0036071079823786685
10	50000.0	3.654683660140897e-05
11	45867.9	0.0021617622259846947
12	50000.0	0.001660124157737616
13	50000.0	0.0005169819054564918
14	46131.6	1.0049729584195033e-05
15	50000.0	0.013179744698488833
16	50000.0	9.948723938907598e-05
17	50000.0	0.0014727584931194973
18	50000.0	0.00678776320230097
19	47122.0	0.00040119664260191936
20	50000.0	0.003993205996034267
21	50000.0	0.0016228815320164132
22	50000.0	0.0008767251169826465
23	50000.0	0.00015855047679581524
24	49342.6	2.213841051363273e-05
25	41417.7	1.2818382821458378e-06
26	50000.0	0.00511419803484173
27	42776.5	0.00024623362913484063
28	50000.0	0.0010784904577167591
29	37560.4	5.917269894084147e-07
30	32308.6	2.4102644027912513e-05
31	50000.0	0.0005427794386240455
32	50000.0	0.001303263441831398
33	50000.0	0.0010121469684143721
34	45657.0	0.00018792422838099658
35	47249.4	1.3402029504689583e-06
36	48809.7	0.00020109737926631236
37	50000.0	0.0023036279284892676
38	50000.0	0.00015566681793832097
39	49634.1	0.0001666693705311353
40	50000.0	0.00836482021371593
41	50000.0	0.00031776606986236034
42	50000.0	0.0008334778377458577
43	50000.0	0.006679305164533768
44	50000.0	0.0009994862805955231
45	50000.0	0.0035745511243237805
46	50000.0	0.0010904823935057554
47	50000.0	0.00016122590987805756
48	41313.9	8.631506900213303e-08
49	50000.0	0.0034047359537447094
50	50000.0	2497.8142562013554
51	50000.0	3903.3340043471135
52	50000.0	114.93597986022849
53	50000.0	1087.942385645336
54	50000.0	1205.5819240787084
55	50000.0	686.8765401373587
56	50000.0	5423.332212545969
57	50000.0	3594.762942724221
58	50000.0	422.97318064452594
59	50000.0	5981.184185998647
60	50000.0	1639.2801733396093
61	50000.0	948.6273264331676
62	50000.0	1949.0678223776692
63	50000.0	5132.486672330256
64	50000.0	6471.505611678071
65	50000.0	8914.20046672232
66	50000.0	742.1696652086418
67	50000.0	574.8644589248408
68	50000.0	4186.779123743782
69	50000.0	2972.124247772338
70	50000.0	4929.159610081573
71	50000.0	3458.016887359236
72	50000.0	442.6991830322755
73	50000.0	98.93150810466295
74	50000.0	1177.240100825486
75	50000.0	9024.983274312568
76	50000.0	6714.352052472119
77	50000.0	6281.947234515213
78	50000.0	3916.1318136782525
79	50000.0	1471.8143096200954
80	50000.0	7217.113295670443
81	50000.0	1970.459113528324
82	50000.0	124.93082760089615
83	50000.0	4295.046673286879
84	50000.0	8678.54822588096
85	50000.0	7698.829643982509
86	50000.0	653.1788339310634
87	50000.0	8329.564036698956
88	50000.0	4520.182045512243
89	50000.0	2685.3864981634906
90	50000.0	60.420359981956835
91	50000.0	1439.0655273490463
92	50000.0	9898.7780900439
93	50000.0	981.8920272097857
94	50000.0	622.0676536391495
95	50000.0	3185.5262759188777
96	50000.0	2661.189968029678
97	50000.0	3644.0740296749236
98	50000.0	1820.4500446404527
99	50000.0	262.5298031754786
100	50000.0	17.208747667240136
101	50000.0	33.22071086843896
102	50000.0	45.87824170477352
103	50000.0	33.2660630163657
104	50000.0	81.31602280850532
105	50000.0	63.173596653779825
106	50000.0	72.24178916229123
107	50000.0	15.19637643940506
108	50000.0	57.194687811194584
109	50000.0	47.47268232203538
110	50000.0	88.86974864046667
111	50000.0	39.81135600719007
112	50000.0	44.953649204629905
113	50000.0	31.150041414294385
114	50000.0	43.529936872443386
115	50000.0	65.78366895565026
116	50000.0	66.61052778574268
117	50000.0	34.201301261439745
118	50000.0	46.16265937149651
119	50000.0	76.92954640064094
120	50000.0	56.30283595580045
121	50000.0	41.591323037899976
122	50000.0	49.426585563887855
123	50000.0	41.721703503478594
124	50000.0	44.379864263738234
125	50000.0	26.699739725161145
126	50000.0	59.08123275664569
127	50000.0	54.838147552509284
128	50000.0	22.90218257084415
129	50000.0	41.66001792266834
130	50000.0	56.51055776816304
131	50000.0	42.66378432860709
132	50000.0	33.091338219529945
133	50000.0	22.340344867434787
134	50000.0	92.39307199312304
135	50000.0	23.742874511898528
136	50000.0	36.23045430735881
137	50000.0	33.93050584782764
138	50000.0	10.613985236077522
139	50000.0	19.319047249627396
140	50000.0	75.50598321250432
141	50000.0	46.39362231304247
142	50000.0	44.626556552653035
143	50000.0	38.36494422079709
144	50000.0	68.11248514266848
145	50000.0	58.26004899954935
146	50000.0	105.35096408040104
147	50000.0	33.83082875846392
148	50000.0	66.18668967495641
149	50000.0	40.96945451162506
150	50000.0	50.70118659058907
151	50000.0	27.485062656180663
152	50000.0	47.24357894566438
153	50000.0	72.97986596608371
154	50000.0	84.23861626592081
155	50000.0	59.23226016217384
156	50000.0	94.41695681592813
157	50000.0	11.809879907132096
158	50000.0	56.83622407633497
159	50000.0	41.75640666960554
160	50000.0	55.3935321810882
161	50000.0	26.905299646945412
162	50000.0	46.33886772052584
163	50000.0	38.88906690419809
164	50000.0	68.80676378818609
165	50000.0	61.83638970611487
166	50000.0	68.51542940022283
167	50000.0	70.45149012362158
168	50000.0	35.98239805179443
169	50000.0	62.38441833436332
170	50000.0	68.7292107857029
171	50000.0	20.658067247792793
172	50000.0	42.87370812480419
173	50000.0	27.600582824312124
174	50000.0	59.51514179036362
175	50000.0	19.323551406777305
176	50000.0	62.25253192701543
177	50000.0	78.9776328624758
178	50000.0	11.95583948913533
179	50000.0	39.83967517413499
180	50000.0	59.65515374380446
181	50000.0	41.030395656929194
182	50000.0	44.16060841703062
183	50000.0	17.24828884497061
184	50000.0	103.33678326626674
185	50000.0	15.983074010986845
186	50000.0	70.44991331542785
187	50000.0	76.25924749339853
188	50000.0	5.083052427628989
189	50000.0	8.66561769300931
190	50000.0	75.60625966457658
191	50000.0	48.94528723555031
192	50000.0	64.70501921085531
193	50000.0	80.85772575820408
194	50000.0	87.65598876445594
195	50000.0	82.95539305490784
196	50000.0	79.84655779631665
197	50000.0	103.1569926670071
198	50000.0	42.851855025304125
199	50000.0	17.55858234864484
200	5263.3	0.0
201	4507.7	0.0
202	5503.3	0.0
203	5537.7	0.0
204	4168.7	0.0
205	6035.1	0.0
206	4144.9	0.0
207	4168.7	0.0
208	5068.6	0.0
209	6550.1	0.0
210	7038.8	0.0
211	4656.2	0.0
212	6102.2	0.0
213	4507.7	0.0
214	7437.2	0.0
215	5736.1	0.0
216	5537.7	0.0
217	5263.3	0.0
218	5939.7	0.0
219	4168.7	0.0
220	6118.2	0.0
221	6088.2	0.0
222	5939.7	0.0
223	4159.5	0.0
224	8498.6	0.0
225	5815.2	0.0
226	5336.3	0.0
227	4168.7	0.0
228	6088.2	0.0
229	7437.2	0.0
230	5815.2	0.0
231	6415.4	0.0
232	4134.1	0.0
233	8559.5	0.0
234	6088.2	0.0
235	6413.7	0.0
236	7041.2	0.0
237	6102.2	0.0
238	5736.1	0.0
239	4200.3	0.0
240	5503.3	0.0
241	5068.6	0.0
242	6550.1	0.0
243	4168.7	0.0
244	3222.1	0.0
245	5939.7	0.0
246	4164.3	0.0
247	5068.6	0.0
248	4294.6	0.0
249	7038.8	0.0
250	50000.0	1.991316159980446
251	50000.0	13.84851955429907
252	50000.0	13.892556939992485
253	50000.0	20.968379742531347
254	50000.0	724.6370603769417
255	50000.0	7.606604758921582
256	50000.0	10.0539807263067
257	50000.0	1.3552691274937636
258	50000.0	5.260235747682121
259	50000.0	0.5942706767743141
260	50000.0	2.0414502610922325
261	50000.0	1.2316510654927648
262	50000.0	54.89954018306777
263	50000.0	4.080890573388679
264	50000.0	1.9403283880809639
265	50000.0	13.013901958454586
266	50000.0	10.169162067744198
267	50000.0	0.22791438339125927
268	50000.0	11.18614398143112
269	50000.0	11.15322779390443
270	50000.0	2.2252823325057873
271	50000.0	2.0267163665704198
272	50000.0	0.17216445859088778
273	50000.0	6.533449018670931
274	50000.0	10.89899182247917
275	50000.0	1.349241817770348
276	50000.0	2.3238268409736778
277	50000.0	13.516309703066804
278	50000.0	13.873079581500397
279	50000.0	6.289359913739537
280	50000.0	6.619636918335641
281	50000.0	2.0196788898576075
282	50000.0	32.408384434562656
283	50000.0	8.182673386003462
284	50000.0	15.234216041338339
285	50000.0	3.7140623119240272
286	50000.0	6.864527980517946
287	50000.0	2.721000330238014
288	50000.0	3.1992880850697136
289	50000.0	2.506722418135952
290	50000.0	11.713919804946022
291	50000.0	5.732848100452853
292	50000.0	4.9535579011352535
293	50000.0	5.050547053934531
294	50000.0	5.357285320309531
295	50000.0	22.738999452410226
296	50000.0	0.6370877998106288
297	50000.0	10.578902614499043
298	50000.0	3.334174141962425
299	50000.0	10.381526189553302
300	50000.0	0.0
301	50000.0	94.8783125004348
302	50000.0	41.00670237593009
303	50000.0	10.539531851593269
304	50000.0	25.306300996770315
305	50000.0	66.98576189193554
306	50000.0	79.23236659604038
307	50000.0	0.0
308	50000.0	75.10922686063138
309	50000.0	25.982479605542995
310	50000.0	0.0
311	50000.0	421.4456509291279
312	50000.0	130.63136279791067
313	50000.0	0.0
314	50000.0	336.53523622616535
315	50000.0	0.0
316	50000.0	32.2737545774577
317	50000.0	0.0
318	50000.0	52.955336089193906
319	50000.0	1045.8349014222733
320	50000.0	297.431883159452
321	50000.0	0.0
322	50000.0	0.8373228672839822
323	50000.0	0.0
324	50000.0	419.2286376049451
325	50000.0	231.07268001377594
326	50000.0	123.89943927734043
327	50000.0	132.6976842534795
328	50000.0	50.77641440931932
329	50000.0	99.37666121467075
330	50000.0	0.0
331	50000.0	15.895682119696374
332	50000.0	0.0
333	50000.0	18.203226779762527
334	50000.0	58.911411661265376
335	50000.0	6.307682402762885
336	50000.0	275.10090343433563
337	50000.0	41.81744691447598
338	50000.0	48.270280113817094
339	50000.0	15.808637269982972
340	50000.0	0.0
341	50000.0	0.0
342	50000.0	684.4097117231702
343	50000.0	0.0
344	50000.0	0.0
345	50000.0	0.0
346	50000.0	62.229628382053974
347	50000.0	64.0262569373576
348	50000.0	78.33882428095961
349	50000.0	0.0
350	50000.0	20.266794161734143
351	50000.0	6.311764974219956
352	50000.0	14.141150249460788
353	50000.0	3.7848233419887216
354	50000.0	0.011541281395354258
355	50000.0	4.169950742431543
356	50000.0	3.446138189549656
357	50000.0	0.23438931707563831
358	50000.0	2.420551011344967
359	50000.0	3.5300807335876643
360	50000.0	1.4497290851877767
361	50000.0	2.8023007277812346
362	50000.0	1.520359367611419
363	50000.0	0.34676623421797814
364	50000.0	1.3100256097865113
365	50000.0	2.6621029598329713
366	50000.0	0.6037899680355915
367	50000.0	3.7782125343826913
368	50000.0	2.152664602749904
369	50000.0	21.201043609180182
370	50000.0	0.9577362379616666
371	50000.0	1.838384806878563
372	50000.0	0.07289396543627177
373	50000.0	4.121686958636249
374	50000.0	3.891447839309148
375	50000.0	3.274897507400451
376	50000.0	1.1957904689943935
377	50000.0	3.0901985808508043
378	50000.0	14.612242993995187
379	50000.0	33.01241790786386
380	50000.0	2.5607042850456
381	50000.0	0.6060530706183604
382	50000.0	4.04609418542484
383	50000.0	35.14789701406753
384	50000.0	0.20026175416199363
385	50000.0	73.61372966152555
386	50000.0	2.602742705082073
387	50000.0	1.236063282821514
388	50000.0	15.664202825223194
389	50000.0	15.714832341723397
390	50000.0	4.442943422694006
391	50000.0	2.017233333325612
392	50000.0	2.2804268258445557
393	50000.0	2.890328091206999
394	50000.0	0.03811138284341319
395	50000.0	0.33383838642778657
396	50000.0	67.64961979667291
397	50000.0	0.45950024905125797
398	50000.0	3.6728694231499155
399	50000.0	1.8797242728315493
400	50000.0	2.458683103108249
401	50000.0	0.281936460648598
402	50000.0	0.8587177412548079
403	50000.0	0.5275300894066499
404	50000.0	0.03588085598360774
405	50000.0	2.895883194952135
406	50000.0	1.0910278242758802
407	50000.0	0.04009526861352976
408	50000.0	0.002509761528801233
409	50000.0	0.0007082736926407659
410	50000.0	0.15485167990499027
411	50000.0	2.122471527856324
412	50000.0	0.7542390387166296
413	50000.0	0.8414376986188795
414	50000.0	2.057638272198196
415	50000.0	0.38392023181199597
416	50000.0	1.1224190589523824
417	50000.0	0.426467346443599
418	50000.0	2.190848818607347
419	50000.0	3.1445011799707885
420	50000.0	0.32034175637291806
421	50000.0	1.9170556408480348
422	50000.0	1.550437536443764
423	50000.0	0.06444648741086775
424	50000.0	1.0449003751666224
425	50000.0	2.3847171390166055
426	50000.0	2.014113792549942
427	50000.0	0.0010117442496075622
428	50000.0	0.0941916860605122
429	50000.0	1.2345978802513806
430	50000.0	0.9721093855151043
431	50000.0	1.1686897062528863
432	50000.0	0.01743365610697669
433	50000.0	2.215575787541597
434	50000.0	0.6369038618184825
435	50000.0	0.01592396281021539
436	50000.0	0.24188703990811714
437	50000.0	2.2455810884290326
438	50000.0	0.367688452105641
439	50000.0	3.06947595170491
440	50000.0	1.0519630591121945
441	50000.0	0.44376140854217894
442	50000.0	1.1039975028576983
443	50000.0	0.30753149271456187
444	50000.0	1.372510389656457
445	50000.0	1.0004472893091747
446	50000.0	0.19126583099476
447	50000.0	0.11138126393346663
448	50000.0	1.0141936118926747
449	50000.0	0.0050963431696183364
450	50000.0	4445.468976379094
451	50000.0	8631.741830736702
452	50000.0	638.5582201008012
453	50000.0	496.84796164326025
454	50000.0	3301.3981251433593
455	50000.0	3084.7656480579476
456	50000.0	549.495316765608
457	50000.0	864.0037502902524
458	50000.0	1301.5327091056488
459	50000.0	3704.7977535714112
460	50000.0	4666.642500302414
461	50000.0	18677.355598148126
462	50000.0	701.2052046464921
463	50000.0	301.98811480339486
464	50000.0	851.6744155781728
465	50000.0	1409.1179048052268
466	50000.0	125.76526353579288
467	50000.0	1507.8309205725106
468	50000.0	2708.151550023796
469	50000.0	841.1745742753712
470	50000.0	839.6084331460203
471	50000.0	530.5120621068094
472	50000.0	1860.6805907384737
473	50000.0	1580.7893510644806
474	50000.0	5467.861121294766
475	50000.0	539.5989662133311
476	50000.0	63.872330073278036
477	50000.0	6491.059792730161
478	50000.0	6618.430069231431
479	50000.0	925.7507349602795
480	50000.0	19182.900461390353
481	50000.0	4862.635616334098
482	50000.0	926.9586733043177
483	50000.0	1423.2687982735495
484	50000.0	1149.3930772871859
485	50000.0	3747.9678013484977
486	50000.0	8363.918238366923
487	50000.0	198.1307149604214
488	50000.0	218.88517147679948
489	50000.0	9516.503093595087
490	50000.0	82.74875089738575
491	50000.0	88.81446684894593
492	50000.0	9562.626038648279
493	50000.0	16165.099736975291
494	50000.0	997.8897033108676
495	50000.0	1151.39811298378
496	50000.0	5986.049085495274
497	50000.0	190.0862859537486
498	50000.0	6037.340945830521
499	50000.0	230.01678932496867
500	50000.0	20.874658144280108
501	50000.0	11.124609935601288
502	50000.0	18.649797661261495
503	50000.0	4.5425770096893805
504	50000.0	21.94253097415399
505	50000.0	18.72706312276763
506	50000.0	33.53471119164535
507	50000.0	8.708726018811522
508	50000.0	47.999706088131866
509	50000.0	27.450628627830987
510	50000.0	5.787816974267288
511	50000.0	15.666538449949005
512	50000.0	16.36279502089244
513	50000.0	5.56491942283383
514	50000.0	13.439146631046858
515	50000.0	8.649939535867155
516	50000.0	22.419237512061322
517	50000.0	8.417677456012907
518	50000.0	9.377785749600688
519	50000.0	32.73336831446616
520	50000.0	22.597740105968246
521	50000.0	4.947474216770251
522	50000.0	13.093932161795113
523	50000.0	11.425440060985853
524	50000.0	25.928994545006503
525	50000.0	8.965579697356473
526	50000.0	13.220986022693372
527	50000.0	22.148530532563168
528	50000.0	1.2691353508150063
529	50000.0	12.781963303555262
530	50000.0	5.379900870371536
531	50000.0	26.165644147678353
532	50000.0	36.98077330673536
533	50000.0	18.10269841685353
534	50000.0	19.66582611997703
535	50000.0	8.609550461205448
536	50000.0	15.688583790459699
537	50000.0	19.294594764369485
538	50000.0	23.40453182803546
539	50000.0	7.061244034552823
540	50000.0	34.88044103656396
541	50000.0	8.772966218994743
542	50000.0	3.8332673057156983
543	50000.0	12.96216214185122
544	50000.0	10.48594601932884
545	50000.0	39.04778675388132
546	50000.0	9.08643438539678
547	50000.0	14.843029343044345
548	50000.0	5.507061245839867
549	50000.0	9.359423561015907
550	50000.0	445.2054263298531
551	50000.0	1207.0026273787528
552	50000.0	1189.2992757868676
553	50000.0	8832.981821115278
554	50000.0	11.097620546487445
555	50000.0	0.10852572764429373
556	50000.0	10603.597586682152
557	50000.0	168.63997367885867
558	50000.0	57.099878127244914
559	50000.0	0.47504005075932587
560	50000.0	296.5870099556186
561	50000.0	500.2181563942926
562	50000.0	10.78312087649943
563	50000.0	397.7529351907875
564	50000.0	33.06907844307286
565	50000.0	619.7161102884542
566	50000.0	0.4653304291544759
567	50000.0	378.8061628329653
568	50000.0	35.82039948079316
569	50000.0	234.59281879168697
570	50000.0	132.65629830235406
571	50000.0	2715.2161940491233
572	50000.0	253.14738659251597
573	50000.0	10.031155925292047
574	50000.0	0.00816330779415584
575	50000.0	188.30229899769535
576	50000.0	11316.83017879044
577	50000.0	79.41945872725998
578	50000.0	646.2046199606685
579	50000.0	53.52939872499611
580	50000.0	4.277186211568994
581	50000.0	0.04077598466730341
582	50000.0	0.06357093196681401
583	50000.0	67.84746332215678
584	50000.0	296.98019289220747
585	50000.0	0.8530081907496354
586	50000.0	2.5872155434362964
587	50000.0	28676.547436400364
588	50000.0	401.96522020355616
589	50000.0	12473.869336749613
590	50000.0	2.852052400502223
591	50000.0	2.290170885043936
592	50000.0	3361.389344720696
593	50000.0	573.3548473962278
594	50000.0	60.574768337934884
595	50000.0	83586.13854873073
596	50000.0	0.3404240136097074
597	50000.0	299.260606885391
598	50000.0	40.325768333220516
599	50000.0	23044.240488787513
600	50000.0	5.95903910567325
601	50000.0	91.00064501599554
602	50000.0	42.967681079484336
603	50000.0	48.915978492379324
604	50000.0	5.692376603596982
605	50000.0	3.113777284243679
606	50000.0	11.272929875273062
607	50000.0	9.990379884522149
608	50000.0	73.35173453562543
609	50000.0	34.88272697513061
610	50000.0	76.38472435716929
611	50000.0	41.782196945906584
612	50000.0	19.562809996214632
613	50000.0	34.78015854927935
614	50000.0	119.12975772949578
615	50000.0	25.0870675247819
616	50000.0	2.0050364267659857
617	50000.0	26.39320822054294
618	50000.0	5.518572670556029
619	50000.0	1.2280210877651112
620	50000.0	41.184745310381786
621	50000.0	11.76377383555365
622	50000.0	3.541752506968282
623	50000.0	5.079719664646352
624	50000.0	33.13555953105101
625	50000.0	12.027834549191052
626	50000.0	5.705127053645776
627	50000.0	39.92807442506758
628	50000.0	10.052115260653398
629	50000.0	10.078712253785794
630	50000.0	22.457234965059182
631	50000.0	25.075706473090726
632	50000.0	8.712009826488622
633	50000.0	27.377014539720086
634	50000.0	5.16014796542942
635	50000.0	55.28231995642891
636	50000.0	0.11386339314921505
637	50000.0	10.367997360649614
638	50000.0	18.95321305947642
639	50000.0	37.19833218986681
640	50000.0	17.060890435425744
641	50000.0	24.620726105125037
642	50000.0	21.106934827563713
643	50000.0	61.14680433982553
644	50000.0	8.113438471424804
645	50000.0	10.181402684904137
646	50000.0	15.329516403571322
647	50000.0	19.194818520818956
648	50000.0	35.161864740668264
649	50000.0	6.98344124045236
650	50000.0	0.012922204716794509
651	50000.0	0.005067035736342161
652	50000.0	0.09189667899475167
653	50000.0	0.006564701104319623
654	50000.0	0.025348979961292428
655	50000.0	0.15994490038343
656	50000.0	0.03036421985067254
657	50000.0	0.04097819925828884
658	50000.0	0.03281568054949711
659	50000.0	0.010947807917632123
660	50000.0	0.35583679817336855
661	50000.0	0.0024103238340523166
662	50000.0	0.029372145360614093
663	50000.0	0.08825280465880532
664	50000.0	0.011401631629493527
665	50000.0	0.014256609514666105
666	50000.0	0.10331574653034796
667	50000.0	0.027739055125999685
668	50000.0	0.04423066862823611
669	50000.0	0.1847182187659044
670	50000.0	0.005679899239968404
671	50000.0	0.001841170937288648
672	50000.0	0.0033127611135178752
673	50000.0	0.03661079890084886
674	50000.0	0.277655844751877
675	50000.0	0.007838512056637123
676	50000.0	0.006776926764271551
677	50000.0	0.05246614821838079
678	50000.0	0.003971839025302172
679	50000.0	0.1944298344653555
680	50000.0	0.004466246084959935
681	50000.0	0.006650036082205433
682	50000.0	0.1339152438936554
683	50000.0	0.1731602948572256
684	50000.0	0.11998377054379603
685	50000.0	0.00731611865070156
686	50000.0	0.02465002171112682
687	50000.0	0.20974230916057088
688	50000.0	0.08952688791292178
689	50000.0	0.031244167129174005
690	50000.0	0.020610859814580256
691	50000.0	0.26810633142672324
692	50000.0	0.010565582141591503
693	50000.0	0.00330802824780582
694	50000.0	0.17090891408688705
695	50000.0	0.004157142861506811
696	50000.0	0.03673113735557777
697	50000.0	0.014135908869355035
698	50000.0	0.6534223098011356
699	50000.0	0.03204099180480126
700	50000.0	52.91384723898718
701	50000.0	118.82339504279517
702	50000.0	114.48132577206334
703	50000.0	87.61093205454704
704	50000.0	79.83216050834683
705	50000.0	8.492273468970433
706	50000.0	101.02837406722966
707	50000.0	51.256086137349655
708	50000.0	58.848462641736184
709	50000.0	42.98593954405659
710	50000.0	75.98691138567929
711	50000.0	32.4240571804536
712	50000.0	52.915964636824185
713	50000.0	55.019477205106156
714	50000.0	86.62943649692218
715	50000.0	85.57395163026058
716	50000.0	23.43389878900839
717	50000.0	93.62918624445514
718	50000.0	67.67117840945858
719	50000.0	70.53888852354302
720	50000.0	51.754221767044726
721	50000.0	68.79087977810306
722	50000.0	104.19277747121544
723	50000.0	44.353989353233686
724	50000.0	73.06460422627957
725	50000.0	38.10330965191052
726	50000.0	71.5089837478578
727	50000.0	92.07018452963543
728	50000.0	10.859802215302313
729	50000.0	47.30315548717317
730	50000.0	67.98026166504204
731	50000.0	39.542981785682954
732	50000.0	83.83261359123145
733	50000.0	143.7314657123512
734	50000.0	86.36210240067821
735	50000.0	75.1067572924159
736	50000.0	61.00137718509562
737	50000.0	52.65261184322977
738	50000.0	100.93245905309817
739	50000.0	38.71784991444846
740	50000.0	51.42987980809745
741	50000.0	44.81916087041181
742	50000.0	43.33896780532452
743	50000.0	80.73656470096633
744	50000.0	61.46416848695624
745	50000.0	53.630570794423
746	50000.0	23.22072546252657
747	50000.0	65.69282392323582
748	50000.0	27.89909800310432
749	50000.0	83.51565222095469
750	50000.0	4.887278058272838
751	50000.0	6.470064069428767
752	50000.0	11.335297698385206
753	50000.0	8.23341274989148
754	50000.0	6.337062593643152
755	50000.0	7.884334322784587
756	50000.0	11.3981851204315
757	50000.0	4.681838126361183
758	50000.0	8.018866235597677
759	50000.0	6.9007146565331094
760	50000.0	4.277135438002157
761	50000.0	7.746377630799765
762	50000.0	5.685646023767062
763	50000.0	6.463409164671051
764	50000.0	8.712104634904554
765	50000.0	10.186824266298803
766	50000.0	6.448201374003643
767	50000.0	5.358673077234976
768	50000.0	5.508375585681135
769	50000.0	5.3231599812702814
770	50000.0	7.581082981182725
771	50000.0	7.892779037684082
772	50000.0	5.205568811155118
773	50000.0	4.405279293147428
774	50000.0	7.126074472615807
775	50000.0	3.5028300797709675
776	50000.0	5.908986218146003
777	50000.0	4.986509973598015
778	50000.0	4.932886254238005
779	50000.0	6.033960751798376
780	50000.0	8.36606259171066
781	50000.0	8.46462170329082
782	50000.0	7.238191254612799
783	50000.0	6.937847558094283
784	50000.0	7.166857039490742
785	50000.0	5.467629187399714
786	50000.0	5.145809030463516
787	50000.0	5.421202167446586
788	50000.0	10.647942289243582
789	50000.0	7.045743869903521
790	50000.0	6.033365761687158
791	50000.0	6.9414187675237
792	50000.0	11.049861289152219
793	50000.0	4.402795995928374
794	50000.0	7.677744270655197
795	50000.0	5.358819100610686
796	50000.0	11.534790454679833
797	50000.0	4.926096965570011
798	50000.0	7.066096429273074
799	50000.0	5.337782555723467
800	50000.0	5.024655954079261
801	50000.0	7.223686921152165
802	50000.0	3.5133703848769704
803	50000.0	6.688311556471854
804	50000.0	13.112810836716287
805	50000.0	5.980947299102316
806	50000.0	5.919946178817412
807	50000.0	6.286574630737111
808	50000.0	7.550409088661335
809	50000.0	14.730934348143482
810	50000.0	7.921590936735403
811	50000.0	9.878637550637347
812	50000.0	9.354900215598734
813	50000.0	11.178928463337988
814	50000.0	9.543391597868123
815	50000.0	7.668543683607456
816	50000.0	16.422282430661966
817	50000.0	9.562151949975929
818	50000.0	9.565029590429052
819	50000.0	10.361025224103933
820	50000.0	7.801472070626322
821	50000.0	9.325045104204051
822	50000.0	6.454343204560291
823	50000.0	2.759935990133911
824	50000.0	7.224892009854381
825	50000.0	7.770717820445739
826	50000.0	8.13891225892383
827	50000.0	3.304082833838897
828	50000.0	6.633228739698119
829	50000.0	4.323197799855103
830	50000.0	5.525426517575066
831	50000.0	7.609460383460899
832	50000.0	4.586879799005702
833	50000.0	4.062651405941065
834	50000.0	2.305364403891633
835	50000.0	3.3006684455941326
836	50000.0	9.110087426071617
837	50000.0	4.538682938336258
838	50000.0	14.357865201493727
839	50000.0	3.1888758197805016
840	50000.0	6.078842264996416
841	50000.0	5.3100098759035035
842	50000.0	7.7286237405168645
843	50000.0	4.735073347153201
844	50000.0	6.081272409618715
845	50000.0	14.081026574251272
846	50000.0	9.506944405848609
847	50000.0	7.6864270548392195
848	50000.0	6.544034871348944
849	50000.0	7.084819162945394
850	50000.0	20.751684631961744
851	50000.0	28.31625827459437
852	50000.0	10.596422348581784
853	50000.0	25.831070598418755
854	50000.0	47.04596321523967
855	50000.0	23.24604492653659
856	50000.0	25.558176768255855
857	50000.0	30.143422954660064
858	50000.0	35.15495523469603
859	50000.0	68.8916598045146
860	50000.0	26.988645166919717
861	50000.0	43.066752694006816
862	50000.0	31.246244513953418
863	50000.0	33.478016285098235
864	50000.0	37.027742674053655
865	50000.0	23.639405289731705
866	50000.0	72.97972517410804
867	50000.0	35.69318285636358
868	50000.0	31.892978380483015
869	50000.0	28.96412950944127
870	50000.0	38.37493432336366
871	50000.0	38.04545832697757
872	50000.0	15.125264686106405
873	50000.0	16.85004053327416
874	50000.0	19.298475826555354
875	50000.0	21.139421660296
876	50000.0	20.744832061823896
877	50000.0	9.220887907433697
878	50000.0	28.102630493534274
879	50000.0	15.992844901947223
880	50000.0	21.00932773739652
881	50000.0	33.03440923064696
882	50000.0	19.630048044062697
883	50000.0	12.853400448354858
884	50000.0	7.814881477590345
885	50000.0	13.351973438256024
886	50000.0	32.914228593232636
887	50000.0	20.29376785895635
888	50000.0	61.10050050538689
889	50000.0	16.7338796294864
890	50000.0	18.4303770931838
891	50000.0	27.34909877991975
892	50000.0	21.022700003543004
893	50000.0	22.64229248317266
894	50000.0	26.995924180743987
895	50000.0	48.48464370278206
896	50000.0	29.585455851601818
897	50000.0	25.96878112399016
898	50000.0	22.981737890277124
899	50000.0	23.136809800976472
900	50000.0	0.05208323521595002
901	50000.0	0.03989103956790352
902	50000.0	0.05493372214120633
903	50000.0	0.05518457159656513
904	50000.0	0.06464701191660982
905	50000.0	0.06039199357366041
906	50000.0	0.0694999073287903
907	50000.0	0.09087982502094363
908	50000.0	0.05049488896830514
909	50000.0	0.052630825389331726
910	50000.0	0.06533048231645502
911	50000.0	0.09835280071101807
912	50000.0	0.12244156228863723
913	50000.0	0.09556130913372414
914	50000.0	0.10215896535635238
915	50000.0	0.0711260905678758
916	50000.0	0.10367640208390032
917	50000.0	0.043917021639965984
918	50000.0	0.15470702135333295
919	50000.0	0.07782070111450708
920	50000.0	0.08026210875433062
921	50000.0	0.13305870425603422
922	50000.0	0.07760392727368917
923	50000.0	0.061864421406446726
924	50000.0	0.07362803108500841
925	50000.0	0.09668122778785335
926	50000.0	0.08528208183702209
927	50000.0	0.11725826899082711
928	50000.0	0.0733354098002291
929	50000.0	0.05467296244382887
930	50000.0	0.06657705597775773
931	50000.0	0.06859015156037121
932	50000.0	0.09540376267357242
933	50000.0	0.05091937045796211
934	50000.0	0.09310229374649329
935	50000.0	0.05169385765849448
936	50000.0	0.09300367087353081
937	50000.0	0.12468440226205998
938	50000.0	0.047293089452761804
939	50000.0	0.0649263710353651
940	50000.0	0.054171218290998094
941	50000.0	0.049574254913775914
942	50000.0	0.07810485661874686
943	50000.0	0.11087149265181626
944	50000.0	0.07997745806184345
945	50000.0	0.07712782584518116
946	50000.0	0.09523234987920866
947	50000.0	0.027708913309717965
948	50000.0	0.08057377296321118
949	50000.0	0.08920277971973363
950	50000.0	1.7152428127553165
951	50000.0	1.7152428127553165
952	50000.0	1.8895095141368436
953	50000.0	1.5064863234196866
954	50000.0	1.9116586806693339
955	50000.0	1.7618362913323051
956	50000.0	2.05204819764843
957	50000.0	1.7171341906630282
958	50000.0	1.905859562599095
959	50000.0	1.6034857100652116
960	50000.0	2.05204819764843
961	50000.0	1.7660157329398989
962	50000.0	1.6034857100652116
963	50000.0	1.6034857100652116
964	50000.0	1.5064863234196866
965	50000.0	1.7605122101008153
966	50000.0	1.7205549687199468
967	50000.0	1.5064863234196866
968	50000.0	1.905859562599095
969	50000.0	1.9208843632466164
970	50000.0	1.6592059365147283
971	50000.0	1.8895095141368436
972	50000.0	1.9457943779102806
973	50000.0	1.696597814549404
974	50000.0	1.9208843632466164
975	50000.0	2.113210493595754
976	50000.0	1.9116586806693339
977	50000.0	2.113210493595754
978	50000.0	1.5064863234196866
979	50000.0	1.905611096084258
980	50000.0	1.780118710206942
981	50000.0	2.113210493595754
982	50000.0	1.7618362913323051
983	50000.0	2.113210493595754
984	50000.0	1.7605122101008153
985	50000.0	1.6281437698270516
986	50000.0	1.9653648559986567
987	50000.0	1.780093824284457
988	50000.0	1.8895095141368436
989	50000.0	1.780118710206942
990	50000.0	1.8884732042730903
991	50000.0	1.9653648559986567
992	50000.0	1.7662382947451332
993	50000.0	1.6281437698270516
994	50000.0	1.8884732042730903
995	50000.0	1.7171341906630282
996	50000.0	1.937985650578056
997	50000.0	1.9116586806693339
998	50000.0	1.6992548439972759
999	50000.0	1.8818465565163485
1000	50000.0	2.7948806205494208
1001	50000.0	1.245264987220117
1002	50000.0	7.011128269905592
1003	50000.0	6.507938370106869
1004	50000.0	1.485577442641263
1005	50000.0	2.3061063594186693
1006	50000.0	2.364102585239805
1007	50000.0	2.0983731078112853
1008	50000.0	2.7779892047980623
1009	50000.0	2.7611835413998556
1010	50000.0	7.291482754489827
1011	50000.0	6.037372177356654
1012	50000.0	1.8253952420866757
1013	50000.0	16.418531637720783
1014	50000.0	2.9137017359636856
1015	50000.0	0.007932031576371757
1016	50000.0	1.1470106162815266
1017	50000.0	9.847627744237466
1018	50000.0	3.3651493653844375
1019	50000.0	3.6890208915180067
1020	50000.0	7.856723646775836
1021	50000.0	19.44775800336907
1022	50000.0	8.98773104502904
1023	50000.0	0.6919341251601882
1024	50000.0	4.243513896270292
1025	50000.0	1.7108836560940262
1026	50000.0	11.987635345343593
1027	50000.0	0.0009634845569157742
1028	50000.0	5.782286712959445
1029	50000.0	0.9075537676762779
1030	50000.0	8.215911591032462
1031	50000.0	8.11808388761062
1032	50000.0	3.1749239314874664
1033	50000.0	2.2192062927953553
1034	50000.0	2.72500373705472
1035	50000.0	4.216541948319641
1036	35277.7	6.206229055154542e-06
1037	50000.0	3.9394436935064236
1038	50000.0	0.023494709273081706
1039	50000.0	8.242417436849543
1040	50000.0	1.8470299258785445
1041	50000.0	8.084065194886538
1042	50000.0	4.724289744200517
1043	50000.0	2.2914936329196416
1044	50000.0	0.2061344077222897
1045	50000.0	2.1186349385259824
1046	50000.0	3.448402948255665
1047	50000.0	1.3484659975716327
1048	50000.0	6.665370779035264
1049	50000.0	10.428703182442408
1050	50000.0	66.22342766971423
1051	50000.0	0.09058615531862588
1052	50000.0	2.8892514020498496
1053	50000.0	0.8346675983249652
1054	50000.0	7.271713411341091
1055	50000.0	30.262299140574214
1056	50000.0	0.6919909926008017
1057	50000.0	0.026691895771558605
1058	50000.0	4.836484325609118
1059	50000.0	2.009127262757816
1060	50000.0	0.9240538288955188
1061	50000.0	28.324978037592366
1062	50000.0	0.7803147065407681
1063	50000.0	11.125618453417829
1064	50000.0	50.16356229346745
1065	50000.0	4.716641140238949
1066	50000.0	16.717443920290684
1067	50000.0	2.7332809726062868
1068	50000.0	11.953545703212658
1069	50000.0	17.022577084374706
1070	50000.0	0.12384740707924928
1071	50000.0	1.9868358812388365
1072	50000.0	1.2495400886998804
1073	50000.0	15.417638762128032
1074	50000.0	2.9478906951199795
1075	50000.0	2.0093880201512055
1076	50000.0	16.856690807846036
1077	50000.0	9.923851619409147
1078	50000.0	4.99857911788183
1079	50000.0	0.35744972849186846
1080	50000.0	8.744632007332626
1081	50000.0	1.9627892817573382
1082	50000.0	0.7271505023664347
1083	50000.0	1.4313080222945094
1084	50000.0	6.313893225342349
1085	50000.0	1.9678962956504005
1086	50000.0	1.9725407351806592
1087	50000.0	0.692469150891573
1088	50000.0	0.7075967566030924
1089	50000.0	8.221891875078537
1090	50000.0	2.6738296259979766
1091	50000.0	0.8607383387584712
1092	50000.0	5.718066369863459
1093	50000.0	2.3381606174978584
1094	50000.0	5.6255629510261995
1095	50000.0	0.26254540791447967
1096	50000.0	1.6582204482619427
1097	50000.0	7.271682361374016
1098	50000.0	0.08850580766224517
1099	50000.0	11.15445360569757
1100	50000.0	0.5349274098024486
1101	50000.0	1.1294181067002675
1102	50000.0	0.870333275105797
1103	50000.0	0.5251210702222713
1104	50000.0	0.6649208978314224
1105	50000.0	0.7057240956518156
1106	50000.0	0.476331344161939
1107	50000.0	0.7434441535989154
1108	50000.0	0.5984299475840779
1109	50000.0	0.44393646866713227
1110	50000.0	0.5945748719750157
1111	50000.0	0.47843875844490286
1112	50000.0	0.8405188089738249
1113	50000.0	0.5090976493612646
1114	50000.0	0.6684916240545905
1115	50000.0	0.48972788799408135
1116	50000.0	0.8202914209812711
1117	50000.0	0.8798303798209346
1118	50000.0	0.710740292419574
1119	50000.0	0.5795404814489863
1120	50000.0	0.6635425362399869
1121	50000.0	0.6684366365964389
1122	50000.0	0.6199566562635923
1123	50000.0	0.4123246354620672
1124	50000.0	0.6422949229151493
1125	50000.0	0.43258170168054166
1126	50000.0	0.5031206829267598
1127	50000.0	0.5197111224028704
1128	50000.0	0.7188380280941923
1129	50000.0	0.5063709433408643
1130	50000.0	0.4091527724682276
1131	50000.0	0.8605484914674036
1132	50000.0	0.5844834997295327
1133	50000.0	0.5003125422280947
1134	50000.0	0.5430183394448025
1135	50000.0	0.5264780144285448
1136	50000.0	0.4834302948071564
1137	50000.0	0.2970045387784117
1138	50000.0	0.6009798368558034
1139	50000.0	0.5159684948786756
1140	50000.0	0.7670836790155051
1141	50000.0	0.5770243431225617
1142	50000.0	0.6926793450217923
1143	50000.0	0.9315545969936595
1144	50000.0	0.7440220964103761
1145	50000.0	0.5325963131334532
1146	50000.0	0.9059650189480543
1147	50000.0	0.5136339570623372
1148	50000.0	0.6882216434939515
1149	50000.0	0.6726268340825616
1150	50000.0	23.841147120547358
1151	50000.0	24.29193723559667
1152	50000.0	23.44065171478518
1153	50000.0	14.475410667203056
1154	50000.0	25.0594183653995
1155	50000.0	13.953029014066345
1156	50000.0	19.86492636240515
1157	50000.0	21.002684862163694
1158	50000.0	19.120108805708448
1159	50000.0	24.122383435785476
1160	50000.0	24.67320986557847
1161	50000.0	24.837591798013175
1162	50000.0	19.804814836638457
1163	50000.0	21.427879778105215
1164	50000.0	21.47574248048772
1165	50000.0	21.650468430197996
1166	50000.0	14.589282670661891
1167	50000.0	14.217836090847957
1168	50000.0	25.109228821440606
1169	50000.0	22.416371588755265
1170	50000.0	23.606018414559692
1171	50000.0	21.20657795510502
1172	50000.0	13.35994611476276
1173	50000.0	24.669462361144827
1174	50000.0	19.72001534167007
1175	50000.0	24.062324360074175
1176	50000.0	13.754249198804368
1177	50000.0	7.670982231827881
1178	50000.0	22.886953936331015
1179	50000.0	6.665802366603964
1180	50000.0	15.58588443812888
1181	50000.0	23.327269740084777
1182	50000.0	13.575148712498834
1183	50000.0	20.480941243636888
1184	50000.0	12.27863584067167
1185	50000.0	24.34588637249337
1186	50000.0	20.325087047812733
1187	50000.0	15.232390097597733
1188	50000.0	20.66425966016048
1189	50000.0	21.447563730911742
1190	50000.0	20.804699234426852
1191	50000.0	23.76322944230589
1192	50000.0	13.4448012413762
1193	50000.0	23.242793846255644
1194	50000.0	19.86546035123485
1195	50000.0	19.97408651164052
1196	50000.0	20.356526733117523
1197	50000.0	20.52222060549719
1198	50000.0	19.6188396301769
1199	50000.0	19.858698003930684
