	0	1
0	542.4	5.961601847221151e-09
1	514.8	6.0798227069524185e-09
2	607.2	6.693272919267869e-09
3	584.4	6.54614986986618e-09
4	524.4	6.978485909994031e-09
5	538.8	6.574538101784155e-09
6	553.2	5.7937873599796815e-09
7	506.4	7.109664825623526e-09
8	558.0	6.577692829867008e-09
9	588.0	5.702964479520376e-09
10	525.6	6.492117794735871e-09
11	544.8	6.480729878954207e-09
12	556.8	6.614039520132716e-09
13	525.6	5.912456961372133e-09
14	525.6	6.256840409915267e-09
15	579.6	5.632734073546019e-09
16	530.4	5.210498446419878e-09
17	549.6	5.61951379882304e-09
18	577.2	5.4350376391830765e-09
19	524.4	5.8005851238207935e-09
20	535.2	6.155993288199358e-09
21	562.8	6.503419393355827e-09
22	542.4	6.258494511522044e-09
23	496.8	5.995824007180552e-09
24	480.0	6.888720860449426e-09
25	520.8	5.997806008052346e-09
26	608.4	6.130972695038343e-09
27	556.8	5.731648555556426e-09
28	561.6	7.129765304646986e-09
29	513.6	6.151291510314062e-09
30	518.4	4.801381736920619e-09
31	567.6	6.77403288407895e-09
32	560.4	4.422801980474711e-09
33	567.6	6.146476827652626e-09
34	549.6	6.337659073824028e-09
35	500.4	6.438905793356524e-09
36	511.2	4.804545413301387e-09
37	552.0	5.007643866251607e-09
38	550.8	5.0484416926939844e-09
39	512.4	6.360538202557646e-09
40	556.8	5.105504305715382e-09
41	549.6	5.078509600631783e-09
42	522.0	6.289448396707178e-09
43	571.2	5.748240753742212e-09
44	554.4	5.511444202483696e-09
45	585.6	6.29167332079615e-09
46	565.2	7.435499297533872e-09
47	548.4	7.062869648564729e-09
48	475.2	6.321757757025147e-09
49	582.0	6.704796925810541e-09
50	2601.6	7.51192318255174e-09
51	2571.6	6.275183055550037e-09
52	2584.8	4.679858842916496e-09
53	2577.6	5.743156116228897e-09
54	2559.6	5.805211097789988e-09
55	2637.6	5.599221748392429e-09
56	2694.0	5.802270683387436e-09
57	2630.4	6.240728339291344e-09
58	2505.6	5.071945291928393e-09
59	2632.8	6.474623507629908e-09
60	2606.4	6.216800015583556e-09
61	2612.4	5.708149152420595e-09
62	2565.6	6.313278239920136e-09
63	2626.8	6.341939764427519e-09
64	2680.8	5.424535698675333e-09
65	2613.6	6.5968653376525984e-09
66	2521.2	5.924924342851815e-09
67	2629.2	6.306692131002507e-09
68	2539.2	5.905060918035996e-09
69	2667.6	4.971953039101572e-09
70	2481.6	6.279005236073627e-09
71	2658.0	4.788349078668545e-09
72	2546.4	6.568470431885354e-09
73	2458.8	7.578806038177863e-09
74	2576.4	5.971971210386562e-09
75	2658.0	5.4576233589106475e-09
76	2682.0	6.75118054598151e-09
77	2620.8	5.4855710167152944e-09
78	2626.8	5.840145403311878e-09
79	2594.4	6.284613307499365e-09
80	2577.6	6.623448393457939e-09
81	2665.2	7.692340732724845e-09
82	2599.2	6.135640573901467e-09
83	2488.8	5.657885897349204e-09
84	2680.8	6.190959460533766e-09
85	2658.0	6.672349594309656e-09
86	2600.4	6.538891703466438e-09
87	2641.2	6.44059879020751e-09
88	2559.6	6.604815879224981e-09
89	2529.6	5.224210203430784e-09
90	2553.6	5.7082215608060435e-09
91	2522.4	6.69148260134224e-09
92	2779.2	5.58604710033069e-09
93	2541.6	5.47791936747147e-09
94	2666.4	6.1139898738483204e-09
95	2562.0	6.049913196764825e-09
96	2559.6	6.417622211275453e-09
97	2532.0	7.67242200020099e-09
98	2602.8	6.98867369567684e-09
99	2736.0	5.4762637128927946e-09
100	33729.6	0.09949814337584971
101	31339.6	0.4974795319354818
102	40255.0	0.6964713417072455
103	30953.2	0.3979836269923183
104	31864.6	0.3979836255236586
105	36088.6	0.49747953123564387
106	25825.2	0.19948563846149786
107	34306.8	0.5969775743328245
108	32885.6	0.19936977226356506
109	26793.6	0.39798362667333104
110	39224.0	0.5969754369871647
111	39377.6	0.4366022371240675
112	38095.6	0.6964713414355124
113	43075.0	0.7968829741162462
114	48912.8	0.7534869245775333
115	37455.8	0.5969754368162261
116	37008.6	0.596975436416024
117	31756.2	0.3979836263023388
118	32085.6	0.3979836263395774
119	25764.0	0.19899181611439268
120	30695.2	0.39798362641787044
121	38858.8	0.49747953219289204
122	41978.2	0.6284842212606259
123	21753.6	0.0994959116953826
124	39616.6	0.5852208707320599
125	30166.6	0.37755329609843574
126	37369.8	0.39802798337169204
127	41772.2	0.7959723318739609
128	29472.0	0.2984884346261736
129	43427.2	0.5969754366159914
130	28822.2	0.2984877214577457
131	32789.4	0.3979836262698885
132	39956.8	0.8954647554672419
133	35433.8	0.5970093232819995
134	33108.2	0.413415812193766
135	49854.6	1.0216957195221252
136	39999.6	0.49747953130554495
137	37366.6	0.49747953053382493
138	26303.2	0.4974795329591862
139	41510.0	0.6964732958441988
140	44206.0	0.795967247804444
141	44190.0	0.39798362950767907
142	33142.6	0.5969754366614286
143	29002.4	0.19899225301504248
144	31638.6	0.1989918160051143
145	36399.6	0.30192272577025336
146	26159.6	0.39798362759838674
147	44314.8	0.8954632927370133
148	34902.8	0.39806205779825504
149	48834.8	0.8954631517368267
150	50000.0	4.178826529919205
151	50000.0	2.656382791855724
152	50000.0	3.7809254089588484
153	50000.0	3.482356699828851
154	50000.0	3.482536203526126
155	50000.0	3.084373077076626
156	50000.0	2.9273377360860624
157	50000.0	2.984877325437553
158	50000.0	3.1838695162658803
159	50000.0	3.183891929681669
160	50000.0	3.084385368527718
161	50000.0	4.121336000369654
162	50000.0	3.2833643918526
163	50000.0	3.6813480074632685
164	50000.0	3.3828602903352776
165	50000.0	3.2671803070098684
166	50000.0	3.482356699826525
167	50000.0	3.682089821375841
168	50000.0	3.681348511245176
169	50000.0	3.183877513706199
170	50000.0	3.288344888199421
171	50000.0	2.984877171633597
172	50000.0	3.3850218294181444
173	50000.0	3.585027169333862
174	50000.0	2.885381265842301
175	50000.0	3.183868984127468
176	50000.0	3.2839974101775637
177	50000.0	3.338145315786245
178	50000.0	3.283386739469674
179	50000.0	3.2833643856520993
180	50000.0	3.097965468859678
181	50000.0	3.084373077238717
182	50000.0	3.780843409417483
183	50000.0	3.780843913234026
184	50000.0	3.1838786826071046
185	50000.0	4.178827032228002
186	50000.0	3.3828602910391927
187	50000.0	3.4823582856614395
188	50000.0	2.288405831341094
189	50000.0	3.9798352336259493
190	50000.0	2.984896265051936
191	50000.0	3.2833648072238297
192	50000.0	3.382928575434227
193	50000.0	3.0843838113608424
194	50000.0	3.3828608293748013
195	50000.0	3.0850447650197848
196	50000.0	3.482356699843655
197	50000.0	3.5818521023064376
198	50000.0	3.482357026620876
199	50000.0	3.6021160285129303
200	123.6	0.0
201	130.8	0.0
202	96.0	0.0
203	115.2	0.0
204	120.0	0.0
205	136.8	0.0
206	146.4	0.0
207	122.4	0.0
208	96.0	0.0
209	134.4	0.0
210	124.8	0.0
211	126.0	0.0
212	135.6	0.0
213	130.8	0.0
214	122.4	0.0
215	130.8	0.0
216	115.2	0.0
217	123.6	0.0
218	166.8	0.0
219	120.0	0.0
220	122.4	0.0
221	132.0	0.0
222	157.2	0.0
223	108.0	0.0
224	124.8	0.0
225	116.4	0.0
226	105.6	0.0
227	120.0	0.0
228	136.8	0.0
229	122.4	0.0
230	116.4	0.0
231	102.0	0.0
232	174.0	0.0
233	136.8	0.0
234	132.0	0.0
235	105.6	0.0
236	106.8	0.0
237	133.2	0.0
238	130.8	0.0
239	108.0	0.0
240	96.0	0.0
241	96.0	0.0
242	140.4	0.0
243	120.0	0.0
244	94.8	0.0
245	157.2	0.0
246	108.0	0.0
247	96.0	0.0
248	96.0	0.0
249	124.8	0.0
250	3027.6	8.971873173003338e-10
251	3307.2	8.782678683337255e-10
252	3201.6	9.396598212312942e-10
253	3072.0	8.68089571420413e-10
254	3060.0	8.473514844446942e-10
255	3134.4	8.461067201400879e-10
256	3340.8	9.689792199528742e-10
257	3378.0	8.76150217589341e-10
258	3118.8	9.279346389349364e-10
259	3211.2	9.220682640854591e-10
260	2892.0	9.424549549252552e-10
261	2700.0	9.470789124363808e-10
262	3043.2	8.738536861745047e-10
263	3362.4	8.256594801375978e-10
264	3178.8	9.527700088958488e-10
265	3510.0	9.85263419072545e-10
266	2850.0	9.341193505943126e-10
267	3369.6	8.405154175404262e-10
268	3487.2	8.958432045470924e-10
269	3219.6	8.793623360810781e-10
270	3030.0	8.832515533128581e-10
271	3109.2	8.605978373106512e-10
272	2930.4	8.242466582222941e-10
273	2870.4	8.643666457502392e-10
274	2848.8	8.629694733287246e-10
275	3056.4	8.748855157324903e-10
276	3230.4	8.761600478464332e-10
277	2866.8	9.39983042278511e-10
278	2954.4	8.997257994024446e-10
279	3368.4	8.619687432694976e-10
280	3116.4	7.664157980818492e-10
281	3218.4	8.21117892935653e-10
282	3369.6	9.566587764580937e-10
283	2974.8	8.908581006007403e-10
284	2782.8	8.202821323844202e-10
285	2878.8	8.835573644097608e-10
286	2944.8	8.054031311894473e-10
287	3118.8	9.248492249726452e-10
288	3331.2	9.711257631964545e-10
289	3058.8	8.233992300038385e-10
290	2784.0	8.79265815582836e-10
291	2950.8	9.015989891152654e-10
292	2834.4	9.023412298644717e-10
293	3570.0	8.277444376693963e-10
294	3007.2	8.078328101641108e-10
295	2908.8	8.052358310704454e-10
296	3145.2	6.560093668960298e-10
297	3050.4	9.599271861857287e-10
298	3310.8	9.653135889852983e-10
299	3447.6	8.980771751296978e-10
300	2238.4	0.0
301	50000.0	92.94000000442881
302	50000.0	35.350000004398495
303	50000.0	3.820000004885818
304	50000.0	21.75000000329296
305	50000.0	64.79000000384316
306	50000.0	54.070000004180926
307	4740.8	0.0
308	50000.0	22.630000003483584
309	50000.0	15.540000004715058
310	2865.8	0.0
311	50000.0	396.04000000408786
312	50000.0	128.1100000046252
313	3074.2	0.0
314	50000.0	311.0100000053435
315	3652.4	0.0
316	50000.0	29.260000003817765
317	9196.0	0.0
318	50000.0	43.19000000467813
319	50000.0	1000.0000000059706
320	50000.0	290.9700000045883
321	8157.2	0.0
322	2093.2	0.0
323	5778.0	0.0
324	50000.0	412.92000000489645
325	50000.0	216.94000000524252
326	50000.0	117.5000000031533
327	50000.0	53.4800000043565
328	50000.0	7.780000006270785
329	50000.0	72.60000000520206
330	2557.8	0.0
331	50000.0	14.650000003428735
332	2961.4	0.0
333	50000.0	10.210000005278996
334	50000.0	39.06000000426503
335	3899.2	0.0
336	50000.0	263.20000000443576
337	50000.0	14.140000003257015
338	50000.0	42.420000005823454
339	50000.0	2.3500000041739195
340	2654.2	0.0
341	3697.2	0.0
342	50000.0	675.0100000051568
343	2153.4	0.0
344	2734.8	0.0
345	1922.0	0.0
346	50000.0	56.810000004393075
347	50000.0	42.090000005600686
348	50000.0	45.79000000282426
349	2679.2	0.0
350	3013.2	5.686674982657277e-09
351	2485.2	6.88785776046833e-09
352	3650.4	6.204721702560003e-09
353	2488.8	5.595178981723217e-09
354	2623.2	6.619722008451946e-09
355	3078.0	6.662110196495472e-09
356	2575.2	7.305003935160713e-09
357	2328.0	7.124364236334491e-09
358	2691.6	6.818008886134262e-09
359	2719.2	4.58426012569865e-09
360	2505.6	5.672888468605465e-09
361	2466.0	5.507489104384192e-09
362	2707.2	6.925004973457747e-09
363	2583.6	5.622395927294863e-09
364	2619.6	7.067110484794862e-09
365	2767.2	4.784650294637225e-09
366	2820.0	6.383889503632457e-09
367	2780.4	6.258379873071751e-09
368	2526.0	5.891133251632217e-09
369	2469.6	5.889132363712217e-09
370	2502.0	6.502111822454883e-09
371	3186.0	7.322439359268501e-09
372	3082.8	6.7264444945789705e-09
373	3021.6	5.309716046245904e-09
374	3108.0	6.706556255867424e-09
375	3080.4	7.611598159568047e-09
376	2998.8	6.720679135248491e-09
377	3339.6	6.665421943611411e-09
378	2461.2	5.9792725982868214e-09
379	2786.4	5.612459897051337e-09
380	4024.8	6.189971078146381e-09
381	2392.8	4.943783709520028e-09
382	2707.2	5.948871513182479e-09
383	2992.8	6.072511937686588e-09
384	2617.2	4.255404418107942e-09
385	2442.0	5.501587843705837e-09
386	2504.4	5.760380320964101e-09
387	2787.6	5.81815995551174e-09
388	2858.4	7.0310892568289985e-09
389	2880.0	7.003090679608064e-09
390	3279.6	7.092691560300771e-09
391	2455.2	5.9666762240861825e-09
392	2710.8	4.522101006487143e-09
393	2865.6	5.665991674397196e-09
394	2757.6	5.383776143867134e-09
395	2677.2	4.9464058160119076e-09
396	3571.2	5.996452083308694e-09
397	2854.8	5.071407353366506e-09
398	2382.0	6.676171929476728e-09
399	3061.2	5.3093107600104e-09
400	2368.8	6.374234377398067e-09
401	2071.2	7.140996977528311e-09
402	2773.2	5.741871924211834e-09
403	2431.2	5.3157900768374725e-09
404	2391.6	7.0502430775530595e-09
405	2494.8	5.96974421982605e-09
406	2577.6	6.515379369194096e-09
407	2348.4	6.184215643586398e-09
408	2920.8	5.666377904834377e-09
409	2779.2	7.491676898456472e-09
410	2037.6	6.651354802864644e-09
411	2409.6	7.111172968335806e-09
412	2311.2	7.22894455155472e-09
413	2463.6	6.090183357256621e-09
414	2316.0	4.988893744245019e-09
415	2550.0	6.619607737261302e-09
416	2418.0	6.4401020232239365e-09
417	2346.0	5.637947672866317e-09
418	2523.6	6.4267102732299966e-09
419	2607.6	6.325899451938438e-09
420	2266.8	6.278807913285609e-09
421	2722.8	5.350866482008258e-09
422	2457.6	5.5167474674983015e-09
423	2397.6	6.0960866377533734e-09
424	2925.6	5.509093262826017e-09
425	2602.8	4.9355558453106455e-09
426	2476.8	4.6628493337494645e-09
427	2338.8	6.500528379100288e-09
428	2186.4	7.141387123075214e-09
429	2308.8	6.402107141868694e-09
430	2636.4	6.637236611918884e-09
431	2402.4	6.15931831362659e-09
432	2361.6	5.412857705457541e-09
433	2358.0	5.4924595574835615e-09
434	2449.2	6.587711397929062e-09
435	2613.6	6.2785866374216824e-09
436	2560.8	6.71072182410317e-09
437	2454.0	5.950782772481105e-09
438	2432.4	5.150383474878919e-09
439	2546.4	6.987244831623854e-09
440	2373.6	5.127710925888244e-09
441	2310.0	5.665014493984411e-09
442	2449.2	5.393454902510993e-09
443	2449.2	5.903297707241416e-09
444	2565.6	6.443335201953513e-09
445	2656.8	6.3407769415103835e-09
446	2316.0	7.135657202445664e-09
447	2619.6	6.1492144189366746e-09
448	2485.2	6.757582099252699e-09
449	2944.8	6.348995449714996e-09
450	2464.8	4.009727471476247e-09
451	2659.2	5.256169887492509e-09
452	2679.6	5.277481083008109e-09
453	2553.6	5.149688332277699e-09
454	2665.2	5.856612198465187e-09
455	2724.0	6.5003759223996715e-09
456	2578.8	6.799588000932337e-09
457	2839.2	5.860314537018477e-09
458	2757.6	5.166047125611433e-09
459	2518.8	6.479953973905035e-09
460	2572.8	7.077346296447377e-09
461	2613.6	6.548022764032046e-09
462	2506.8	5.533073329638279e-09
463	2570.4	5.711881032886956e-09
464	2577.6	5.852448325405032e-09
465	2623.2	5.816216844720428e-09
466	2601.6	6.595079440511775e-09
467	2631.6	5.334109410530648e-09
468	2426.4	6.111915171038451e-09
469	2644.8	5.932880720877753e-09
470	2443.2	5.367902411006924e-09
471	2624.4	5.3516406240698285e-09
472	2732.4	5.5201559503138266e-09
473	2605.2	5.46243322172116e-09
474	2788.8	5.573688863471541e-09
475	2748.0	6.495941647081984e-09
476	2674.8	5.37260275786857e-09
477	2646.0	5.717125801180522e-09
478	2806.8	5.8644952867519956e-09
479	2630.4	6.443990960109188e-09
480	2641.2	7.73489754910984e-09
481	2613.6	5.7070073329947375e-09
482	2623.2	4.813311395279257e-09
483	2745.6	5.882188840865612e-09
484	2571.6	6.64837902418877e-09
485	2659.2	6.401728831778279e-09
486	2762.4	6.787141333940443e-09
487	2602.8	6.043733112121559e-09
488	2685.6	6.499866701045639e-09
489	2726.4	5.573987482743848e-09
490	2703.6	5.2793299188531565e-09
491	2702.4	5.677160817650974e-09
492	2738.4	7.0360961253426155e-09
493	2713.2	4.142429171409533e-09
494	2740.8	6.540615192752501e-09
495	2751.6	4.91369568084512e-09
496	2703.6	4.936476246276032e-09
497	2745.6	5.085827233153989e-09
498	2613.6	4.8142128016060184e-09
499	2569.2	6.116174768464144e-09
500	3150.0	7.10432289240258e-09
501	2959.2	5.386533041500927e-09
502	2749.2	6.886625154601279e-09
503	2858.4	6.9984947039395905e-09
504	2755.2	6.780826407036084e-09
505	2767.2	6.2281097607895436e-09
506	2898.0	7.082103822575954e-09
507	2773.2	5.1580808793901316e-09
508	2955.6	5.624245433527474e-09
509	2836.8	5.623239418068446e-09
510	2958.0	6.0227788401285475e-09
511	3483.6	6.217074483078048e-09
512	3463.2	6.4768076038420725e-09
513	3019.2	6.7727901738685586e-09
514	2738.4	6.118283447648622e-09
515	2804.4	6.767662247182403e-09
516	2796.0	7.33169631762469e-09
517	3003.6	7.4477645413468935e-09
518	2986.8	4.570375501430431e-09
519	2889.6	6.670967776155555e-09
520	2917.2	6.677264103482387e-09
521	2792.4	5.562060767643263e-09
522	2755.2	7.169584888827006e-09
523	2772.0	6.320275644911962e-09
524	3283.2	5.410579094628307e-09
525	2941.2	7.59577152768802e-09
526	2932.8	7.274105596566657e-09
527	2776.8	6.759023540055994e-09
528	2862.0	6.265017654129782e-09
529	2924.4	7.356438047384623e-09
530	2894.4	7.0510560022184995e-09
531	2850.0	5.410112884229493e-09
532	2878.8	5.359146423845894e-09
533	2823.6	5.477756501788767e-09
534	2836.8	7.220669429678704e-09
535	2823.6	5.635111999807196e-09
536	2876.4	6.805842501399349e-09
537	2757.6	6.37536428519054e-09
538	2840.4	6.92089612554771e-09
539	3822.0	5.479225934998731e-09
540	2754.0	5.0527535059371226e-09
541	3204.0	6.9923909413248775e-09
542	2782.8	6.318416760572703e-09
543	3054.0	6.909984093474303e-09
544	3440.4	6.225923369270137e-09
545	2989.2	6.121480906643297e-09
546	3007.2	7.292756535688671e-09
547	2893.2	5.122516096051771e-09
548	2763.6	5.2970612424618624e-09
549	2916.0	6.124975509947585e-09
550	7212.0	8.882480297646859e-09
551	6675.6	8.357804087593414e-09
552	2870.4	6.8116780644979905e-09
553	8480.4	7.930524939509603e-09
554	2970.0	7.373393955695105e-09
555	4560.0	8.202528461217987e-09
556	7426.8	8.091558517032245e-09
557	2875.2	7.018021384640181e-09
558	12326.0	1.2717239632708024e-07
559	3880.8	6.823851026086537e-09
560	2918.4	7.124184181996743e-09
561	14665.6	2.7421010498716493e-08
562	2818.8	6.020132276618075e-09
563	3680.4	7.245347881427391e-09
564	26255.6	0.010124738510092705
565	7904.4	8.264036393361593e-09
566	25570.4	5.5313179870040895e-06
567	7502.4	7.845740432701793e-09
568	8356.8	9.055300492503102e-09
569	17030.8	2.200498104091975e-06
570	7305.6	8.24684870860147e-09
571	6975.6	8.161687413629839e-09
572	10057.2	8.492208681177854e-09
573	16867.6	0.00027746596011876267
574	17130.4	7.250930540674312e-07
575	6002.4	7.547202205938435e-09
576	4382.4	7.398498295068533e-09
577	2870.4	5.404111717485558e-09
578	29521.6	0.001980175433483174
579	7964.4	8.770011624892856e-09
580	37134.8	0.004050957431376348
581	20234.4	1.644756134983019e-07
582	11693.6	1.3669654511844032e-08
583	11550.8	8.852079154806731e-08
584	4600.8	6.806512321726891e-09
585	30130.0	0.0012121581202559565
586	17413.6	1.574214212036538e-08
587	3577.2	6.964235871461281e-09
588	11804.0	5.7524425248091324e-08
589	8326.8	9.356441183718192e-09
590	6586.8	7.819701618748536e-09
591	4938.0	8.853927551180402e-09
592	2930.4	6.014930660667508e-09
593	12657.2	2.110016553883808e-08
594	6270.0	7.582028354201703e-09
595	6097.2	7.732649066293579e-09
596	13787.6	4.4729004392109456e-08
597	7875.6	8.079432595001197e-09
598	5499.6	8.47148243812455e-09
599	4082.4	8.082750436269819e-09
600	36828.2	2.2702325301787847e-05
601	36887.6	0.007032766645488087
602	33099.4	0.00039699780221429896
603	50000.0	0.007576823462534185
604	41878.0	0.008412595682239805
605	45759.6	0.00020549135347020002
606	36624.8	7.002313105325161e-05
607	50000.0	0.05906009499106374
608	40860.4	4.377832110334322e-05
609	50000.0	0.007680597241373132
610	41209.6	0.00016724984866517908
611	32172.0	4.3779431231453624e-05
612	36802.4	0.010619046180362355
613	40944.4	1.5957887048676154e-05
614	41392.0	0.0041099201182529565
615	41949.0	0.0029926169496834543
616	37094.6	0.0012706918216756197
617	36782.0	2.6435991311073966e-05
618	41059.6	0.0002137208962544956
619	45361.2	0.0029886241610950362
620	45919.2	0.0032439959438535664
621	37450.4	0.013394611547526367
622	36711.2	9.130973327564975e-06
623	32141.6	0.010717631730089897
624	40934.8	0.0024167542956564513
625	37353.2	0.004443188463043079
626	41308.0	0.015404523897165965
627	50000.0	0.003015014564626572
628	50000.0	0.012320310908196262
629	45459.6	0.06554051520351561
630	45901.2	0.10092288431513759
631	41755.6	0.0004975872949889444
632	45430.8	0.005254667238719748
633	40946.8	0.0018739566028026142
634	37550.0	0.01072493976493417
635	32181.6	0.0001703911566623512
636	50000.0	0.003592264355488242
637	45475.2	0.006040199825997699
638	32967.6	0.01716869279444596
639	45472.8	0.0017247227620820912
640	32673.6	1.5671728464692308e-05
641	46104.8	0.002789777433321459
642	50000.0	0.00019281801860658427
643	37575.2	6.758060516374424e-06
644	50000.0	0.016775587686382116
645	45526.8	0.005628794949769638
646	41362.2	0.008170261836102265
647	45409.2	0.0002525006421265214
648	41148.4	0.0044012595451975505
649	27779.2	0.008181568386668846
650	3244.8	8.655891609439246e-09
651	3163.2	8.634410290112902e-09
652	2923.2	8.534127795910409e-09
653	2989.2	8.864873118531942e-09
654	3073.2	9.512771357242489e-09
655	3088.8	9.329120145127241e-09
656	3154.8	8.765420803538854e-09
657	3106.8	8.995694612682664e-09
658	2986.8	8.576399965355937e-09
659	3110.4	9.235085569299558e-09
660	3034.8	8.362619407503367e-09
661	3124.8	8.370609408329514e-09
662	3126.0	9.012229197617811e-09
663	3360.0	9.121871121925336e-09
664	3031.2	9.053165499604803e-09
665	2960.4	8.974004187646029e-09
666	3108.0	9.198463502206082e-09
667	3301.2	9.476237677410404e-09
668	3128.4	9.027831790188694e-09
669	3055.2	8.902088675031597e-09
670	2882.4	8.9807507442868e-09
671	3078.0	8.246192300464918e-09
672	2995.2	8.82732391945895e-09
673	3018.0	8.61500060484829e-09
674	3165.6	8.938749635542422e-09
675	2978.4	9.17451892277422e-09
676	3092.4	8.873526785908671e-09
677	3289.2	8.093714291275944e-09
678	2925.6	8.927744153591798e-09
679	3074.4	9.221659627539227e-09
680	2911.2	9.048252090634074e-09
681	3120.0	8.741729528893028e-09
682	3019.2	8.887599326410705e-09
683	3159.6	8.874527418717706e-09
684	3187.2	9.368333680626668e-09
685	3073.2	7.850298623910021e-09
686	3381.6	8.467138556483702e-09
687	3165.6	9.205289672938791e-09
688	3016.8	9.04115565382361e-09
689	3013.2	8.959705664672032e-09
690	2973.6	7.995419801141252e-09
691	3200.4	8.707361080123474e-09
692	3278.4	8.693960825635145e-09
693	3072.0	9.276674790431517e-09
694	3176.4	8.837739374258686e-09
695	2805.6	9.277018442195431e-09
696	3183.6	9.254378639482794e-09
697	3109.2	8.47892657557564e-09
698	3104.4	9.226227714012521e-09
699	3217.2	8.736776266666445e-09
700	17657.2	0.09949591136976843
701	24865.4	0.09949591043765824
702	15847.6	5.121256990863513e-09
703	23955.4	0.09949591078977679
704	33204.0	0.19901544466873858
705	31023.6	0.09949591039414549
706	26673.8	0.19899181708218364
707	14895.2	5.490272216595285e-09
708	14521.4	3.6130025530055184e-09
709	18181.6	6.9055310306268446e-09
710	22418.4	0.0032615641681762375
711	22061.4	1.795245552421651e-05
712	18836.0	5.219429247724445e-09
713	14144.8	6.072705328975874e-09
714	21805.8	6.2599329262893504e-09
715	26283.0	8.40694796039787e-07
716	28555.2	0.19899195510484594
717	24325.6	0.09949591121457511
718	20538.2	1.5119561045820337e-05
719	28979.6	0.3979836275921568
720	25288.2	1.8557330848075387e-07
721	22295.2	0.10189345022253345
722	22419.2	0.09949591078092117
723	23723.6	7.316925263724733e-09
724	37667.2	0.29848836701520937
725	16222.8	5.803334391881021e-09
726	21000.0	4.250247882351545e-09
727	13453.0	5.156789149359146e-09
728	18926.6	4.608675041412787e-09
729	20359.2	5.387543730131997e-09
730	20790.4	0.19899181600938215
731	21159.8	5.078635194470466e-09
732	17501.4	0.09949591072460572
733	22369.2	5.570986368118345e-09
734	21705.2	3.414428365555695e-07
735	19384.0	0.09949591202847141
736	27869.6	0.1989918169760902
737	23845.0	0.09949612184633701
738	19224.8	0.09949591180674022
739	22826.4	0.09949591108903574
740	23041.8	4.1542731204343595e-08
741	19372.6	0.09949591152098461
742	29772.0	0.10236241412037834
743	15857.8	0.09949590961529144
744	18953.2	5.798810302161755e-09
745	22136.0	0.09949591082212586
746	35667.6	0.49747953197626976
747	15192.8	0.09949591037042914
748	32652.2	0.2984877216518821
749	17714.6	5.896587979780274e-09
750	50000.0	3.741223515040668
751	50000.0	3.9541022963863597
752	50000.0	2.835055243758609
753	50000.0	4.4419244800977165
754	50000.0	5.694456154919799
755	50000.0	4.468685010095769
756	50000.0	4.1318861325731975
757	50000.0	1.6349845197812036
758	50000.0	1.9580095766454448
759	50000.0	3.2428089124185475
760	50000.0	2.666633136866108
761	50000.0	4.009488334431814
762	50000.0	2.5864519560459494
763	50000.0	5.032844366253868
764	50000.0	5.981026127980764
765	50000.0	2.1362815306339598
766	50000.0	3.9483746902878507
767	50000.0	6.035738801780621
768	50000.0	3.791835965950643
769	50000.0	4.923117854538393
770	50000.0	6.400042975178631
771	50000.0	2.92866739710822
772	50000.0	3.5880810667043503
773	50000.0	1.5599666315865115
774	50000.0	4.278618325619402
775	50000.0	2.0889435970198975
776	50000.0	4.704554694721891
777	50000.0	2.871046497765904
778	50000.0	3.854214823208827
779	50000.0	6.538499927501524
780	50000.0	2.3227894556548345
781	50000.0	4.644113745254023
782	50000.0	5.652267976784794
783	50000.0	2.4114385834415333
784	50000.0	3.346878046799786
785	50000.0	4.778718343319553
786	50000.0	2.0541877974513194
787	50000.0	4.219094565784832
788	50000.0	3.344234914469267
789	50000.0	2.6512212890731974
790	50000.0	4.025896013114113
791	50000.0	2.3224692663702853
792	50000.0	1.8348051508605874
793	50000.0	1.4664208945020794
794	50000.0	2.415788153033088
795	50000.0	3.4379220330343054
796	50000.0	4.569993277348998
797	50000.0	3.8800911003590186
798	50000.0	4.21897250022759
799	50000.0	2.938477220226947
800	50000.0	5.349692704691806
801	50000.0	7.115468969226905
802	50000.0	3.0751541223323167
803	50000.0	6.71414378593267
804	50000.0	10.250459124753133
805	50000.0	5.728505960724926
806	50000.0	5.203129229392597
807	50000.0	6.150526724366954
808	50000.0	7.26497103479611
809	50000.0	14.182156488306768
810	50000.0	7.644519604900815
811	50000.0	9.234531263729288
812	50000.0	10.148425132962197
813	50000.0	9.091982219420863
814	50000.0	9.484173146868777
815	50000.0	7.015812409571606
816	50000.0	15.290906174847956
817	50000.0	8.445626216708671
818	50000.0	9.082265114917867
819	50000.0	10.204661693545944
820	50000.0	6.746298491345233
821	50000.0	9.225304017302067
822	50000.0	6.508957199642721
823	50000.0	2.8654395736210185
824	50000.0	7.1176958135148025
825	50000.0	7.408153714772371
826	50000.0	6.997886544834698
827	50000.0	3.4461004799518355
828	50000.0	6.574081227064939
829	50000.0	3.7801364011586736
830	50000.0	5.534313851241636
831	50000.0	7.502783428202544
832	50000.0	4.609411566285527
833	50000.0	4.056522895726586
834	50000.0	2.318209376762733
835	50000.0	3.296351497858992
836	50000.0	8.855091663950644
837	50000.0	4.7752409530471445
838	50000.0	13.630446641084527
839	50000.0	3.184321485646554
840	50000.0	6.022509032447238
841	50000.0	5.346333436119179
842	50000.0	7.730360615386738
843	50000.0	4.6607033770363495
844	50000.0	6.07996571768346
845	50000.0	15.668517158419798
846	50000.0	9.184622891805429
847	50000.0	7.061760460169735
848	50000.0	6.294163469254544
849	50000.0	6.6082063669634525
850	50000.0	22.137373715447108
851	50000.0	27.087493850112025
852	50000.0	4.536045183854884
853	50000.0	26.53947387029776
854	50000.0	33.018573743141474
855	50000.0	20.035958923065124
856	50000.0	21.157430383537204
857	50000.0	27.567622996498017
858	50000.0	29.83860469192611
859	50000.0	48.086998821050926
860	50000.0	26.030677667884003
861	50000.0	35.79209305943036
862	50000.0	21.995580145109948
863	50000.0	25.511559291080925
864	50000.0	32.6327183734942
865	50000.0	21.816288182407607
866	50000.0	48.266494862019044
867	50000.0	23.72554024379432
868	50000.0	25.431012308510265
869	50000.0	20.18457777665979
870	50000.0	29.11283502019192
871	50000.0	36.59362497695993
872	50000.0	14.998704288874672
873	50000.0	11.886507788503108
874	50000.0	18.920040034824105
875	50000.0	16.937168150337076
876	50000.0	13.295360072160552
877	50000.0	10.628085160248276
878	50000.0	25.61239595868641
879	50000.0	12.018998479143786
880	50000.0	20.984988961914333
881	50000.0	28.535241237756516
882	50000.0	17.787684617399186
883	50000.0	11.414887883007188
884	50000.0	9.024400153480062
885	50000.0	11.936308242048227
886	50000.0	28.42791020070452
887	50000.0	18.043120655133393
888	50000.0	39.83420219108037
889	50000.0	14.527725854427718
890	50000.0	18.288399042880233
891	50000.0	22.97076286371252
892	50000.0	19.993831156378967
893	50000.0	17.096220141845343
894	50000.0	25.435016527091072
895	50000.0	48.48038750085728
896	50000.0	25.200356161907
897	50000.0	23.535925096728423
898	50000.0	19.29495010242829
899	50000.0	21.577697049102834
900	45217.2	0.043522879225835
901	50000.0	0.07289230801386797
902	50000.0	0.05487134292278721
903	49694.4	0.01932010109080906
904	50000.0	0.05946391812068565
905	50000.0	0.06541745038316069
906	50000.0	0.05080825915347838
907	50000.0	0.06529662035483597
908	50000.0	0.06446390137741975
909	50000.0	0.027186179281879674
910	50000.0	0.052233890339930866
911	50000.0	0.04469605117415547
912	45446.4	0.04231799611821625
913	50000.0	0.04940325757162878
914	47380.6	0.038137910522860884
915	50000.0	0.043991083818939104
916	50000.0	0.05817873621589609
917	47063.2	0.026291977655175457
918	48585.0	0.03545730041102324
919	45500.4	0.03888157272064543
920	45583.2	0.03364885305241856
921	50000.0	0.03569933091642916
922	50000.0	0.051896611670101934
923	47453.6	0.028406177850409442
924	50000.0	0.04079880636460072
925	50000.0	0.052621160152952484
926	45514.8	0.04827508308130248
927	50000.0	0.027385780584271123
928	47775.6	0.023596073324855027
929	50000.0	0.0660880120158657
930	47924.0	0.07007103763530634
931	45204.2	0.01790083209904427
932	50000.0	0.04616190459839746
933	50000.0	0.04395071611632222
934	44866.4	0.03360640702441433
935	49463.6	0.022952728472394136
936	50000.0	0.01845732682404435
937	50000.0	0.03644448536980942
938	50000.0	0.037491878312806294
939	50000.0	0.04910835336765871
940	50000.0	0.06394566999206326
941	50000.0	0.08410047529193179
942	50000.0	0.05053198280917801
943	50000.0	0.05540067486383933
944	47544.2	0.01721586360629601
945	50000.0	0.04264169375984998
946	50000.0	0.07471324958555954
947	50000.0	0.04618819155769778
948	50000.0	0.05897522034959675
949	48321.4	0.03251903546383463
950	50000.0	0.9729299279669265
951	50000.0	0.8625860033531518
952	50000.0	0.9671245620082838
953	50000.0	1.1108261541167068
954	50000.0	0.9300999553331668
955	46818.4	0.943621749576355
956	50000.0	0.8838666012906502
957	50000.0	1.0792084049840382
958	50000.0	0.8841142328048148
959	50000.0	1.0555985734968325
960	50000.0	0.8367382178324471
961	50000.0	0.718722914288791
962	50000.0	1.024736121829256
963	50000.0	0.841195345218632
964	50000.0	1.1092078094257813
965	50000.0	0.8735632178546953
966	50000.0	1.106654092877714
967	50000.0	1.1281361301104489
968	50000.0	0.9541057829342072
969	50000.0	1.010286599775788
970	50000.0	0.9288318758709521
971	50000.0	1.0876146092694785
972	50000.0	0.8060593637224264
973	50000.0	0.93172090138622
974	50000.0	1.062396828142722
975	50000.0	1.0597587630846723
976	50000.0	1.0242321276052953
977	50000.0	0.9981969492548718
978	50000.0	1.0891745523542622
979	50000.0	0.8992681115615673
980	50000.0	0.8841502474665255
981	50000.0	0.9962574451188365
982	50000.0	0.9630748129205017
983	50000.0	1.0063273578774041
984	50000.0	0.9925087762777796
985	50000.0	1.0711233592119627
986	50000.0	1.1623315021544074
987	47608.8	0.9058258534236089
988	50000.0	1.0406356148212113
989	50000.0	0.9179082255267478
990	50000.0	0.9333236186164762
991	50000.0	0.9733976108318585
992	50000.0	0.9297040329476953
993	50000.0	0.9595210846648475
994	50000.0	0.9333236186164762
995	50000.0	0.9241983484921169
996	50000.0	1.0137126545008512
997	50000.0	0.9514818161756116
998	50000.0	1.0650677812394793
999	50000.0	0.9729372708251262
1000	50000.0	1.0408410203328848
1001	50000.0	1.245255535304286
1002	50000.0	5.948133036319044
1003	37166.6	1.0638715402813994
1004	50000.0	1.245255535304286
1005	50000.0	3.059567026071545
1006	50000.0	2.3410014188422474
1007	11758.4	0.3875481019720368
1008	50000.0	2.203109264906048
1009	50000.0	2.928136927354388
1010	21796.6	0.3173955115317143
1011	49630.4	1.8417383557653895
1012	50000.0	1.3679600879663065
1013	33690.4	0.19947171083881834
1014	44567.6	1.3273657351773114
1015	406.8	3.2828523261848676e-09
1016	50000.0	1.245255535304286
1017	24762.6	2.044009466178027
1018	50000.0	1.838660358047558
1019	45096.0	2.786163349062451
1020	50000.0	7.126269934902846
1021	27001.0	0.5036834051758865
1022	9297.6	5.1970772013716805e-09
1023	50000.0	0.6918569111917574
1024	45478.6	0.7952261864188592
1025	2166.8	3.754918139062729e-09
1026	35219.2	2.4576518524192412
1027	2766.2	2.743705554344927e-09
1028	50000.0	5.35905327029551
1029	16611.2	0.10605902865376134
1030	10615.6	0.3637835402089125
1031	49168.4	0.5586785302273463
1032	50000.0	2.954378010915595
1033	15094.0	2.232754226733282e-09
1034	50000.0	1.3146822637665578
1035	2535.2	3.763281373014336e-09
1036	379.2	4.758642849499452e-09
1037	45444.0	0.7514700943474159
1038	9212.4	3.787666557962428e-09
1039	50000.0	1.4185035852981074
1040	29923.4	0.3735842005780675
1041	42966.0	2.735563997494997
1042	50000.0	4.768056656503854
1043	50000.0	1.9373043521502666
1044	15861.0	4.4081360451872144e-08
1045	50000.0	2.118634928020234
1046	21245.2	0.02745959267612285
1047	50000.0	1.1388910599799107
1048	36428.4	0.7424367373353267
1049	50000.0	1.8204987193151223
1050	40013.8	0.4171271004705286
1051	1056.0	4.382388267969281e-09
1052	50000.0	1.4568873120957224
1053	26105.4	0.5864996600686824
1054	50000.0	6.808368221335362
1055	24266.6	0.26798076925058484
1056	50000.0	0.6918569111917574
1057	10192.4	3.956517078183911e-09
1058	44359.2	0.5534855305324056
1059	40228.0	0.8093429169502537
1060	30082.4	0.10686643200470362
1061	50000.0	2.732406000942297
1062	50000.0	0.6918569111917652
1063	50000.0	9.047248849442022
1064	50000.0	7.119404937460689
1065	30290.8	0.5509595244837993
1066	46348.4	0.622671220442618
1067	50000.0	2.418681082535204
1068	50000.0	10.418735085807427
1069	45861.8	5.36390723276442
1070	1236.0	4.554586083064319e-09
1071	50000.0	1.4903067248001387
1072	25930.6	0.39184846690291875
1073	39011.2	4.054181345182572
1074	50000.0	1.9549988595233063
1075	50000.0	3.6770977338675586
1076	50000.0	17.01126307331655
1077	31318.6	4.343779174353516
1078	9058.2	3.595593890216869e-09
1079	5917.4	2.8152938452071767e-09
1080	50000.0	6.48996080544468
1081	50000.0	1.0102939021226627
1082	50000.0	0.6918569111917574
1083	4018.8	4.5260213778951934e-09
1084	50000.0	1.9888212783370958
1085	50000.0	1.436508666504124
1086	45416.4	1.5422093438873719
1087	50000.0	0.6918569111917574
1088	50000.0	0.6918569111917574
1089	37623.6	1.9999124951018465
1090	50000.0	2.4816031183439273
1091	12692.0	0.05077538075623088
1092	50000.0	4.651694357765001
1093	50000.0	0.6918569111917672
1094	45865.6	1.9590632686392992
1095	4578.8	4.329821534232159e-09
1096	45093.6	1.0256446810897721
1097	50000.0	7.271629193626575
1098	1352.4	2.475185140513254e-09
1099	50000.0	1.9470677433054409
1100	50000.0	0.14842205706891934
1101	50000.0	0.12612862746406334
1102	50000.0	0.05653836011019643
1103	50000.0	0.11697004542710658
1104	50000.0	0.2354243809605338
1105	50000.0	0.25690084909514826
1106	50000.0	0.13216394436093742
1107	50000.0	0.09416331931051598
1108	50000.0	0.12962255815199775
1109	50000.0	0.1042468176469215
1110	50000.0	0.054465172747513876
1111	50000.0	0.04513631881221118
1112	50000.0	0.08272507670081738
1113	50000.0	0.17826147376404816
1114	50000.0	0.1520314198277532
1115	50000.0	0.2274028549369031
1116	50000.0	0.1489027453148954
1117	50000.0	0.1400646310288932
1118	50000.0	0.08610951435348971
1119	50000.0	0.11743260261496828
1120	50000.0	0.09245242126802708
1121	50000.0	0.09007068995328843
1122	50000.0	0.07523234363549534
1123	50000.0	0.058226388607874845
1124	50000.0	0.14872567673223283
1125	50000.0	0.14000066627558505
1126	50000.0	0.09997463783322548
1127	50000.0	0.24327125956250387
1128	50000.0	0.2511732596896295
1129	50000.0	0.09622424654890363
1130	50000.0	0.09644544486880756
1131	50000.0	0.16535828774602304
1132	50000.0	0.11941773251835634
1133	50000.0	0.09759127040450821
1134	50000.0	0.09472328942386093
1135	50000.0	0.1287094848102586
1136	50000.0	0.1297267451418816
1137	50000.0	0.11865277841140036
1138	50000.0	0.21387607026745076
1139	50000.0	0.10600289976686597
1140	50000.0	0.15561196635053628
1141	50000.0	0.1416633340534658
1142	50000.0	0.12014112315671488
1143	50000.0	0.11535809398371107
1144	50000.0	0.15042915675760846
1145	50000.0	0.08022069727215328
1146	50000.0	0.23225653064296803
1147	50000.0	0.0949067065235424
1148	50000.0	0.1108093607483314
1149	50000.0	0.10948552183000174
1150	50000.0	5.433153599577457
1151	50000.0	4.484801657733809
1152	50000.0	4.084089779504536
1153	50000.0	1.4743110185659063
1154	50000.0	3.640021554396726
1155	50000.0	0.7601415998464867
1156	50000.0	2.892455632464359
1157	50000.0	4.954393443796668
1158	50000.0	2.410916624207755
1159	50000.0	4.533675745835014
1160	50000.0	4.582617641250214
1161	50000.0	4.398703763034424
1162	50000.0	5.638325621234694
1163	50000.0	3.2223254991911157
1164	50000.0	3.865979918044675
1165	50000.0	2.6955777348991905
1166	50000.0	1.259748011510586
1167	50000.0	1.0621965571675671
1168	50000.0	5.513977750436317
1169	50000.0	1.2464444088369162
1170	50000.0	4.465505026490024
1171	50000.0	2.3421133543042956
1172	50000.0	1.1109686170549855
1173	50000.0	4.203149602072414
1174	50000.0	5.38800925920119
1175	50000.0	4.5316394952044625
1176	50000.0	0.7171422131464533
1177	50000.0	0.8239469704862248
1178	50000.0	2.354759500107946
1179	50000.0	0.7954544565772663
1180	50000.0	5.627941917511052
1181	50000.0	3.647418198193418
1182	50000.0	1.477865771629499
1183	50000.0	5.477380714295299
1184	50000.0	0.6151955632904681
1185	50000.0	4.7869103716074894
1186	50000.0	5.171120791939067
1187	50000.0	5.924990467046515
1188	50000.0	2.3247969085623876
1189	50000.0	3.361602612796407
1190	50000.0	3.032735912611039
1191	50000.0	4.17202865366949
1192	47957.0	0.7339303650836408
1193	50000.0	4.998653172218325
1194	50000.0	5.113391333267052
1195	50000.0	1.4964017117107642
1196	50000.0	2.3615553710377144
1197	50000.0	1.8196162499991086
1198	50000.0	5.180914150713721
1199	50000.0	1.2639055561612857
