	0	1
0	1816.8	8.591596368924163e-09
1	1692.0	7.21053218137163e-09
2	1785.6	7.408008105541556e-09
3	1735.2	7.601377729318392e-09
4	1719.6	7.004297560803939e-09
5	1653.6	7.923905035119888e-09
6	1846.8	7.860474507825236e-09
7	1701.6	8.682279835231083e-09
8	1771.2	7.731494451961339e-09
9	1808.4	8.72416691477869e-09
10	1879.2	7.850318021655535e-09
11	1712.4	7.595709370655909e-09
12	1770.0	8.760693118423712e-09
13	1868.4	7.896046402765455e-09
14	1723.2	8.115551467646022e-09
15	1788.0	7.278464415062164e-09
16	1778.4	8.110838688964465e-09
17	1738.8	6.613062614964774e-09
18	1796.4	8.764035594014296e-09
19	1774.8	7.249228027085314e-09
20	1806.0	7.4354446853797344e-09
21	1798.8	7.828947628226999e-09
22	1761.6	7.791618780821308e-09
23	1813.2	7.236347798281502e-09
24	1752.0	7.716346850223018e-09
25	1767.6	7.588400072269122e-09
26	1773.6	7.783155220903555e-09
27	1785.6	7.67184453752844e-09
28	1786.8	7.542104362808205e-09
29	1747.2	7.574300409871296e-09
30	1834.8	7.484725176735021e-09
31	1879.2	7.809925435827836e-09
32	1738.8	7.040435757627848e-09
33	1816.8	8.057279055023962e-09
34	1747.2	7.399329387996196e-09
35	1722.0	7.765884876055675e-09
36	1699.2	7.465612176213752e-09
37	1711.2	7.78526752478035e-09
38	1718.4	7.93651059759665e-09
39	1669.2	6.522566304479142e-09
40	1707.6	8.564606100980667e-09
41	1866.0	6.842358455503891e-09
42	1731.6	7.743189560489986e-09
43	1864.8	7.538505096964783e-09
44	1736.4	7.963663140574693e-09
45	1915.2	8.009032477316585e-09
46	1813.2	6.868885262736365e-09
47	1761.6	7.594943312881874e-09
48	1720.8	7.371929544603045e-09
49	1856.4	7.3305862338628255e-09
50	2790.0	7.002347387214845e-09
51	2607.6	7.980309209893817e-09
52	2458.8	7.088620784477178e-09
53	2538.0	6.867874844250158e-09
54	2512.8	7.841162042271834e-09
55	2559.6	7.854464846514485e-09
56	2688.0	7.70568493771176e-09
57	2667.6	6.808231195640338e-09
58	2673.6	8.342325254028824e-09
59	2593.2	7.607705149098117e-09
60	2563.2	7.274096817510377e-09
61	2607.6	8.152724672110435e-09
62	2571.6	7.518594076992726e-09
63	2502.0	7.974259907072885e-09
64	2590.8	6.808055769052454e-09
65	2540.4	8.049662628803884e-09
66	2703.6	7.498900884439981e-09
67	2406.0	8.68581205493033e-09
68	2581.2	7.059842448794914e-09
69	2516.4	7.980695700133386e-09
70	2598.0	7.44252566443281e-09
71	2689.2	7.830468827135038e-09
72	2512.8	7.623872077784741e-09
73	2480.4	7.439553962405573e-09
74	2647.2	7.403097621027963e-09
75	2914.8	7.238061959278158e-09
76	2709.6	7.551423935596247e-09
77	2485.2	8.302554747154766e-09
78	2548.8	7.276498793676845e-09
79	2616.0	7.913468756325737e-09
80	2568.0	7.717431120639638e-09
81	2512.8	7.921535426359742e-09
82	2626.8	6.136050900829416e-09
83	2618.4	7.770424466631831e-09
84	2551.2	8.120617125991817e-09
85	2606.4	8.278600795782761e-09
86	2713.2	7.359343301998533e-09
87	2605.2	7.683174221131177e-09
88	2571.6	7.672714733336499e-09
89	2562.0	7.988808989487864e-09
90	2538.0	6.9315020341830326e-09
91	2688.0	8.380068167035789e-09
92	2689.2	8.12331879051001e-09
93	2643.6	8.25760810494169e-09
94	2498.4	7.128785012572533e-09
95	2766.0	7.868295044634429e-09
96	2511.6	8.003028330048929e-09
97	2516.4	7.862704273820899e-09
98	2637.6	8.195826602580188e-09
99	2600.4	7.00115332835565e-09
100	49417.0	0.6965358279699088
101	47348.4	0.7959724171916435
102	44375.8	0.4979487857960591
103	33276.6	0.1989921820773883
104	35736.8	0.0994967696193534
105	38374.6	0.5969754400905002
106	40919.2	0.6032330701060691
107	50000.0	1.0944551070614417
108	45659.6	0.39799791528851813
109	36818.0	0.09972309338295685
110	41466.4	0.49747993379874506
111	50000.0	0.8954669119988992
112	44093.8	0.398024620539574
113	44235.0	0.7959674841067019
114	31904.8	0.09949758896802012
115	49256.4	0.8963255035186707
116	44905.8	0.49747953835882913
117	40313.8	0.19899983355133027
118	41230.6	0.5969754844128508
119	39859.6	0.5969794213990207
120	46375.4	0.6964713555606653
121	42390.0	0.4976160497736048
122	46013.4	0.4974937995279641
123	41220.4	0.29848978357973455
124	43618.6	0.39803770936445954
125	42855.2	0.4974796490803703
126	46664.4	0.398010524769776
127	35624.6	0.49747953283757845
128	42754.8	0.8954634007471401
129	40262.4	0.6964717529418387
130	42938.6	0.5969759576620582
131	47358.0	0.5969785844851874
132	50000.0	0.5979177938976119
133	50000.0	0.6969588472105664
134	47295.6	0.4975601629213321
135	50000.0	1.0944562844367427
136	43899.6	0.5969763211021092
137	42191.2	0.8954642024595214
138	33948.4	0.49748346714540953
139	44603.0	0.8955341503811388
140	41672.2	0.4974797439126668
141	43955.6	0.4974796064246315
142	40765.4	0.3979862222527998
143	43188.6	0.4974859846851304
144	37263.6	0.2984893713351068
145	48765.2	0.49748272889466794
146	42919.4	0.49747961328245943
147	48256.2	0.5984838127888104
148	42976.4	0.5969755226899378
149	46335.2	0.6964719168986196
150	50000.0	3.7165867527678023
151	50000.0	3.857685820618034
152	50000.0	3.5818529651519007
153	50000.0	3.774740956985486
154	50000.0	3.3829112641400543
155	50000.0	3.283404078481598
156	50000.0	3.183871862611057
157	50000.0	3.5818584913291147
158	50000.0	3.6813499684841986
159	50000.0	2.985074511534622
160	50000.0	3.9851060651693198
161	50000.0	3.7808944894090004
162	50000.0	3.387856101151454
163	50000.0	3.9397433779120448
164	50000.0	3.979837005649595
165	50000.0	3.1838696405207605
166	50000.0	3.2833652251435685
167	50000.0	3.283365358423972
168	50000.0	3.2833644681453826
169	50000.0	3.781023245005028
170	50000.0	3.084754181369628
171	50000.0	3.0606926327043213
172	50000.0	3.8687916691747324
173	50000.0	3.581851685058605
174	50000.0	3.4824991654287265
175	50000.0	2.885381267171126
176	50000.0	3.4394458262153416
177	50000.0	4.028134735374815
178	50000.0	3.4824142391810815
179	50000.0	3.383534227977247
180	50000.0	3.482644933432572
181	50000.0	3.3853970198622347
182	50000.0	3.581853789488708
183	50000.0	4.07933120634181
184	50000.0	3.3828890384672556
185	50000.0	4.2783226606848945
186	50000.0	4.079333142318594
187	50000.0	3.581852621016837
188	50000.0	2.586895463977942
189	50000.0	5.180546963133985
190	50000.0	3.3641908243939236
191	50000.0	3.9798368510425832
192	50000.0	3.382862203376697
193	50000.0	3.084376413158085
194	50000.0	4.2425695734302025
195	50000.0	3.183959225569147
196	50000.0	3.0843740610352244
197	50000.0	4.0793392361148495
198	50000.0	2.987131204630626
199	50000.0	3.3831302652408715
200	2055.6	0.0
201	549.6	0.0
202	1464.0	0.0
203	1556.4	0.0
204	1230.0	0.0
205	752.4	0.0
206	1653.6	0.0
207	1226.4	0.0
208	2490.0	6.690559217759073e-10
209	1873.2	0.0
210	1220.4	0.0
211	1870.8	0.0
212	699.6	0.0
213	549.6	0.0
214	1791.6	0.0
215	2313.6	0.0
216	1556.4	0.0
217	2055.6	0.0
218	1545.6	0.0
219	1227.6	0.0
220	2694.0	0.0
221	1921.2	0.0
222	1545.6	0.0
223	1428.0	0.0
224	255.6	0.0
225	1352.4	0.0
226	2557.2	0.0
227	1231.2	0.0
228	1921.2	0.0
229	1791.6	0.0
230	1352.4	0.0
231	476.4	0.0
232	1653.6	0.0
233	991.2	0.0
234	1921.2	0.0
235	1634.4	0.0
236	3055.8	0.0
237	699.6	0.0
238	2313.6	0.0
239	1428.0	0.0
240	1464.0	0.0
241	2490.0	6.690559217759073e-10
242	1873.2	0.0
243	1230.0	0.0
244	2056.8	0.0
245	1514.4	0.0
246	1428.0	0.0
247	2490.0	6.690559217759073e-10
248	1723.2	0.0
249	1220.4	0.0
250	7563.6	9.282576276450017e-10
251	12551.6	9.874178407422956e-07
252	8319.6	9.349993655751233e-10
253	16194.4	1.168125748668177e-06
254	7567.2	9.16989901683006e-10
255	8113.2	8.224880352448409e-10
256	12444.8	3.058989571338842e-07
257	7214.4	9.364496359623884e-10
258	9301.2	9.220103826275143e-10
259	8520.0	1.0668378954097324e-09
260	8468.4	9.467101623224512e-10
261	7773.6	8.686331142821667e-10
262	7938.0	9.276105304069767e-10
263	7980.0	8.09794497027169e-10
264	8017.2	8.425237786182511e-10
265	8871.6	8.929714830639835e-10
266	7676.4	8.365668609139303e-10
267	9416.4	9.249550905223577e-10
268	7623.6	9.581242041724414e-10
269	12639.2	4.800739303502667e-08
270	8286.0	8.952609826766987e-10
271	12358.4	5.522154613822849e-07
272	8349.6	9.88205096767832e-10
273	8956.8	7.811957949220197e-10
274	7831.2	8.379469541442349e-10
275	7676.4	9.192124292758863e-10
276	7945.2	8.206101325185896e-10
277	12504.8	3.025885707263792e-08
278	8370.0	8.79299661822096e-10
279	9048.0	8.549613926292192e-10
280	7527.6	8.555351585436727e-10
281	7958.4	9.60219375730027e-10
282	8551.2	8.107059921723095e-10
283	8929.2	9.579769253066593e-10
284	8194.8	9.62072580268594e-10
285	8535.6	9.65565694102197e-10
286	7734.0	8.294619935976938e-10
287	8542.8	8.657743557099105e-10
288	7974.0	9.266419894460022e-10
289	7327.2	8.390138855411598e-10
290	8376.0	8.77030528364892e-10
291	7872.0	9.014967605122974e-10
292	10212.0	9.035561109547332e-10
293	8613.6	9.989663531274702e-10
294	8194.8	9.441344060428496e-10
295	7986.0	7.945202876722651e-10
296	12339.2	4.755474451130826e-07
297	7810.8	9.271335105534577e-10
298	8799.6	9.965459292024063e-10
299	9015.6	7.043195924875861e-10
300	1695.6	0.0
301	50000.0	92.94000000490693
302	50000.0	35.3500000064247
303	50000.0	3.8200000029468297
304	50000.0	21.750000005336588
305	50000.0	64.79000000352978
306	50000.0	54.07000000463434
307	2310.0	0.0
308	50000.0	22.630000004448114
309	50000.0	15.540000005409954
310	1974.0	0.0
311	50000.0	396.0400000041042
312	50000.0	128.1100000051019
313	1735.2	0.0
314	50000.0	311.01000000384397
315	1816.8	0.0
316	50000.0	29.260000006501002
317	2494.8	0.0
318	50000.0	43.19000000404974
319	50000.0	1000.0000000042479
320	50000.0	290.9700000056698
321	1868.4	0.0
322	1412.4	0.0
323	2467.2	0.0
324	50000.0	412.9200000058996
325	50000.0	216.94000000510567
326	50000.0	117.50000000416608
327	50000.0	53.48000000429484
328	50000.0	7.780000005703194
329	50000.0	72.60000000481243
330	1616.4	0.0
331	50000.0	14.650000005499345
332	2088.0	0.0
333	50000.0	10.210000003894953
334	50000.0	39.060000004200994
335	1538.4	0.0
336	50000.0	263.20000000477387
337	50000.0	14.14000000730943
338	50000.0	42.42000000522451
339	50000.0	2.350000005254536
340	1731.6	0.0
341	1530.0	0.0
342	50000.0	675.0100000046042
343	1525.2	0.0
344	1893.6	0.0
345	1184.4	0.0
346	50000.0	56.81000000406872
347	50000.0	42.09000000542668
348	50000.0	45.79000000501646
349	1930.8	0.0
350	4021.2	8.213208293754962e-09
351	4017.6	7.885199207924417e-09
352	3914.4	7.851748173389767e-09
353	3850.8	6.994986595763883e-09
354	3949.2	7.354911551634636e-09
355	3885.6	7.062005852283776e-09
356	3898.8	8.128985976873895e-09
357	3717.6	7.756522030597488e-09
358	3867.6	8.459440131089805e-09
359	3777.6	7.687502029439137e-09
360	3909.6	7.79513665342094e-09
361	3709.2	7.067248747485148e-09
362	3889.2	6.583256934867185e-09
363	3980.4	8.063662794849112e-09
364	3931.2	8.341931193848268e-09
365	3685.2	7.827226460157468e-09
366	3890.4	8.007933118548132e-09
367	3824.4	7.669473573111092e-09
368	4059.6	6.413504507867161e-09
369	4072.8	6.805768451291392e-09
370	3997.2	7.623396916103703e-09
371	3849.6	8.16568280122197e-09
372	3793.2	6.8570504548736424e-09
373	3639.6	6.699041714233209e-09
374	3870.0	7.308234241837699e-09
375	3718.8	8.572012510119421e-09
376	3733.2	7.481087343641608e-09
377	3908.4	7.09887032797439e-09
378	3880.8	8.133537095843859e-09
379	3601.2	7.812597787940585e-09
380	3885.6	7.286811398650143e-09
381	3770.4	7.43143343568383e-09
382	3840.0	7.824611825152416e-09
383	3870.0	6.466878930681443e-09
384	3741.6	8.341167756288331e-09
385	8513.6	0.0010715159885318032
386	3864.0	7.0891013259126535e-09
387	3921.6	7.575583136501916e-09
388	3832.8	7.57369904683685e-09
389	3758.4	6.4674302198368945e-09
390	4015.2	7.265644277563807e-09
391	3692.4	7.073577514259389e-09
392	3877.2	7.8481630976763e-09
393	3814.8	6.783981510394965e-09
394	3890.4	7.128345404409869e-09
395	3798.0	7.866786621694401e-09
396	3778.8	7.659424047120789e-09
397	3967.2	8.377486088801353e-09
398	3781.2	6.732125716846211e-09
399	3722.4	7.454607315702484e-09
400	3618.0	7.843976993487086e-09
401	3682.8	7.936478344917905e-09
402	3625.2	8.271571150075463e-09
403	3621.6	7.132521836372903e-09
404	3922.8	6.99440886368971e-09
405	3558.0	8.468322811767009e-09
406	3841.2	7.966405082040228e-09
407	3697.2	8.499188573135936e-09
408	3583.2	8.228666902224724e-09
409	3696.0	7.3897251568047694e-09
410	3562.8	7.18241034270168e-09
411	3514.8	8.050186761283716e-09
412	3750.0	7.396782651823304e-09
413	3724.8	6.691368978634091e-09
414	3554.4	7.993864725845199e-09
415	3546.0	6.886976511705959e-09
416	3735.6	7.4227466246987396e-09
417	3733.2	7.353989522211324e-09
418	3715.2	7.814944314208324e-09
419	3766.8	7.1687042944502265e-09
420	3673.2	7.59081420543725e-09
421	3691.2	8.476668018753111e-09
422	3663.6	7.651149720351687e-09
423	3652.8	7.31458478765429e-09
424	3727.2	8.462828215221074e-09
425	3886.8	7.389358877398335e-09
426	3583.2	7.1060951713614825e-09
427	3696.0	8.591672195918972e-09
428	3727.2	7.569645294287579e-09
429	3556.8	8.386321848966427e-09
430	3602.4	6.668288927292739e-09
431	3610.8	7.783130475717529e-09
432	3640.8	7.109805680483634e-09
433	3577.2	7.493732982165392e-09
434	3550.8	8.108302833982928e-09
435	3655.2	7.885853319080678e-09
436	3529.2	7.507023686985362e-09
437	3687.6	7.315185462088573e-09
438	3657.6	5.847674043988516e-09
439	3690.0	7.144312938801916e-09
440	3537.6	7.1230064754745414e-09
441	3548.4	7.538960685841913e-09
442	3573.6	7.240492992257661e-09
443	3583.2	8.19622682554905e-09
444	3727.2	6.552182481338534e-09
445	3685.2	7.391156423304146e-09
446	3567.6	7.939473215305857e-09
447	3676.8	7.195209736889195e-09
448	3595.2	8.329409951654367e-09
449	3771.6	7.507168334371953e-09
450	2544.0	7.760023868853703e-09
451	2563.2	7.136179118527526e-09
452	2583.6	7.040837286374153e-09
453	2530.8	7.3407911795277156e-09
454	2802.0	8.172003237906843e-09
455	2562.0	7.347189878229349e-09
456	2568.0	7.153424241438856e-09
457	2744.4	8.233601709363124e-09
458	2758.8	8.238782920543646e-09
459	2535.6	7.923243954242783e-09
460	2605.2	8.10113628782898e-09
461	2642.4	6.977417284532044e-09
462	2442.0	7.947553440905541e-09
463	2533.2	7.888298366972362e-09
464	2740.8	8.166204133050328e-09
465	2535.6	7.175351370001868e-09
466	2748.0	7.695346058867478e-09
467	2595.6	7.714126865927863e-09
468	2538.0	7.770489341239139e-09
469	2808.0	7.85951976848421e-09
470	2694.0	7.787520512933465e-09
471	2455.2	7.808358122509265e-09
472	2509.2	8.328676683288747e-09
473	2587.2	8.55543905306856e-09
474	2630.4	8.199405126117058e-09
475	2610.0	7.917148897314788e-09
476	2475.6	7.34216929877342e-09
477	2901.6	7.82193868174969e-09
478	2785.2	7.980645167075874e-09
479	2620.8	7.945182798763457e-09
480	2973.6	7.32464351271934e-09
481	2676.0	8.361778102941983e-09
482	2500.8	7.743113529670615e-09
483	2654.4	7.61580929170271e-09
484	2521.2	7.340127639205559e-09
485	2588.4	7.913631060116528e-09
486	2574.0	7.71008809612673e-09
487	2522.4	7.412263400575391e-09
488	2708.4	7.205465867352611e-09
489	2628.0	7.432949842288776e-09
490	2671.2	8.001285824382697e-09
491	2649.6	7.4300669020168376e-09
492	2569.2	7.766396564856476e-09
493	2702.4	8.126176980246437e-09
494	2568.0	8.09101517884755e-09
495	2629.2	7.697950740978388e-09
496	2601.6	7.960209567846263e-09
497	2588.4	7.695549064916187e-09
498	2559.6	7.645775334531319e-09
499	2562.0	8.171795358741473e-09
500	2872.8	7.150423519031942e-09
501	2395.2	7.215382883824417e-09
502	2439.6	7.4334919114798755e-09
503	2413.2	7.71097544055743e-09
504	2611.2	8.262781618682725e-09
505	2502.0	6.979559897183758e-09
506	2677.2	8.32194840825993e-09
507	2398.8	8.314477763616313e-09
508	3656.4	7.577249239631802e-09
509	2984.4	7.759718284443692e-09
510	2784.0	7.639783250573055e-09
511	3525.6	7.587864662184033e-09
512	2569.2	8.16793262849837e-09
513	2582.4	7.820032817958098e-09
514	2563.2	8.72456480738625e-09
515	2508.0	7.684649615018003e-09
516	2444.4	7.129069816737098e-09
517	2546.4	8.166869979035029e-09
518	2602.8	6.815010906901162e-09
519	2628.0	7.973079554394304e-09
520	2520.0	8.060658148208771e-09
521	2400.0	7.866482216146335e-09
522	2648.4	8.345705657437848e-09
523	2491.2	7.886056400866002e-09
524	3021.6	7.839640413062006e-09
525	2589.6	6.944176758253649e-09
526	2904.0	7.982272787989726e-09
527	2532.0	7.88613295012816e-09
528	2409.6	7.316357180150605e-09
529	3303.6	8.345690806414402e-09
530	2516.4	7.676833609372954e-09
531	2630.4	7.454200955135755e-09
532	2482.8	7.007670002920208e-09
533	2526.0	7.98149739375607e-09
534	2455.2	7.2515785037065325e-09
535	2557.2	7.422442314875457e-09
536	2523.6	7.3040490034617975e-09
537	2886.0	7.673685101298044e-09
538	2685.6	6.167971269540821e-09
539	3040.8	7.0126910215055226e-09
540	3206.4	7.820210814037127e-09
541	3481.2	6.653527335011951e-09
542	2428.8	7.703942941718286e-09
543	2608.8	7.25972639188207e-09
544	2662.8	8.100486308168413e-09
545	3284.4	7.94572103672844e-09
546	2887.2	7.262211459267568e-09
547	2606.4	7.92152874762597e-09
548	2584.8	8.288387119088866e-09
549	2440.8	7.703249206501279e-09
550	7207.2	6.85146406100556e-09
551	6564.0	7.88236171516906e-09
552	5366.4	8.304221962619676e-09
553	7076.4	7.914163362949043e-09
554	5151.6	8.091435910446184e-09
555	3946.8	7.723866362224601e-09
556	8726.4	7.245217605518713e-09
557	3837.6	7.723976580525077e-09
558	7771.2	8.486786182993287e-09
559	3886.8	7.642209107112008e-09
560	3937.2	7.175382841307676e-09
561	4472.4	6.393166108436331e-09
562	3748.8	7.374656877576259e-09
563	3994.8	7.284768687403303e-09
564	15964.0	0.010241132890043598
565	9340.8	9.079500168147194e-09
566	13251.2	2.5306162217255673e-07
567	7202.4	8.64930340908e-09
568	8634.0	7.701154611469005e-09
569	7561.2	8.56692340177821e-09
570	12778.4	1.1332417643891258e-08
571	6048.0	6.669457241096056e-09
572	8011.2	8.817956939514472e-09
573	12047.6	1.762126643892125e-08
574	8632.8	8.878746460310943e-09
575	6894.0	8.187993854621566e-09
576	3828.0	5.688458245385528e-09
577	3793.2	6.817390635140782e-09
578	12365.6	2.7631071407244494e-07
579	6187.2	7.998372976411378e-09
580	3710.4	7.255337126123917e-09
581	16648.0	3.193903052652497e-05
582	7640.4	8.809655820307013e-09
583	7118.4	8.535551404853493e-09
584	4880.4	7.967414295638003e-09
585	8194.8	8.912435212865905e-09
586	7906.8	8.59233053199081e-09
587	4327.2	8.466692526522612e-09
588	10949.6	9.34346129485021e-09
589	7375.2	8.789294290077214e-09
590	5227.2	6.8208122488500875e-09
591	5254.8	8.407671716426572e-09
592	4285.2	7.893868369002641e-09
593	21864.0	1.4391041977044879e-06
594	10470.8	7.778748012694312e-05
595	5755.2	7.349207739124232e-09
596	13680.8	8.801427445880459e-09
597	8038.8	8.363317183864852e-09
598	6195.6	8.732158382290684e-09
599	4737.6	7.004651981213782e-09
600	3436.8	8.633564439850524e-09
601	3535.2	8.063649235712091e-09
602	3710.4	8.25444767761258e-09
603	3285.6	8.795597198606778e-09
604	3424.8	8.22171134786675e-09
605	3636.0	8.793109172726952e-09
606	3483.6	8.334917629019903e-09
607	3536.4	8.045285558059096e-09
608	3334.8	8.818922913363774e-09
609	3668.4	8.585302380621204e-09
610	3489.6	8.613388286609745e-09
611	3436.8	6.737298450560833e-09
612	3321.6	8.770721202433519e-09
613	3274.8	7.804554991541049e-09
614	3256.8	8.033669080045849e-09
615	3488.4	9.012877918480515e-09
616	3210.0	8.601960453023459e-09
617	3274.8	8.211208527239167e-09
618	3640.8	7.591093286087163e-09
619	3472.8	8.419073898069671e-09
620	3542.4	8.13292638435369e-09
621	3638.4	8.010276028560448e-09
622	3183.6	8.060802178702483e-09
623	3384.0	8.24271932158683e-09
624	3415.2	8.778124238213561e-09
625	3376.8	7.974995933009614e-09
626	4022.4	7.89258664643437e-09
627	3372.0	8.908779067618943e-09
628	3518.4	8.552089821649833e-09
629	3294.0	8.854002047735602e-09
630	3686.4	8.319570654696645e-09
631	3735.6	7.84900203703569e-09
632	3464.4	7.508648419722385e-09
633	3418.8	8.100548275227993e-09
634	3370.8	8.469426995558095e-09
635	3409.2	8.300942365062142e-09
636	3367.2	7.669710278121303e-09
637	3246.0	8.591096455192139e-09
638	3463.2	8.359769231355553e-09
639	3397.2	7.354645351490265e-09
640	3580.8	8.578457792479187e-09
641	3589.2	8.313314178412499e-09
642	3752.4	7.947512895559233e-09
643	3120.0	8.14811931656121e-09
644	3712.8	8.498984695054468e-09
645	3544.8	8.288799171537431e-09
646	3506.4	7.544421746721325e-09
647	3427.2	8.245041406150639e-09
648	3445.2	8.157137807027252e-09
649	3564.0	9.095226250148446e-09
650	1868.4	8.50133957677137e-09
651	1970.4	6.703609327258324e-09
652	2025.6	5.6022061436643985e-09
653	1952.4	7.662444055403911e-09
654	1908.0	7.030736062814602e-09
655	1989.6	8.436565173654169e-09
656	2083.2	7.518225014730562e-09
657	2041.2	6.253365380408014e-09
658	2047.2	8.228135309139136e-09
659	2000.4	7.2316069120926215e-09
660	2146.8	6.438054656795667e-09
661	1941.6	7.287196801360599e-09
662	1917.6	7.137500504424161e-09
663	1986.0	6.989986965318178e-09
664	1884.0	6.262472710071192e-09
665	1896.0	6.826889876722692e-09
666	1890.0	7.197668181972298e-09
667	1960.8	7.41117721805631e-09
668	2121.6	7.507460265592036e-09
669	2040.0	7.123272211520926e-09
670	1915.2	6.2785073500714275e-09
671	1825.2	6.655497541278829e-09
672	1783.2	6.609793986248467e-09
673	2058.0	6.669318187659548e-09
674	2175.6	7.441802814028496e-09
675	1942.8	7.73138150895639e-09
676	1869.6	7.061076975615443e-09
677	1935.6	7.851986446581315e-09
678	1962.0	7.401368931508321e-09
679	2102.4	8.026834649890077e-09
680	1964.4	5.522710690726772e-09
681	1950.0	7.512302452842531e-09
682	2064.0	6.945696446212867e-09
683	1964.4	6.131525510146994e-09
684	1926.0	7.521904137065259e-09
685	1819.2	7.55290108519774e-09
686	1850.4	6.637332559518995e-09
687	1987.2	8.044523444129644e-09
688	2022.0	7.845589350300803e-09
689	1914.0	7.355229423661904e-09
690	1989.6	7.649501099371674e-09
691	1978.8	7.666734348993906e-09
692	1810.8	7.542262108169116e-09
693	1918.8	5.943169515565445e-09
694	2035.2	6.80246606737571e-09
695	1854.0	5.681687935085068e-09
696	2056.8	7.302847197907714e-09
697	1899.6	8.026055746515332e-09
698	2096.4	7.526702434258007e-09
699	1954.8	6.232754584024244e-09
700	30767.0	3.513142687026371e-08
701	32048.0	7.981683537547823e-08
702	32298.6	1.9247617389957248e-08
703	25007.4	4.678990221111831e-08
704	36981.8	7.491720097493857e-07
705	50000.0	0.6964720184734378
706	33834.2	4.40858600878173e-08
707	25307.2	1.0054692043085692e-07
708	44393.8	2.94369265299754e-07
709	35590.4	1.4196907317038136e-07
710	31037.6	8.923263046926678e-08
711	43135.4	3.4148079137733367e-07
712	32618.2	1.928536857248315e-07
713	31933.4	8.248799572246841e-08
714	43153.4	5.039314262633049e-07
715	40120.2	2.414779046107865e-07
716	35844.0	1.3667516576713298e-06
717	45624.8	2.4711726566481126e-07
718	37768.6	1.3213315925605658e-06
719	35611.6	0.09949763151267316
720	29863.6	1.5493715442167252e-07
721	42178.8	4.0487193498408317e-07
722	27520.6	3.442091768093707e-08
723	35373.8	0.09949605623536491
724	37013.8	0.09949591243282176
725	29972.6	2.2457204493357585e-08
726	32498.4	2.1322415269614912e-08
727	31877.6	3.6267470288760004e-08
728	34663.4	0.09949788833756931
729	27443.4	1.5444162618584506e-07
730	35837.0	0.09949746794392787
731	41785.4	8.94647374620395e-08
732	31272.4	1.4203768182160133e-06
733	40442.6	2.0159517506903432e-07
734	27706.2	4.4287334844735614e-08
735	38647.4	2.5791662951013186e-07
736	37554.4	4.432349631483049e-08
737	30777.0	1.1103771327309766e-06
738	39791.8	1.0736480828810021e-05
739	46228.8	3.925622242634225e-07
740	35801.8	1.3158153290920793e-07
741	30651.2	0.09949638104675834
742	40309.2	2.804997230332057e-07
743	35616.4	3.877360392946105e-08
744	31975.6	8.994373151481827e-08
745	41747.4	3.1868990876953676e-06
746	45776.8	0.09949621177565066
747	35203.4	7.061254410108811e-07
748	37626.4	5.737174578732376e-07
749	37418.2	8.861069904398872e-08
750	50000.0	4.1566246733267675
751	50000.0	3.825928347013604
752	50000.0	2.5691860459015468
753	50000.0	3.9695365392013393
754	50000.0	6.061789593059898
755	50000.0	5.304494596030812
756	50000.0	3.3824008608519227
757	50000.0	2.343165896792191
758	50000.0	1.9758489540199151
759	50000.0	4.540502363183892
760	50000.0	3.108749123499112
761	50000.0	2.225147131635646
762	50000.0	1.8470540365835828
763	50000.0	4.748866144285061
764	50000.0	5.532944554281261
765	50000.0	2.0168090002542702
766	50000.0	3.426883713274745
767	50000.0	5.060383714994041
768	50000.0	3.934466232744056
769	50000.0	4.348396405211183
770	50000.0	4.862887429223773
771	50000.0	5.412717497849222
772	50000.0	2.1917353988428125
773	50000.0	2.1562713363503665
774	50000.0	4.719851436323723
775	50000.0	2.62553150373527
776	50000.0	4.725016232109976
777	50000.0	2.793107829810973
778	50000.0	4.056392371713057
779	50000.0	5.652206268071742
780	50000.0	2.001397010939759
781	50000.0	4.234890277783519
782	50000.0	4.772205805535535
783	50000.0	1.8768630767748427
784	50000.0	4.206014178098817
785	50000.0	4.689659971129482
786	50000.0	2.0337999911753974
787	50000.0	4.608233911227004
788	50000.0	3.281437680407091
789	50000.0	3.819959264544515
790	50000.0	4.178431168138506
791	50000.0	1.333829422787323
792	50000.0	2.0456401169694916
793	50000.0	1.9082306995389011
794	50000.0	2.9606740156314104
795	50000.0	2.678215932630054
796	50000.0	3.6406268053065935
797	50000.0	5.194266675506908
798	50000.0	5.460749494109739
799	50000.0	1.904965293873343
800	50000.0	5.3496927092044375
801	50000.0	7.134178851256793
802	50000.0	3.0593844614267325
803	50000.0	6.714143805906481
804	50000.0	10.638774285667393
805	50000.0	5.728505988470589
806	50000.0	5.203129233495352
807	50000.0	6.15052672432301
808	50000.0	7.406650452050181
809	50000.0	14.182156443875858
810	50000.0	7.644519611102794
811	50000.0	9.234531256399915
812	50000.0	10.148425144127382
813	50000.0	9.091982221404217
814	50000.0	9.484173143552864
815	50000.0	7.015812408356497
816	50000.0	14.760805715014262
817	50000.0	8.6350206000598
818	50000.0	8.871298593628811
819	50000.0	10.06850352504519
820	50000.0	6.696734437659312
821	50000.0	9.225304017794972
822	50000.0	7.011825874137881
823	50000.0	1.885700361782965
824	50000.0	7.226371878899992
825	50000.0	7.40815370019847
826	50000.0	7.7163851030949315
827	50000.0	3.446100479248789
828	50000.0	6.5740812343156865
829	50000.0	3.7801362168481347
830	50000.0	5.534313868039552
831	50000.0	7.502783414855138
832	50000.0	4.609411467324185
833	50000.0	4.056522893840173
834	50000.0	2.3182093713481366
835	50000.0	3.2963515106574803
836	50000.0	8.85509166618379
837	50000.0	4.77524095132412
838	50000.0	13.630446920499775
839	50000.0	3.184321479820313
840	50000.0	6.0225090364252996
841	50000.0	5.346333432253113
842	50000.0	7.730360575377615
843	50000.0	4.66070337430151
844	50000.0	6.079965717295732
845	50000.0	15.25114013468276
846	50000.0	8.674365913672565
847	50000.0	7.061758871439762
848	50000.0	6.294167501695767
849	50000.0	6.608206367745777
850	50000.0	22.136696610255232
851	50000.0	26.655065609424973
852	50000.0	4.534197660159809
853	50000.0	26.23621512714515
854	50000.0	31.221147236987218
855	50000.0	19.92644715324314
856	50000.0	20.90619530945073
857	50000.0	27.547429741472193
858	50000.0	29.67794497207289
859	50000.0	48.457074185400145
860	50000.0	25.901222590451244
861	50000.0	34.416613147480874
862	50000.0	21.89972221419068
863	50000.0	25.12680507430817
864	50000.0	32.632719143642
865	50000.0	21.611467612412586
866	50000.0	44.51327100495067
867	50000.0	23.15635896386886
868	50000.0	23.201767353251586
869	50000.0	19.00414839671348
870	50000.0	28.747740171326672
871	50000.0	35.06355156225694
872	50000.0	14.627462507899759
873	50000.0	11.44474674023095
874	50000.0	17.44551513410621
875	50000.0	16.491774705980365
876	50000.0	12.805479834199241
877	50000.0	9.784724527564967
878	50000.0	25.325415903125332
879	50000.0	11.594835362151178
880	50000.0	20.280601785880116
881	50000.0	28.022165905727462
882	50000.0	17.99484588254511
883	50000.0	11.250328055655995
884	50000.0	8.919178898790502
885	50000.0	11.618785424762862
886	50000.0	27.891050446599344
887	50000.0	18.001482192237155
888	50000.0	38.30838044035161
889	50000.0	13.88678729957238
890	50000.0	9.63702331819794
891	50000.0	22.76183099016648
892	50000.0	19.856225124888617
893	50000.0	17.152045472981126
894	50000.0	25.433938589589665
895	50000.0	46.71467219462984
896	50000.0	24.21697627752234
897	50000.0	23.359814103186405
898	50000.0	19.068586550425522
899	50000.0	21.251674871796613
900	50000.0	0.002721148690628006
901	50000.0	0.049346660420515144
902	50000.0	0.045946550188405946
903	41703.2	0.0044926877750766534
904	50000.0	0.046734360861476
905	45374.4	0.04094494177892738
906	48259.6	0.02659368936795552
907	50000.0	0.05359053047435349
908	45850.8	0.03383970317146243
909	48988.4	0.0047286685454091424
910	50000.0	0.04317350997564109
911	50000.0	0.02679763772370336
912	46879.2	0.018116762066902048
913	50000.0	0.03911442848838646
914	50000.0	0.053767518976613894
915	50000.0	0.06068971059667749
916	50000.0	0.038140500350965036
917	38563.0	0.004105692014918639
918	50000.0	0.01902410867103548
919	45394.8	0.04275537110742498
920	42253.6	0.03757772472644394
921	48971.2	0.02760468895853325
922	45464.4	0.049988354782460755
923	41394.8	0.00954081570632539
924	45704.4	0.05471686238922988
925	45406.8	0.04663393397361375
926	50000.0	0.046147288228496564
927	50000.0	0.034333197235693544
928	32322.0	0.02185127551515844
929	50000.0	0.042199851872031326
930	50000.0	0.04049199423315582
931	42808.4	0.013939853252407809
932	45774.0	0.02213467008298107
933	41192.8	0.037777065367850325
934	50000.0	0.02158081143025079
935	46986.6	0.005923382366731111
936	39866.0	0.0043500324038792115
937	48084.2	0.01644253635743951
938	50000.0	0.011675919005214119
939	50000.0	0.04362781723678903
940	45843.6	0.04616026311230463
941	50000.0	0.05636689011932141
942	50000.0	0.04378791611658741
943	50000.0	0.04990608331049895
944	50000.0	0.014263294585013676
945	41629.6	0.026505675898643943
946	45985.2	0.056378407958046675
947	41485.6	0.032055700181199145
948	50000.0	0.059172428318484724
949	37381.2	0.006327153541507968
950	50000.0	1.4652151008001553
951	50000.0	1.4097395455025097
952	50000.0	1.6093278147457646
953	50000.0	1.5653318668491631
954	50000.0	1.5056440599355818
955	50000.0	1.5789543654233604
956	50000.0	1.5448855101695256
957	50000.0	1.5501666310705733
958	50000.0	1.5084650013401826
959	50000.0	1.518732274889161
960	50000.0	1.5564977322260884
961	50000.0	1.5361229882454777
962	50000.0	1.4929218574372345
963	50000.0	1.518732274889161
964	50000.0	1.5158614047268029
965	50000.0	1.5298970620231278
966	50000.0	1.5299728432419373
967	50000.0	1.5853698062028532
968	50000.0	1.488476462740392
969	50000.0	1.4369284097040658
970	50000.0	1.5602278135430794
971	50000.0	1.6213668623218627
972	50000.0	1.4690810998747479
973	50000.0	1.490537680097115
974	50000.0	1.5017536219210768
975	50000.0	1.54980477963757
976	50000.0	1.5523251624000476
977	50000.0	1.602094831798303
978	50000.0	1.5614771047434821
979	50000.0	1.5379956485255726
980	50000.0	1.4751080771757326
981	50000.0	1.5187412712780812
982	50000.0	1.4800496517008055
983	50000.0	1.5508112099760227
984	50000.0	1.646000583609198
985	50000.0	1.5028019348083614
986	50000.0	1.5471132336996876
987	50000.0	1.5645599922836524
988	50000.0	1.6447971075017171
989	50000.0	1.5708449237844746
990	50000.0	1.6106712769856895
991	50000.0	1.5282189949237162
992	50000.0	1.534888185652584
993	50000.0	1.5242860076463287
994	50000.0	1.6106712769856895
995	50000.0	1.5941728939408193
996	50000.0	1.4919894233765425
997	50000.0	1.5605868363655495
998	50000.0	1.6336328608278272
999	50000.0	1.6114973255033362
1000	50000.0	1.0141835937364025
1001	50000.0	1.245255535304286
1002	50000.0	3.3975578569631453
1003	42935.6	1.531023333720909
1004	50000.0	1.1713263388094384
1005	39598.4	1.7094283493899236
1006	50000.0	2.312771845096535
1007	16461.0	0.3875481038562756
1008	50000.0	2.011808887184119
1009	50000.0	1.2525771224893156
1010	48012.2	1.5738658362308353
1011	50000.0	3.5204408167745433
1012	50000.0	1.3463104441821034
1013	45470.4	2.0275085760189597
1014	50000.0	1.7025114384172642
1015	1083.6	6.136553236957382e-09
1016	50000.0	1.245255535304286
1017	15323.0	4.6258166380918755e-09
1018	50000.0	1.8869002660606207
1019	37514.4	1.4236933323269814
1020	50000.0	4.142900675076051
1021	50000.0	5.731359001991886
1022	19955.8	0.020805162400380113
1023	50000.0	0.69185691119176
1024	50000.0	0.9299973893068311
1025	4826.4	5.949157720661782e-09
1026	41817.2	4.591935064241855
1027	2598.0	4.735738636412521e-09
1028	50000.0	4.3527633192143735
1029	4275.6	5.941652351382447e-09
1030	4520.4	4.828203501766101e-09
1031	50000.0	0.6918591062867355
1032	45160.8	2.4451100203841105
1033	12108.4	0.021203827289187814
1034	50000.0	1.4200751025446627
1035	2438.4	5.5189122236976705e-09
1036	916.8	5.6946994084378585e-09
1037	50000.0	1.4095789484502739
1038	4220.2	4.605778918224365e-09
1039	50000.0	1.7307970953111849
1040	50000.0	1.3109953958632186
1041	43299.0	2.3939524807214907
1042	50000.0	2.956909800326026
1043	48137.8	1.7187547883817502
1044	9466.6	4.7654698179682985e-09
1045	50000.0	2.118634928020234
1046	36003.6	1.3145861211029881
1047	50000.0	1.2452555353043078
1048	45568.8	1.6137512985323166
1049	45186.0	1.6227174404592517
1050	40310.8	0.4151170375327903
1051	3178.6	4.649224938991067e-09
1052	50000.0	2.2092184077499546
1053	20954.8	0.39099977610984177
1054	50000.0	5.417518276144665
1055	36932.4	0.4151141489021783
1056	50000.0	0.6918569111917597
1057	9489.2	5.04654448649243e-09
1058	47913.6	0.5534855297345272
1059	45103.2	0.2806359014176563
1060	8875.2	5.154083612181445e-09
1061	50000.0	5.919964352481927
1062	45765.0	0.6226712209632377
1063	50000.0	8.653896590197796
1064	50000.0	11.125618450408254
1065	37649.8	0.5103341657999753
1066	50000.0	0.6918569111917681
1067	50000.0	2.59054773008969
1068	50000.0	9.599102571475147
1069	50000.0	8.578042084605126
1070	3982.0	4.439150329708343e-09
1071	50000.0	1.5643193320365119
1072	42513.0	2.1046012554363083
1073	45534.0	2.1839654504767667
1074	50000.0	1.9549988595233934
1075	50000.0	1.954998859523302
1076	50000.0	8.780895573783189
1077	46715.4	7.479163087697366
1078	22951.6	0.011512449246482629
1079	14682.4	4.194985253085235e-09
1080	50000.0	5.44212725936641
1081	50000.0	0.7140150153764435
1082	50000.0	0.6693295181090827
1083	33948.8	0.13037110122511747
1084	50000.0	0.691856911192408
1085	50000.0	1.6622778772193019
1086	50000.0	1.9549988595233991
1087	50000.0	0.6918569111917574
1088	50000.0	0.6764808787897891
1089	24968.6	0.2646855812389299
1090	50000.0	2.5905477300897752
1091	10980.2	4.718734485192387e-09
1092	50000.0	3.0849856753589044
1093	42250.6	0.48429983879070104
1094	50000.0	4.41680973861723
1095	8487.2	6.364907416325272e-09
1096	50000.0	0.8073252014467377
1097	50000.0	5.285889248760321
1098	4940.4	5.324735436989332e-09
1099	50000.0	1.9549988595233034
1100	50000.0	0.08426468402217582
1101	50000.0	0.16634588331393368
1102	50000.0	0.08497054016037628
1103	50000.0	0.14165425261373638
1104	50000.0	0.11604276890071075
1105	50000.0	0.16224034011582913
1106	50000.0	0.17415624111674113
1107	50000.0	0.16433261659020557
1108	50000.0	0.13768710622957211
1109	50000.0	0.1520594794545698
1110	50000.0	0.0332274841497067
1111	50000.0	0.1210722499542259
1112	50000.0	0.13908586141734908
1113	50000.0	0.10645306020769467
1114	50000.0	0.14342535486732672
1115	50000.0	0.11890539871112013
1116	50000.0	0.13964063231646545
1117	50000.0	0.1725788242602564
1118	50000.0	0.09619548757215109
1119	50000.0	0.10590961351025344
1120	50000.0	0.1432762144833816
1121	50000.0	0.15616703063531187
1122	50000.0	0.10475500315635136
1123	50000.0	0.055385475762504376
1124	50000.0	0.17642285564909377
1125	50000.0	0.06603666890133822
1126	50000.0	0.09432818555765787
1127	50000.0	0.2515901546803664
1128	50000.0	0.0945999458876959
1129	50000.0	0.1013742939666971
1130	50000.0	0.07420910315990323
1131	50000.0	0.1502943072517114
1132	50000.0	0.09814829836886355
1133	50000.0	0.1462844984594056
1134	50000.0	0.07025638094264511
1135	50000.0	0.05157715938879254
1136	50000.0	0.11522415580115793
1137	50000.0	0.11531498764142174
1138	50000.0	0.19673829781746882
1139	50000.0	0.11597401466319493
1140	50000.0	0.16343786532543067
1141	50000.0	0.1851529565067592
1142	50000.0	0.14599208723006724
1143	50000.0	0.19749687902869162
1144	50000.0	0.1966585502608614
1145	50000.0	0.03429186164228279
1146	50000.0	0.08652715180074474
1147	50000.0	0.08343069146574054
1148	50000.0	0.15895668908499538
1149	50000.0	0.11183298258535701
1150	50000.0	0.8737842612305522
1151	50000.0	1.3906223000317053
1152	50000.0	3.607274342915672
1153	50000.0	0.37010078711557626
1154	50000.0	2.3754763098490077
1155	50000.0	0.3279302019363609
1156	50000.0	0.289974437195463
1157	50000.0	4.727801138942424
1158	50000.0	0.35030962027637474
1159	50000.0	2.3015494253746143
1160	50000.0	0.9234492110259189
1161	50000.0	2.6776028912214627
1162	50000.0	5.159373487006666
1163	50000.0	0.44148378880277084
1164	50000.0	0.6609944723156355
1165	50000.0	0.6416858785816955
1166	50000.0	0.44171804915087653
1167	50000.0	0.3044405159428014
1168	50000.0	1.9043155390320912
1169	50000.0	0.5390781577114978
1170	50000.0	3.088271684918554
1171	50000.0	0.5428097861529819
1172	50000.0	0.2925100430584171
1173	50000.0	1.8814498832652444
1174	50000.0	5.322184910442109
1175	50000.0	2.0103152935309647
1176	50000.0	0.3982916200348959
1177	50000.0	0.31355493082454283
1178	50000.0	0.5351660219084632
1179	50000.0	0.35007004438966005
1180	50000.0	5.656435629421162
1181	50000.0	2.747343995325415
1182	50000.0	0.3625513440839235
1183	50000.0	5.348205521468335
1184	50000.0	0.24863275468253537
1185	50000.0	1.692005994252535
1186	50000.0	5.751163061331281
1187	50000.0	5.502236708240755
1188	50000.0	0.4469461193193913
1189	50000.0	0.30096560042168286
1190	50000.0	0.6847800730103039
1191	50000.0	1.5994617861972462
1192	50000.0	0.4715110359421894
1193	50000.0	2.1414385291363662
1194	50000.0	4.734770731349167
1195	50000.0	0.41260757428077766
1196	50000.0	0.42686694876337034
1197	50000.0	0.4291839579653153
1198	50000.0	5.511553093599998
1199	50000.0	0.3629875922631406
