	0	1
0	1201.2	7.73614147255907e-09
1	1149.4	8.455164214500213e-09
2	1224.4	7.121827171533153e-09
3	1191.2	6.909405993587174e-09
4	1188.7	6.746771417780746e-09
5	1207.9	8.307649224417589e-09
6	1179.3	8.552653832475631e-09
7	1139.6	8.416964696664648e-09
8	1215.7	7.440835287187969e-09
9	1197.4	6.476655987102763e-09
10	1179.3	6.885574822187784e-09
11	1186.9	8.673453618635936e-09
12	1246.1	7.841739669913332e-09
13	1224.1	7.474566437165622e-09
14	1164.8	7.392030028942099e-09
15	1241.7	7.4355809584079724e-09
16	1183.6	8.328118361661305e-09
17	1239.0	7.374052709907311e-09
18	1208.4	7.856189291943187e-09
19	1189.1	6.68782735978904e-09
20	1228.1	7.4088689939656214e-09
21	1189.0	7.456233784705674e-09
22	1202.7	8.091661456393192e-09
23	1193.8	7.0080468568182255e-09
24	1179.4	7.524455746432404e-09
25	1169.2	7.126448789572129e-09
26	1206.7	7.08148823992831e-09
27	1215.0	8.466625749398433e-09
28	1225.7	7.331863600728297e-09
29	1138.5	6.588166151936907e-09
30	1135.4	7.947281227833291e-09
31	1218.0	8.161918988365825e-09
32	1207.4	7.3269631342358416e-09
33	1226.0	7.765632991885597e-09
34	1195.0	7.540590351345335e-09
35	1174.7	8.222391825021416e-09
36	1162.1	7.919679906063915e-09
37	1211.1	7.109240317442243e-09
38	1213.8	8.453940849300178e-09
39	1191.8	7.965529118453386e-09
40	1235.6	7.1668598644525226e-09
41	1206.8	7.215638684986942e-09
42	1219.7	6.0891904590531645e-09
43	1241.5	7.274668511293346e-09
44	1196.6	7.1829387547569304e-09
45	1239.8	7.739333132919496e-09
46	1232.6	7.312752358947443e-09
47	1194.2	7.610177636457187e-09
48	1143.5	6.987579452771851e-09
49	1240.9	8.216986705821303e-09
50	2003.0	7.527988391375685e-09
51	1955.3	7.657203114760714e-09
52	1929.8	6.403688198561368e-09
53	2100.5	8.50814448806736e-09
54	2029.4	7.696345993578394e-09
55	1985.1	8.037419470285137e-09
56	2049.2	7.703241738379336e-09
57	2096.0	7.963216418895819e-09
58	1992.9	6.826959616008394e-09
59	1978.4	8.064237421320072e-09
60	2008.7	7.536114537330653e-09
61	2140.1	8.242071409798598e-09
62	2069.1	6.5763994322427215e-09
63	2061.6	7.964725474170356e-09
64	2057.9	6.887197976821909e-09
65	2024.1	7.587860642867057e-09
66	2018.6	8.592776216725088e-09
67	1998.1	7.84574563727746e-09
68	2068.5	6.8436548137631835e-09
69	2026.4	7.421095934118679e-09
70	1981.4	7.49545403039353e-09
71	2025.4	8.042840670342682e-09
72	2032.1	7.471232689861372e-09
73	1954.2	8.233776836949135e-09
74	1959.1	8.217712296920346e-09
75	2028.6	8.61378105326131e-09
76	2058.1	7.952778323533147e-09
77	1969.9	8.227232773165296e-09
78	2042.7	8.156903332995247e-09
79	2041.5	7.074675769123873e-09
80	1915.9	7.847732240446251e-09
81	1993.1	7.15373083579787e-09
82	1919.3	6.570779337666948e-09
83	1975.9	8.462849228909902e-09
84	1976.7	7.596616978257874e-09
85	2040.4	7.90461809653468e-09
86	1982.4	8.246646335269295e-09
87	1971.0	7.461956944574821e-09
88	1861.6	7.503670561768165e-09
89	2149.8	7.516448186838567e-09
90	1989.6	7.867208502312806e-09
91	1942.7	7.511587238285271e-09
92	2046.8	7.2537423407022034e-09
93	2035.4	7.509052581001284e-09
94	1976.6	7.66967726818623e-09
95	2036.1	7.218123943653212e-09
96	2004.5	8.065748566433916e-09
97	1974.2	7.662507734835495e-09
98	1992.5	6.886034030094097e-09
99	2009.7	7.828523176448203e-09
100	50000.0	4.079330118954861
101	50000.0	7.860162935294097
102	50000.0	5.671262595176513
103	50000.0	4.2510504384636505
104	50000.0	5.3737211972723316
105	46129.0	4.570562110154236
106	50000.0	3.7697072623252383
107	50000.0	4.801226672675697
108	50000.0	4.246622472968289
109	50000.0	4.676303533539392
110	50000.0	5.969743749508291
111	50000.0	8.807025989363641
112	50000.0	5.585734140380898
113	50000.0	5.57176517357763
114	50000.0	5.406711557782076
115	50000.0	5.796801473472935
116	50000.0	7.082524208970881
117	50000.0	6.467220232529937
118	50000.0	5.571765677359539
119	50000.0	7.210242394465884
120	50000.0	4.17882433941536
121	45449.6	4.875294338303175
122	50000.0	7.584556592831345
123	50000.0	9.487813192540074
124	50000.0	2.785885359861308
125	50000.0	3.523805126552221
126	50000.0	4.9845561540236165
127	50000.0	6.778666210847817
128	50000.0	9.093511560925819
129	50000.0	5.174213913750626
130	50000.0	5.098674447044397
131	50000.0	5.734132465212081
132	50000.0	5.763311658874688
133	50000.0	9.13671744725886
134	50000.0	5.816659073810248
135	50000.0	9.261388614450922
136	50000.0	5.625534655337649
137	50000.0	3.5818517783802974
138	50000.0	4.391680733416136
139	50000.0	9.442244095036836
140	45162.7	3.7589750694602886
141	50000.0	5.754277739982923
142	50000.0	5.599467546980137
143	50000.0	8.07385402057333
144	50000.0	5.429479434370256
145	50000.0	4.210605545296977
146	50000.0	3.7808403821555707
147	50000.0	4.0793385939758915
148	50000.0	4.603868812370095
149	50000.0	5.967827297510054
150	50000.0	7.462184863145343
151	50000.0	9.592315278430245
152	50000.0	8.029317778160928
153	50000.0	9.175908178829067
154	50000.0	9.352603036823515
155	50000.0	11.06908187969908
156	50000.0	7.898568577532042
157	50000.0	6.986241142754726
158	50000.0	7.4621863790349945
159	50000.0	10.140641597953879
160	50000.0	9.18792785689605
161	50000.0	11.312206679614055
162	50000.0	9.78572665519205
163	50000.0	11.739281584021517
164	50000.0	7.813507159501479
165	50000.0	11.027108700053681
166	50000.0	9.045731311360495
167	50000.0	7.637810225270876
168	50000.0	6.556104104363078
169	50000.0	13.6526568124083
170	50000.0	10.077114181563935
171	50000.0	9.914487745329323
172	50000.0	9.368907838131411
173	50000.0	11.423471727199493
174	50000.0	9.970673611105994
175	50000.0	8.556635299585832
176	50000.0	10.964228168607836
177	50000.0	7.426071615154825
178	50000.0	9.379345363427666
179	50000.0	8.001408018611107
180	50000.0	7.362689964999838
181	50000.0	11.770283083710357
182	50000.0	8.656134220311568
183	50000.0	9.99738763999337
184	50000.0	8.357646503183611
185	50000.0	12.485450031158361
186	50000.0	6.964705838380604
187	50000.0	9.850489164693917
188	50000.0	6.134611016603378
189	50000.0	9.160613775553403
190	50000.0	9.694081976651422
191	50000.0	8.867921014110124
192	50000.0	10.789045649210697
193	50000.0	6.8451609103886
194	50000.0	6.268265776313797
195	50000.0	7.133156426034515
196	50000.0	9.698428586276663
197	50000.0	7.20089142198645
198	50000.0	7.693187027839568
199	50000.0	10.968722267951145
200	131.6	0.0
201	100.7	0.0
202	109.8	0.0
203	102.5	0.0
204	104.5	0.0
205	106.2	0.0
206	110.5	0.0
207	104.5	0.0
208	112.3	0.0
209	139.1	0.0
210	104.6	0.0
211	121.5	0.0
212	127.2	0.0
213	100.7	0.0
214	153.2	0.0
215	87.0	0.0
216	102.5	0.0
217	131.6	0.0
218	86.7	0.0
219	104.5	0.0
220	127.7	0.0
221	108.7	0.0
222	86.7	0.0
223	117.2	0.0
224	104.9	0.0
225	108.0	0.0
226	112.3	0.0
227	104.5	0.0
228	108.7	0.0
229	153.2	0.0
230	108.0	0.0
231	88.8	0.0
232	110.5	0.0
233	121.0	0.0
234	108.7	0.0
235	105.4	0.0
236	107.4	0.0
237	127.2	0.0
238	87.0	0.0
239	117.2	0.0
240	109.8	0.0
241	112.3	0.0
242	139.1	0.0
243	104.5	0.0
244	114.5	0.0
245	86.7	0.0
246	117.2	0.0
247	112.3	0.0
248	102.1	0.0
249	104.6	0.0
250	1884.1	7.457948225761369e-10
251	1815.0	7.888616023485468e-10
252	1848.7	8.462259855224269e-10
253	1830.4	7.25913013007785e-10
254	1935.5	8.641980277381072e-10
255	1822.5	9.034463344316085e-10
256	1833.5	8.855654210068792e-10
257	1825.2	9.39029700511256e-10
258	1805.0	8.408142272258871e-10
259	1886.3	8.367717600898064e-10
260	1850.4	8.931243956781727e-10
261	1868.4	7.855428243113508e-10
262	1850.1	8.747908228559272e-10
263	1894.4	7.739206743500999e-10
264	1885.2	7.915334530601817e-10
265	1881.4	9.063914236474969e-10
266	1834.7	7.75637763686905e-10
267	1817.7	9.419367665999988e-10
268	1943.2	7.349609665111266e-10
269	1819.7	6.590015354972671e-10
270	1833.7	7.900193327131246e-10
271	1910.9	8.13653226092562e-10
272	1795.5	7.769435704752197e-10
273	1909.4	8.087114393704246e-10
274	1896.7	8.202328961454295e-10
275	1913.1	7.914760922257993e-10
276	1892.2	8.212118443189094e-10
277	1890.7	7.899644542171822e-10
278	1806.0	8.486245363454692e-10
279	1871.3	7.382602426046525e-10
280	1886.9	8.459306920071037e-10
281	1881.3	8.318237629678174e-10
282	1837.1	8.924229775749351e-10
283	1815.4	7.005730016350073e-10
284	1829.0	6.923808240933196e-10
285	1772.4	8.518106090239335e-10
286	1873.9	8.420621173007447e-10
287	1869.5	9.271244774769457e-10
288	1911.4	9.033610290725189e-10
289	1898.4	8.125970094357167e-10
290	1882.3	9.351820058587183e-10
291	1864.4	8.904557624554102e-10
292	1851.8	9.452897277168247e-10
293	1904.0	8.718998967238302e-10
294	1884.1	7.492187902841343e-10
295	1889.1	8.837449092052691e-10
296	1852.5	1.0002539989168659e-09
297	1853.3	7.644404772834332e-10
298	1795.7	9.462147628326154e-10
299	1833.2	8.126803512623351e-10
300	1506.7	0.0
301	50000.0	92.94000000462523
302	50000.0	35.350000004633046
303	50000.0	3.820000005439604
304	50000.0	21.750000003473147
305	50000.0	64.79000000426342
306	50000.0	54.07000000655364
307	3160.9	0.0
308	50000.0	22.658096691341957
309	50000.0	15.540000006238206
310	637.2	0.0
311	50000.0	396.04000000438316
312	50000.0	128.11000000468331
313	4429.1	0.0
314	50000.0	311.01000000521833
315	2111.6	0.0
316	50000.0	29.260000004799156
317	10303.0	0.0
318	50000.0	43.19000000581216
319	50000.0	1000.0000000048228
320	50000.0	290.99047756925415
321	7766.5	0.0
322	1876.7	0.0
323	3837.6	0.0
324	50000.0	412.9200000048457
325	50000.0	216.94000000391316
326	50000.0	117.50000000489732
327	50000.0	53.48000000579534
328	50000.0	7.780000004262282
329	50000.0	72.60000000432129
330	3506.0	0.0
331	50000.0	14.650000004708792
332	3304.8	0.0
333	50000.0	10.210000002099568
334	50000.0	39.06000000378647
335	1216.5	0.0
336	50000.0	263.2000000058798
337	50000.0	14.14000000308809
338	50000.0	42.42000000343358
339	50000.0	2.3500000044797007
340	1333.1	0.0
341	4141.9	0.0
342	50000.0	675.0100000040927
343	1066.4	0.0
344	3801.8	0.0
345	1749.8	0.0
346	50000.0	56.810000004358436
347	50000.0	42.09000000563074
348	50000.0	45.79000000434281
349	1937.1	0.0
350	2061.8	7.387615323537159e-09
351	1932.4	7.205380863370218e-09
352	11756.1	0.7861678929680072
353	2100.4	7.682596732943074e-09
354	2137.4	7.16314957977055e-09
355	6881.4	0.3930839496880069
356	2105.9	7.610461841248481e-09
357	2177.1	7.015204425944792e-09
358	6992.2	0.3930839500703393
359	1978.3	7.3057866680518545e-09
360	6894.5	0.3930839494305265
361	1998.8	7.297501645015651e-09
362	2106.8	6.112837761720688e-09
363	7147.5	0.39308394993745555
364	11654.6	0.7861678930319279
365	6831.1	0.3930839504619351
366	2167.8	7.047588189080019e-09
367	2183.5	7.188365354999539e-09
368	2175.4	7.60416353361474e-09
369	16672.5	1.1792518350779408
370	2095.6	7.549802559711306e-09
371	11600.5	0.7861678928665675
372	2110.1	6.619521317738612e-09
373	1994.0	7.327064679452104e-09
374	6957.6	0.3930839501271285
375	11642.4	0.7861678929111204
376	11654.5	0.7861678931086594
377	6958.1	0.3930839504184248
378	2212.3	6.864708725352592e-09
379	1913.9	8.217351637482122e-09
380	2043.5	7.8024594926006e-09
381	6623.9	0.3930839505015361
382	6945.9	0.393083950269124
383	6899.2	0.39308395038698285
384	16455.3	1.1792518350965189
385	2071.4	8.13402726510367e-09
386	2088.4	7.643377091055963e-09
387	16405.9	1.179251834473232
388	7364.8	0.39308394997718044
389	16986.9	1.179251835716588
390	16480.8	1.1792518350207244
391	2422.2	6.469603029719682e-09
392	2147.7	7.378161400308669e-09
393	2122.7	7.3596453112439526e-09
394	1998.1	7.456338541441098e-09
395	2024.6	7.715364245144022e-09
396	2083.9	7.711746668028942e-09
397	2090.7	8.215223198238482e-09
398	2242.3	8.389330339995613e-09
399	6917.7	0.3930839501058043
400	6825.6	0.39308395089728954
401	1971.6	6.8874102642795635e-09
402	2065.7	7.694802608963053e-09
403	1900.5	7.052269010652962e-09
404	11572.4	0.7861678934028717
405	2093.9	6.580898762259098e-09
406	6762.5	0.39308395065856155
407	6912.8	0.39308395016120296
408	6664.2	0.393083950269587
409	1944.0	8.197454795941013e-09
410	1907.4	7.1471382495111524e-09
411	1976.0	8.171469447366671e-09
412	1968.9	8.345851158399409e-09
413	2083.5	6.5985973833306025e-09
414	1962.2	7.033460068103215e-09
415	6787.7	0.39308394992944734
416	1924.5	7.771802055306101e-09
417	2079.1	7.632719695815341e-09
418	1918.8	7.084262129556265e-09
419	2057.9	7.353017195535965e-09
420	1904.5	6.913449120190261e-09
421	1934.7	7.79047300798294e-09
422	2025.8	7.858280980631404e-09
423	1856.8	7.247064875238433e-09
424	2018.4	7.795700417678964e-09
425	2112.7	8.192839715420681e-09
426	2016.1	6.9515990837228925e-09
427	1965.2	7.555024905892443e-09
428	1841.8	8.167238680818287e-09
429	2002.3	8.035030641029239e-09
430	1918.2	8.130369998913943e-09
431	1861.1	8.416974075449253e-09
432	6711.5	0.39308395022600784
433	6819.3	0.39308395045777866
434	6745.5	0.3930839500481965
435	1990.8	7.285523100055815e-09
436	1841.4	8.281744069605279e-09
437	2081.0	7.824719058848382e-09
438	1964.4	8.023979837179859e-09
439	2070.2	7.584434720225213e-09
440	6746.2	0.17112931388078195
441	1877.8	7.020732083499797e-09
442	6813.7	0.39308394969466665
443	6810.2	0.3930839500074273
444	6835.0	0.3930839500849387
445	2068.7	7.869756114618686e-09
446	6814.3	0.3779556801274085
447	11606.0	0.7861678931129096
448	6745.3	0.39308394962278903
449	1800.0	7.700025408412027e-09
450	2005.1	7.945227347581282e-09
451	2040.9	7.89742852109309e-09
452	2125.0	7.439533504039615e-09
453	1960.5	8.105477669466557e-09
454	2736.2	7.462472007027107e-09
455	2167.9	8.288016659536038e-09
456	2034.4	8.560914616738406e-09
457	2130.6	8.394484144836514e-09
458	2102.7	8.874060261045183e-09
459	2051.3	7.358977063012433e-09
460	2080.4	7.632527012553213e-09
461	2059.5	7.514479710034074e-09
462	1972.5	6.389541066378802e-09
463	1986.6	7.587305003801706e-09
464	2110.7	8.583611056020193e-09
465	1967.3	6.554035313333719e-09
466	1980.2	8.267952193409695e-09
467	2153.4	8.052047971688758e-09
468	2017.2	8.63834732180724e-09
469	2199.4	8.182727488279301e-09
470	2013.6	6.344883413595336e-09
471	2093.5	7.56762923168097e-09
472	2141.5	8.138628608509348e-09
473	1943.2	8.494132759375573e-09
474	2106.0	7.704746412836232e-09
475	2198.9	7.867701796749859e-09
476	1995.0	5.9473944846932844e-09
477	2836.4	7.043295218970432e-09
478	2039.2	8.137200653432607e-09
479	2166.6	7.912873692659864e-09
480	2458.8	7.736231408795396e-09
481	2175.9	8.182656574032748e-09
482	2188.4	7.962999065189209e-09
483	2060.6	6.868549237616685e-09
484	2073.6	7.899949228053938e-09
485	2007.5	6.839203173500964e-09
486	1992.4	7.780509087516324e-09
487	2035.4	6.709614291171446e-09
488	2142.8	7.923558421031694e-09
489	2126.8	7.753130539330645e-09
490	1974.9	7.305201489826418e-09
491	2026.3	8.102828681023992e-09
492	2134.8	8.113816048321109e-09
493	2352.0	7.400864137732774e-09
494	2032.6	7.164348357069743e-09
495	2022.0	8.222193156944105e-09
496	1990.6	8.239139563487785e-09
497	2303.7	7.295997840972875e-09
498	2435.5	7.622494819873513e-09
499	2107.8	7.679644552541066e-09
500	2798.4	7.240604074473105e-09
501	2430.0	7.733521276318598e-09
502	2267.3	8.137869417363174e-09
503	2248.2	8.069523533816234e-09
504	2232.0	7.564468156437687e-09
505	2252.8	7.965872236026999e-09
506	2322.8	7.1574995237445954e-09
507	2298.5	7.96678949084878e-09
508	2289.4	7.1173758310824265e-09
509	2213.3	7.241392032230652e-09
510	2627.9	7.491656038530385e-09
511	2843.3	8.282773329245517e-09
512	2355.3	7.71005260005992e-09
513	2442.5	7.1241907702579644e-09
514	2301.3	7.71908150671613e-09
515	2544.4	6.672119752159363e-09
516	2354.6	7.35638757814199e-09
517	2300.3	8.760620613603931e-09
518	2340.1	6.81911991775758e-09
519	2299.1	7.733192296667684e-09
520	2180.4	6.3085993093655e-09
521	2157.8	7.3366211672182275e-09
522	2239.5	8.2571624704352e-09
523	2236.0	8.0202099082555e-09
524	2452.0	7.19163831368948e-09
525	2702.3	7.892022546389579e-09
526	2361.5	6.894154009551512e-09
527	2318.3	8.555097919465597e-09
528	2292.9	7.040058213561562e-09
529	2602.7	8.373479241203606e-09
530	2215.3	6.952992175017071e-09
531	2250.9	8.219072088588534e-09
532	2376.9	6.643802227321809e-09
533	2249.3	7.540765709822402e-09
534	2254.1	7.183738361239828e-09
535	2126.2	7.3494625134993125e-09
536	2346.3	7.186378948394331e-09
537	2239.8	5.7562460897764904e-09
538	2389.6	8.069413343570715e-09
539	3135.4	7.767200200576224e-09
540	2283.6	7.263456268549029e-09
541	2553.1	7.95639810704263e-09
542	2160.9	8.1803362399744e-09
543	2744.0	8.33393463276638e-09
544	2360.7	7.391749357224965e-09
545	2384.4	7.494735945213198e-09
546	3138.1	8.025945520146944e-09
547	2266.3	7.843318203058047e-09
548	2204.5	7.09098644106634e-09
549	2250.0	5.683508836469126e-09
550	4820.1	6.928075519445288e-09
551	4282.3	6.877676955685723e-09
552	2921.0	7.2115121596645304e-09
553	4230.4	7.354863953796469e-09
554	3196.7	7.162646935536663e-09
555	3348.4	6.767988612026836e-09
556	4034.4	7.40859377041498e-09
557	2413.7	7.520683842329573e-09
558	4723.0	7.719035414536506e-09
559	2831.8	7.111603255021076e-09
560	2494.3	7.800154087961165e-09
561	4957.6	7.255546673598817e-09
562	2546.2	7.809142891071566e-09
563	2566.9	7.853632332639088e-09
564	6668.7	7.700322616910172e-09
565	5726.7	7.802248602794215e-09
566	5874.5	7.580254729014825e-09
567	3615.4	7.251052929994492e-09
568	5102.4	6.743883856392596e-09
569	6253.1	7.388552530352187e-09
570	4694.0	8.231731103824326e-09
571	4236.6	7.716250360389381e-09
572	4612.7	8.40944567915156e-09
573	12463.3	1.011198925932443e-08
574	5278.6	8.669739801744822e-09
575	3768.1	7.509996097731854e-09
576	3726.1	8.08616996760727e-09
577	2921.9	7.381666033770027e-09
578	9455.5	8.482321350878717e-09
579	3491.1	7.9350428134352e-09
580	4536.5	8.241646503145143e-09
581	5352.4	8.931023064986058e-09
582	4789.5	7.718182703719158e-09
583	4437.0	7.290723429167293e-09
584	2646.5	7.216427798313732e-09
585	4452.3	8.131230084430906e-09
586	3920.3	7.359835145828402e-09
587	2888.1	7.553862650866878e-09
588	4905.3	8.239326438696402e-09
589	5478.2	7.737102711522513e-09
590	5176.0	8.10026958087378e-09
591	3006.1	8.116095925768561e-09
592	2925.7	8.0909282888036e-09
593	5524.5	7.879626522074804e-09
594	4051.8	7.483961850189326e-09
595	2711.0	7.409326770204559e-09
596	5284.1	8.433120250179456e-09
597	4062.9	7.796882468761729e-09
598	3113.7	6.3574088958229405e-09
599	2978.1	6.682194505577998e-09
600	2450.6	8.174194193300598e-09
601	2483.3	8.816972244644436e-09
602	2466.3	8.394875066850318e-09
603	2471.7	7.676495093819946e-09
604	2326.1	8.565223867863821e-09
605	2433.9	8.592878816404223e-09
606	2385.4	8.0210423567958e-09
607	2343.9	8.747072191066625e-09
608	2412.7	8.366552972926024e-09
609	2479.3	8.415109435589664e-09
610	2435.7	8.037251916840327e-09
611	2495.8	7.946704460054514e-09
612	2465.7	8.168217500175495e-09
613	2390.8	8.609686836412555e-09
614	7152.8	1.7973157463146123
615	2446.1	8.367977624070495e-09
616	2368.6	8.214679850868347e-09
617	2362.7	8.478281256112249e-09
618	2350.5	8.072212729872054e-09
619	2454.2	7.621275862109491e-09
620	7218.5	0.626393167893718
621	2418.1	7.848429562788004e-09
622	2351.0	8.827566597641416e-09
623	2390.7	8.43381291550276e-09
624	2437.2	8.349207239764518e-09
625	2473.8	7.745257578582036e-09
626	2468.6	8.462161844299152e-09
627	2375.3	8.070947123014906e-09
628	2365.2	8.777664110728589e-09
629	2412.5	8.360658716317954e-09
630	2493.0	8.33323644662821e-09
631	2398.7	8.410050125624758e-09
632	2366.1	7.624619641210146e-09
633	2397.5	7.777012988704404e-09
634	2367.8	7.811070192560753e-09
635	2463.8	8.263671905942313e-09
636	2337.1	8.370566390699942e-09
637	2448.0	8.344832411216613e-09
638	2418.0	8.121750381479317e-09
639	2429.1	8.082310176869063e-09
640	2389.0	8.550772639691304e-09
641	2480.8	8.316866472611547e-09
642	2442.7	8.454205587609357e-09
643	2415.3	7.777399199796501e-09
644	2378.6	7.936494504125098e-09
645	2468.7	8.042598854888823e-09
646	2499.4	7.990661346325883e-09
647	2434.0	8.898260041491206e-09
648	2504.1	8.137341452796382e-09
649	2357.8	8.871807020067032e-09
650	1713.5	7.585883536711775e-09
651	1744.2	7.756983726381044e-09
652	1786.6	8.317973761875034e-09
653	1659.2	8.484925671447162e-09
654	1743.1	7.663058253028254e-09
655	1776.5	8.518708918457422e-09
656	1701.1	7.342562434716549e-09
657	1704.4	7.466012659576535e-09
658	1705.8	7.602707802075186e-09
659	1688.0	8.187064333491056e-09
660	1778.4	8.02616466981091e-09
661	1723.4	6.218091532653691e-09
662	1697.3	8.03810392666793e-09
663	1784.3	7.3848749340816506e-09
664	1718.5	7.839516242598717e-09
665	1677.4	6.4824422335623025e-09
666	1724.1	8.270988879450057e-09
667	1767.3	8.013909131069669e-09
668	1718.6	8.394692410138997e-09
669	1755.7	7.771871682020444e-09
670	1685.7	7.109047371032194e-09
671	1718.0	7.956634241261629e-09
672	1667.8	7.875254322866046e-09
673	1743.6	6.7181867008887304e-09
674	1784.5	7.838313663127965e-09
675	1718.4	8.394669639893337e-09
676	1724.6	7.621419101629902e-09
677	1713.4	7.905936316516885e-09
678	1726.7	8.168791688373652e-09
679	1801.9	7.55017275252054e-09
680	1667.6	7.998808817809064e-09
681	1624.8	7.536980910900168e-09
682	1795.5	7.605809875913827e-09
683	1727.5	8.490862703356212e-09
684	1743.5	6.905384087232968e-09
685	1659.7	8.686781033184627e-09
686	1724.2	6.986650778864064e-09
687	1715.2	6.828236381942999e-09
688	1758.0	7.530586705309158e-09
689	1682.1	8.204995240939261e-09
690	1730.5	6.523530183285656e-09
691	1746.9	7.333587703106485e-09
692	1721.6	8.432092444697856e-09
693	1661.8	7.817604086571823e-09
694	1760.3	7.449540240938141e-09
695	1649.0	8.18865568747112e-09
696	1698.6	7.552366111751865e-09
697	1661.7	7.793018091498231e-09
698	1789.2	7.843208266357909e-09
699	1606.6	7.487513875823795e-09
700	50000.0	5.730001332691765
701	50000.0	5.55066149695146
702	50000.0	5.265638264466086
703	50000.0	4.526834378549447
704	50000.0	7.614345250912628
705	50000.0	8.961474100030715
706	50000.0	4.360042916274713
707	50000.0	4.566191595019172
708	50000.0	6.706644152442212
709	50000.0	4.950407616176555
710	50000.0	7.000360730135408
711	50000.0	4.881846193629547
712	50000.0	4.7897526826725425
713	50000.0	6.168739600269822
714	50000.0	5.32139408845528
715	50000.0	4.625985772802862
716	50000.0	4.679147359960005
717	50000.0	7.8647114768429605
718	50000.0	4.875294337394261
719	45171.7	3.482354685566592
720	50000.0	7.409518888153525
721	45152.4	6.163570586744872
722	50000.0	4.347305953736224
723	50000.0	4.353353409257299
724	50000.0	4.775798580386626
725	50000.0	6.4611800626206115
726	50000.0	5.571764669795735
727	50000.0	3.7618020940381833
728	45993.1	3.730253736397516
729	50000.0	7.178997818059939
730	50000.0	4.617134826731932
731	50000.0	7.601640143654739
732	50000.0	8.027188111334826
733	45160.1	4.8526538648696
734	50000.0	4.278321930373541
735	50000.0	5.259746687563181
736	50000.0	6.765714027866691
737	50000.0	4.941804597280012
738	50000.0	6.367541834386467
739	50000.0	7.3164188721157375
740	50000.0	5.372773362158973
741	50000.0	5.8877418879754675
742	50000.0	7.658318880549601
743	50000.0	4.12162530341191
744	50000.0	4.244889371032547
745	50000.0	6.9070926496110925
746	50000.0	7.638041661798448
747	50000.0	3.581851237179754
748	50000.0	9.135569111002367
749	50000.0	6.965256774223235
750	50000.0	2.9536499275197743
751	50000.0	4.076130758340932
752	50000.0	3.3711172560271514
753	50000.0	3.47212656319822
754	50000.0	5.502925155058645
755	50000.0	3.435790212923382
756	50000.0	3.454756443686297
757	50000.0	3.152300735377935
758	50000.0	3.120444615719301
759	50000.0	4.872810059663224
760	50000.0	3.0764456239454914
761	50000.0	3.47216578715201
762	50000.0	2.189141643990447
763	50000.0	4.298263383934611
764	50000.0	5.640915363169482
765	50000.0	2.131002804487624
766	50000.0	3.263242139326338
767	50000.0	5.90044278354469
768	50000.0	3.56698345421245
769	50000.0	5.299406342199586
770	50000.0	4.207770936904033
771	50000.0	3.983380422112404
772	50000.0	2.409355848449684
773	50000.0	2.261859140674358
774	50000.0	5.088123656224984
775	50000.0	2.2486660609821376
776	50000.0	4.0398684767523605
777	50000.0	2.7957285348289664
778	50000.0	3.436387681636775
779	50000.0	5.480159921411099
780	50000.0	2.955680703533784
781	50000.0	5.140445659534369
782	50000.0	4.834399810639325
783	50000.0	3.2647899626781687
784	50000.0	3.2866998798918368
785	50000.0	4.214181652185918
786	50000.0	3.1490464420949857
787	50000.0	4.886885974864953
788	50000.0	2.1546743853901287
789	50000.0	3.5668849548236237
790	50000.0	4.704028148360864
791	50000.0	2.827180624717884
792	50000.0	2.1159843719317712
793	50000.0	2.001751569039564
794	50000.0	3.6364459812180554
795	50000.0	3.2272514878802987
796	50000.0	6.035181409586098
797	50000.0	5.82932920703554
798	50000.0	6.179505183551686
799	50000.0	2.531076533477253
800	50000.0	5.379408259724698
801	50000.0	6.895569624637481
802	50000.0	3.2879364087607867
803	50000.0	6.634555452343181
804	50000.0	12.559829919517885
805	50000.0	5.728506037302767
806	50000.0	5.2031292362425585
807	50000.0	6.116779982342563
808	50000.0	7.202677690292868
809	50000.0	14.859103939616457
810	50000.0	7.744945705066291
811	50000.0	9.196780067351943
812	50000.0	9.35625282048441
813	50000.0	9.352620882937424
814	50000.0	9.47235442051743
815	50000.0	7.179465178978741
816	50000.0	16.518982514974336
817	50000.0	8.703275977587243
818	50000.0	8.664058464813056
819	50000.0	10.422207103975138
820	50000.0	6.50788903835946
821	50000.0	9.362813471238516
822	50000.0	6.878888775090535
823	50000.0	2.8863200449874276
824	50000.0	7.106639925756999
825	50000.0	7.408153689748936
826	50000.0	7.016845783711176
827	50000.0	3.446100481670057
828	50000.0	6.8293105852261125
829	50000.0	3.968538896990529
830	50000.0	5.534313885776436
831	50000.0	7.778107896698977
832	50000.0	4.68998421943234
833	50000.0	4.532749726842745
834	50000.0	2.2652581789112034
835	50000.0	3.296351488436856
836	50000.0	9.031214630377585
837	50000.0	4.689380216651186
838	50000.0	13.465182871927329
839	50000.0	2.953983204314962
840	50000.0	6.051212893118067
841	50000.0	5.197530178970345
842	50000.0	7.912947600554188
843	50000.0	4.740629679969193
844	50000.0	6.079965724618508
845	50000.0	13.97897559991524
846	50000.0	9.203971913841317
847	50000.0	7.069789352050483
848	50000.0	6.501886870691422
849	50000.0	6.60917029979163
850	50000.0	22.00414487553907
851	50000.0	28.073980812409598
852	50000.0	7.348874391113563
853	50000.0	26.663768214330542
854	50000.0	34.55824345643275
855	50000.0	19.985240530602784
856	50000.0	22.262894560464623
857	50000.0	27.928527748896208
858	50000.0	30.317265596149348
859	50000.0	49.99680824083029
860	50000.0	27.39613258532649
861	50000.0	37.065646442526585
862	50000.0	21.04664511907246
863	50000.0	26.587442543088997
864	50000.0	34.39732953282855
865	50000.0	21.766385483691742
866	50000.0	49.93316382826813
867	50000.0	25.06854404103034
868	50000.0	25.864725475089124
869	50000.0	20.916530583593754
870	50000.0	30.429081791225133
871	50000.0	37.2654640617683
872	50000.0	15.967771529171733
873	50000.0	12.72677712554736
874	50000.0	19.31152312045122
875	50000.0	16.638553124289167
876	50000.0	13.758829217736482
877	50000.0	10.687868175766813
878	50000.0	27.016923052212217
879	50000.0	12.15454729268864
880	50000.0	20.47386926975944
881	50000.0	28.49587710782496
882	50000.0	19.85218046217481
883	50000.0	11.777166806576577
884	50000.0	8.779200812046264
885	50000.0	12.645399722510408
886	50000.0	30.0965946947643
887	50000.0	18.96942003661453
888	50000.0	39.58173341002413
889	50000.0	14.852898883333548
890	50000.0	17.316155181740747
891	50000.0	22.61591457798603
892	50000.0	20.42834497931237
893	50000.0	16.629027307824206
894	50000.0	25.29787608656973
895	50000.0	47.03212880235785
896	50000.0	25.06621906105908
897	50000.0	23.643065617443916
898	50000.0	20.337486269301287
899	50000.0	21.772338481739617
900	50000.0	0.13032521302229175
901	50000.0	0.25204602755958805
902	50000.0	0.16791949112124946
903	50000.0	0.19346922246821271
904	50000.0	0.18517613304171868
905	50000.0	0.17756457617272386
906	50000.0	0.172747171126807
907	50000.0	0.3132849230326437
908	50000.0	0.2401157044870697
909	50000.0	0.12905916568547493
910	47014.3	0.18676536224501775
911	50000.0	0.20155161564991442
912	50000.0	0.28420066641827246
913	50000.0	0.18421206967716142
914	50000.0	0.1660251186191502
915	50000.0	0.18342861125190932
916	50000.0	0.1682925371492944
917	45363.4	0.20119375549501814
918	45901.9	0.20067694589609567
919	50000.0	0.18645101834914382
920	50000.0	0.2353410561174055
921	50000.0	0.11701548749860677
922	50000.0	0.1492734119253667
923	46978.7	0.11954505010047942
924	50000.0	0.25489262914545563
925	50000.0	0.1295020020356615
926	50000.0	0.13636383620216924
927	50000.0	0.26368034573204524
928	50000.0	0.17729215614211907
929	50000.0	0.23498768856335203
930	50000.0	0.22114990806007828
931	50000.0	0.19943786271511801
932	50000.0	0.16859439621553918
933	50000.0	0.19399483995048747
934	50000.0	0.21950843848702864
935	50000.0	0.1289010618538729
936	50000.0	0.26982582503301167
937	50000.0	0.10530772189255799
938	50000.0	0.19399011339440958
939	50000.0	0.1994408219158638
940	50000.0	0.12911192412778955
941	50000.0	0.17462422037987846
942	50000.0	0.15591393930495787
943	50000.0	0.20879395882696414
944	50000.0	0.14281703591363062
945	50000.0	0.11620079469884673
946	50000.0	0.20439795617469708
947	50000.0	0.18631634982548118
948	50000.0	0.24897978465547813
949	50000.0	0.1955597783787864
950	50000.0	1.2062562244893538
951	50000.0	1.0650658396126098
952	50000.0	1.2544016576552006
953	50000.0	1.0128902444462082
954	46554.8	1.0067249298821148
955	50000.0	0.8274471754211596
956	45135.3	0.9363471239000185
957	50000.0	1.0980724566947
958	50000.0	1.1696088094292016
959	50000.0	0.8946114345356427
960	45135.3	0.8580915233196116
961	50000.0	0.8918973232960262
962	50000.0	1.18879028399513
963	50000.0	1.0440646251070191
964	50000.0	1.123501039297587
965	50000.0	1.2304160844496763
966	50000.0	1.091208610493698
967	50000.0	1.0718630722093319
968	50000.0	1.1696088094292016
969	50000.0	1.1480302382195768
970	50000.0	1.247845212334708
971	50000.0	1.0907339150735345
972	50000.0	1.0738190692283491
973	50000.0	1.0452891124451467
974	50000.0	0.938567860423638
975	50000.0	1.0610765220085276
976	50000.0	0.9710000300088713
977	49328.4	1.0258817599700774
978	50000.0	1.1137226673954588
979	50000.0	1.1735991671658759
980	50000.0	1.0784114980257085
981	50000.0	0.8907362126229357
982	50000.0	0.8859660203559832
983	49240.7	0.8431430068082555
984	50000.0	1.195816170867259
985	50000.0	1.1617581316240941
986	50000.0	0.9936923243440978
987	50000.0	1.138395044490737
988	50000.0	1.111293025795534
989	50000.0	1.1472789630451627
990	50000.0	0.8033887897990473
991	50000.0	1.1442786194851493
992	50000.0	1.2255129349220424
993	50000.0	1.2623885477235233
994	50000.0	0.8033887897990473
995	50000.0	1.245480472023051
996	49275.7	1.1421017968981375
997	50000.0	0.972634788055841
998	50000.0	1.0556757086888846
999	50000.0	1.0721485899496968
1000	45083.3	1.0568339011525298
1001	50000.0	1.1595679938520023
1002	25303.2	0.6218943481870145
1003	33839.5	1.161952045177796
1004	46543.9	1.2039601258975985
1005	45069.1	1.99170068921129
1006	47103.3	0.8776375010835075
1007	45070.1	1.0239154971472755
1008	45136.0	1.0404280799725112
1009	48982.2	1.7775718824644335
1010	41468.1	1.1025432105712094
1011	42209.2	1.232430724504251
1012	50000.0	1.7229453489749627
1013	45061.1	2.1264264695480475
1014	34155.7	0.397475195571
1015	681.0	4.560752745254033e-09
1016	50000.0	0.9853576645687101
1017	23707.1	0.7239371501266455
1018	50000.0	2.027325833982022
1019	45060.7	0.573248607447379
1020	41109.4	1.902997459268012
1021	45066.7	2.5380900733976537
1022	18546.8	0.3884649915397692
1023	50000.0	1.014794767848599
1024	50000.0	1.5338375075704769
1025	25344.5	0.6741956746180533
1026	21792.1	0.48941792239045273
1027	15145.0	0.4126441312332748
1028	35518.1	0.7494004253909131
1029	6466.3	0.12452555730805523
1030	25994.4	0.8468612190886334
1031	46404.2	0.6048408127908602
1032	48455.3	1.102211595854121
1033	36854.7	0.9635082350717351
1034	50000.0	1.6350877162610196
1035	5664.0	0.15565680867260445
1036	586.2	5.883178518378371e-09
1037	46569.3	1.3669608157584672
1038	15480.1	0.5440327757320642
1039	46614.3	1.4674804298018709
1040	39911.3	0.8625545081850593
1041	36773.3	1.0177289489651797
1042	50000.0	1.7691722429851158
1043	45080.4	1.401262811170296
1044	25310.8	0.7824218352228123
1045	44816.5	1.4920669515857514
1046	12925.1	5.300174598682114e-09
1047	46080.8	0.6776189662733402
1048	16746.4	6.771307821973869e-09
1049	50000.0	1.7760002756602877
1050	45099.1	2.2024297739588428
1051	748.5	5.766698360459403e-09
1052	50000.0	1.9341848390429703
1053	30324.2	1.1120147102313527
1054	42673.5	1.2504872478158795
1055	39196.4	1.538273933837638
1056	50000.0	0.9672438194097538
1057	5767.9	5.7535968497904994e-09
1058	45090.5	1.0024093845706468
1059	42035.6	0.41524968777274107
1060	20475.7	0.7172787171554961
1061	50000.0	3.381458855810165
1062	50000.0	1.4056162339438785
1063	41435.0	1.1590605504640599
1064	44472.4	0.820032238615083
1065	22215.5	0.5232016191601553
1066	45338.8	0.6813546985887144
1067	50000.0	2.4779981285933763
1068	47071.1	0.6831613175039228
1069	40677.2	0.7433546332639205
1070	7282.1	0.008641459156886558
1071	50000.0	1.3269283352064998
1072	10571.4	0.5044626554718877
1073	7612.2	0.06918569649272516
1074	50000.0	2.008463693742759
1075	50000.0	3.1303839490987184
1076	24695.4	0.45720635922862113
1077	17923.5	0.40402267165878214
1078	5708.9	0.0691856982485127
1079	30249.0	1.5145252262452022
1080	39023.0	0.7413689658792417
1081	18121.7	0.29740123512045913
1082	45084.4	1.005036041627161
1083	724.0	5.980555355586702e-09
1084	50000.0	2.0682693842735533
1085	40814.7	1.2003171846904492
1086	45146.0	1.7594989742573606
1087	45070.3	1.040091550278873
1088	50000.0	0.6653296910064354
1089	40162.8	2.072998763855141
1090	50000.0	2.3501277764199253
1091	17511.7	0.20755707766647452
1092	50000.0	4.498047286546456
1093	45076.9	0.6038335833824977
1094	48592.3	2.2300439859035226
1095	5667.6	0.06918569530236911
1096	42439.8	0.7415194626348218
1097	12444.5	0.008485826962960078
1098	12375.3	0.09877553152912735
1099	42675.0	1.3151325979151873
1100	50000.0	0.38509889063845215
1101	50000.0	0.2580914465808739
1102	50000.0	0.07950187107220548
1103	50000.0	0.5500806734737549
1104	50000.0	0.502070874982487
1105	50000.0	0.42134506049264775
1106	50000.0	0.18997514659090325
1107	50000.0	0.27875707306386877
1108	50000.0	0.38830996990214717
1109	50000.0	0.26157966418039486
1110	50000.0	0.5338956000835552
1111	50000.0	0.5594887887920883
1112	50000.0	0.28328103648498926
1113	50000.0	0.39159972363053225
1114	50000.0	0.7357796943976519
1115	50000.0	0.2665134425402517
1116	50000.0	0.5107287747556201
1117	50000.0	0.5918915603954403
1118	50000.0	0.2963387780206609
1119	50000.0	0.42138133054024574
1120	50000.0	0.44328014789248404
1121	50000.0	0.50912156218995
1122	50000.0	0.19836563758246545
1123	50000.0	0.032004137995975276
1124	50000.0	0.5168062585018137
1125	50000.0	0.13705371813703912
1126	50000.0	0.21449957217813576
1127	50000.0	0.4143682762420654
1128	50000.0	0.4837478138261412
1129	50000.0	0.3674567548424659
1130	50000.0	0.4574901280485081
1131	50000.0	0.44273262435296
1132	50000.0	0.15951508805807546
1133	50000.0	0.1738400365168843
1134	50000.0	0.19109748316146472
1135	50000.0	0.36355023289426447
1136	50000.0	0.44265224712055484
1137	50000.0	0.31386186536614413
1138	50000.0	0.22110269709663002
1139	50000.0	0.2478979124578285
1140	50000.0	0.2721719335151294
1141	50000.0	0.13503568664281893
1142	50000.0	0.6010144907394743
1143	50000.0	0.4397267177188011
1144	50000.0	0.6314512207881784
1145	50000.0	0.5623930091533296
1146	50000.0	0.24151062324565303
1147	50000.0	0.47069795507821394
1148	50000.0	0.4845291259162427
1149	50000.0	0.41033961390698936
1150	50000.0	10.974283606337188
1151	50000.0	7.547286492557123
1152	50000.0	8.210420228106873
1153	50000.0	6.211190276050846
1154	50000.0	10.583256725112998
1155	50000.0	6.5432641659961535
1156	50000.0	7.405190435872674
1157	50000.0	10.734906200483053
1158	50000.0	6.522741951286885
1159	50000.0	8.224914454356156
1160	50000.0	8.605989355714502
1161	50000.0	10.215379237388634
1162	50000.0	10.288230163163249
1163	50000.0	6.482170099314016
1164	50000.0	6.720774165392993
1165	50000.0	4.925228715839525
1166	50000.0	7.4234006883641115
1167	50000.0	5.839595510477335
1168	50000.0	11.86476177745842
1169	50000.0	7.321484790818135
1170	50000.0	8.860074418432333
1171	50000.0	6.574042649542757
1172	50000.0	4.127901859237815
1173	50000.0	11.633846598007187
1174	50000.0	9.803618497775288
1175	50000.0	9.133939951086651
1176	50000.0	6.259213114732181
1177	50000.0	4.239875727638454
1178	50000.0	6.590619672736611
1179	50000.0	4.369613065251356
1180	50000.0	9.260587904965824
1181	50000.0	7.0595502448383725
1182	50000.0	4.735994602442707
1183	50000.0	11.20339043111613
1184	50000.0	7.186042992741696
1185	50000.0	10.855151053381983
1186	50000.0	11.935696066442905
1187	50000.0	9.167361415826083
1188	50000.0	8.344708294575687
1189	50000.0	6.7116371212805035
1190	50000.0	8.356454105354649
1191	50000.0	9.721924790861433
1192	50000.0	4.805662292965273
1193	50000.0	8.666416673724964
1194	50000.0	12.755345556574072
1195	50000.0	6.234507424573993
1196	50000.0	6.97814442536365
1197	50000.0	5.746804925758827
1198	50000.0	10.706182738419251
1199	50000.0	8.661430076472083
