	0	1
0	50000.0	0.003377949445150882
1	50000.0	0.002707907407357457
2	50000.0	0.006062702294403731
3	50000.0	0.005508786384887557
4	50000.0	0.004892981488829159
5	50000.0	0.00468068883788513
6	50000.0	0.0032551955022196628
7	50000.0	0.003855290617651553
8	50000.0	0.007434180462104282
9	50000.0	0.0034142881557474095
10	50000.0	0.0037244248816190088
11	50000.0	0.004109251572171939
12	50000.0	0.004463306308986318
13	50000.0	0.005937338084877529
14	50000.0	0.0035901752371005056
15	50000.0	0.0038682213355515755
16	50000.0	0.0027411182653144135
17	50000.0	0.004711298320756371
18	50000.0	0.005804349976215604
19	50000.0	0.0052024411519277485
20	50000.0	0.005183037707443644
21	50000.0	0.004956256598684913
22	50000.0	0.004012132392846336
23	50000.0	0.0025513185879270355
24	50000.0	0.003552728840095834
25	50000.0	0.004076971648703351
26	50000.0	0.005941221340769667
27	50000.0	0.004790061217368994
28	50000.0	0.005225513098508479
29	50000.0	0.00376308224168488
30	50000.0	0.00316233954200664
31	50000.0	0.004255881352194954
32	50000.0	0.004430652571200158
33	50000.0	0.003414394224026192
34	50000.0	0.004126604592054333
35	50000.0	0.004943606778199718
36	50000.0	0.004564840969302012
37	50000.0	0.0049256024922234
38	50000.0	0.004788866396352567
39	50000.0	0.005052758586126803
40	50000.0	0.004833065345067491
41	50000.0	0.004398882605298382
42	50000.0	0.004399912744993406
43	50000.0	0.005158792535867605
44	50000.0	0.004507825406003716
45	50000.0	0.002577081785565288
46	50000.0	0.00386388278960541
47	50000.0	0.00409324912502229
48	50000.0	0.003440592920312552
49	50000.0	0.007316303960879634
50	50000.0	78.83905068144821
51	50000.0	69.0054365117455
52	50000.0	60.726556945507966
53	50000.0	163.1403270475938
54	50000.0	162.01516248184802
55	50000.0	264.3007788629006
56	50000.0	163.98502447594495
57	50000.0	162.1044180235514
58	50000.0	42.57234923859314
59	50000.0	41.38510487883102
60	50000.0	44.46648790725467
61	50000.0	298.7628698474465
62	50000.0	382.6113307433818
63	50000.0	169.70512784375623
64	50000.0	275.9463451428395
65	50000.0	242.44587455602536
66	50000.0	69.18997988590363
67	50000.0	23.52957837143004
68	50000.0	79.49549478602793
69	50000.0	93.21216621968277
70	50000.0	86.51567330520544
71	50000.0	144.0694157808471
72	50000.0	41.958445253346326
73	50000.0	40.36423660170078
74	50000.0	110.54446297653672
75	50000.0	113.89496238256727
76	50000.0	96.34459242004745
77	50000.0	343.5890990047333
78	50000.0	134.4535793072063
79	50000.0	226.19668335679913
80	50000.0	219.6179036856886
81	50000.0	211.01658689496594
82	50000.0	80.3851467087663
83	50000.0	293.9073503248493
84	50000.0	157.6396255585527
85	50000.0	76.4800036422418
86	50000.0	262.2341309796
87	50000.0	75.37429162331722
88	50000.0	77.96204994735706
89	50000.0	332.9654766433211
90	50000.0	16.661718483726744
91	50000.0	300.4504535760685
92	50000.0	280.9486544656924
93	50000.0	171.66939350389467
94	50000.0	280.87908125050603
95	50000.0	85.52783134371218
96	50000.0	61.6361522118854
97	50000.0	26.407015380812425
98	50000.0	40.6334328172433
99	50000.0	219.36978862138102
100	50000.0	6.759293433208086
101	50000.0	9.20579109127593
102	50000.0	6.022292020834184
103	50000.0	9.035792441689228
104	50000.0	9.318555398216661
105	50000.0	11.974209884304738
106	50000.0	9.597198124712289
107	50000.0	6.137354251598792
108	50000.0	9.772062954885202
109	50000.0	9.311476284378557
110	50000.0	11.23149300322772
111	50000.0	10.836772541873943
112	50000.0	8.306646604234386
113	50000.0	7.003562537303454
114	50000.0	11.778696369538805
115	50000.0	13.506959699276345
116	50000.0	12.372271288725143
117	50000.0	6.622444819457146
118	50000.0	5.181929218131659
119	50000.0	13.410291943471226
120	50000.0	4.012723465363131
121	50000.0	6.2986529010554895
122	50000.0	9.741038372079785
123	50000.0	13.986195698784561
124	50000.0	6.364445255580316
125	50000.0	5.354859208422412
126	50000.0	11.346545123954026
127	50000.0	6.698485382165312
128	50000.0	11.714754474237289
129	50000.0	6.550679953140485
130	50000.0	6.839331774573701
131	50000.0	4.9051996954182755
132	50000.0	6.682378249867068
133	50000.0	11.85110934518508
134	50000.0	8.352404798716886
135	50000.0	10.609602139802623
136	50000.0	17.075116751380214
137	50000.0	9.1534742018516
138	50000.0	6.760270662834688
139	50000.0	11.764684609496381
140	50000.0	10.41034032660346
141	50000.0	10.965721009011135
142	50000.0	13.295077892026947
143	50000.0	10.906406027586334
144	50000.0	5.611492998134392
145	50000.0	6.26341522298655
146	50000.0	13.398922730408334
147	50000.0	9.004997679607058
148	50000.0	5.624510772392062
149	50000.0	11.885342076744564
150	50000.0	10.215398404988747
151	50000.0	10.553354521843008
152	50000.0	7.875984349942148
153	50000.0	9.181023969498607
154	50000.0	19.09049466354727
155	50000.0	13.802025937881215
156	50000.0	13.762756868956505
157	50000.0	9.061551896722662
158	50000.0	6.888300557018042
159	50000.0	7.6861220915914235
160	50000.0	14.761367501077142
161	50000.0	12.302798908011816
162	50000.0	17.36902679367452
163	50000.0	8.661252639408119
164	50000.0	14.3104984806258
165	50000.0	12.997423887688118
166	50000.0	14.491656882131872
167	50000.0	8.731193425421335
168	50000.0	7.211906470323813
169	50000.0	15.583444482094254
170	50000.0	8.701982288946004
171	50000.0	5.153314804686579
172	50000.0	12.368095245675592
173	50000.0	10.241805513431785
174	50000.0	9.68598129706719
175	50000.0	7.770844699331573
176	50000.0	11.032242348435606
177	50000.0	9.267454591917673
178	50000.0	9.375808792507497
179	50000.0	7.410547942128096
180	50000.0	8.08288381728006
181	50000.0	12.64680062474065
182	50000.0	11.037325122325596
183	50000.0	12.15914580687874
184	50000.0	23.601407853887245
185	50000.0	13.209747369354208
186	50000.0	14.359719404197392
187	50000.0	10.648089076427208
188	50000.0	5.197383957824843
189	50000.0	9.48854544176127
190	50000.0	8.006312617950606
191	50000.0	10.028188432087871
192	50000.0	11.066064662172794
193	50000.0	8.441751110833493
194	50000.0	9.35532143464484
195	50000.0	12.263645054979747
196	50000.0	14.451593979751896
197	50000.0	14.63139670670732
198	50000.0	8.840092490345025
199	50000.0	13.142278329480371
200	131.9	0.0
201	146.5	0.0
202	140.3	0.0
203	148.1	0.0
204	154.9	0.0
205	142.1	0.0
206	160.9	0.0
207	184.8	0.0
208	140.3	0.0
209	181.9	0.0
210	132.3	0.0
211	155.1	0.0
212	166.4	0.0
213	146.5	0.0
214	138.8	0.0
215	146.3	0.0
216	148.1	0.0
217	131.9	0.0
218	146.2	0.0
219	154.9	0.0
220	143.9	0.0
221	153.9	0.0
222	146.2	0.0
223	162.2	0.0
224	158.4	0.0
225	155.0	0.0
226	215.3	0.0
227	154.9	0.0
228	153.1	0.0
229	138.8	0.0
230	155.0	0.0
231	142.1	0.0
232	160.9	0.0
233	177.9	0.0
234	153.9	0.0
235	185.5	0.0
236	142.3	0.0
237	166.4	0.0
238	146.3	0.0
239	162.2	0.0
240	140.3	0.0
241	140.3	0.0
242	181.9	0.0
243	154.9	0.0
244	134.3	0.0
245	146.2	0.0
246	162.2	0.0
247	140.3	0.0
248	152.6	0.0
249	132.3	0.0
250	50000.0	0.10720886046602188
251	50000.0	0.07059133206452314
252	50000.0	0.039424707463569644
253	50000.0	0.09221663399868138
254	50000.0	0.17221142123720848
255	50000.0	0.13545440716856955
256	50000.0	0.044596870081443085
257	50000.0	0.13399309512313387
258	50000.0	0.03683417446089471
259	50000.0	0.12055587866433222
260	50000.0	0.10325766718967158
261	50000.0	0.11579914222297619
262	50000.0	0.07342743216295652
263	50000.0	0.072112228491471
264	50000.0	0.07290020445194847
265	50000.0	0.04947164151246005
266	50000.0	0.10673738040167854
267	50000.0	0.06213668699502043
268	50000.0	0.08726151184219352
269	50000.0	0.05260389489968477
270	50000.0	0.03653410446606303
271	50000.0	0.11833646064238475
272	50000.0	28.586997904368605
273	50000.0	0.12864086386316237
274	50000.0	0.1471147250150489
275	50000.0	0.11846242137518541
276	50000.0	0.14285653677010585
277	50000.0	0.04064740342821093
278	50000.0	0.04844266854236771
279	50000.0	0.05605815074749121
280	50000.0	0.05495735579865337
281	50000.0	0.10773228583560142
282	50000.0	0.06374947965497002
283	50000.0	0.053753591732590075
284	50000.0	0.07546045887736086
285	50000.0	0.037995209639492315
286	50000.0	0.03527962860386609
287	50000.0	0.04995166283316497
288	50000.0	0.13891531126533702
289	50000.0	0.06878651046226811
290	50000.0	0.05403213726427371
291	50000.0	0.10236760994194638
292	50000.0	0.032125128700402114
293	50000.0	0.060540877394082405
294	50000.0	0.034209011182066554
295	50000.0	0.05293981247509779
296	50000.0	0.08927314175096526
297	50000.0	0.07432272587998234
298	50000.0	0.10670831623132689
299	50000.0	0.07568998658608253
300	50000.0	0.0
301	50000.0	93.13289205682955
302	50000.0	35.3781419351863
303	50000.0	4.092778746052096
304	50000.0	21.782775064964095
305	50000.0	65.05433810801598
306	50000.0	54.4328655851851
307	50000.0	0.0
308	50000.0	23.086190716250933
309	50000.0	15.578647724022238
310	50000.0	0.0
311	50000.0	396.4480133011608
312	50000.0	128.2647587903859
313	50000.0	0.0
314	50000.0	311.18457033036265
315	50000.0	0.0
316	50000.0	29.406235461941698
317	50000.0	0.0
318	50000.0	43.27822655257329
319	50000.0	1000.1643020144753
320	50000.0	290.9838043952893
321	50000.0	0.0
322	50000.0	0.0
323	47543.9	0.0
324	50000.0	412.9304795130535
325	50000.0	217.2109037139572
326	50000.0	117.64271657808509
327	50000.0	53.66521091087806
328	50000.0	7.916282910169284
329	50000.0	72.8169501315751
330	50000.0	0.0
331	50000.0	14.670393319532886
332	50000.0	0.0
333	50000.0	10.413566515796461
334	50000.0	39.07101160521784
335	50000.0	0.0
336	50000.0	263.27486400754754
337	50000.0	14.309962066883532
338	50000.0	42.50471250445945
339	50000.0	2.683534393220063
340	50000.0	0.0
341	50000.0	0.0
342	50000.0	675.0190966400673
343	50000.0	0.0
344	49760.0	0.0
345	50000.0	0.0
346	50000.0	56.88443882911397
347	50000.0	42.2599622420925
348	50000.0	45.86562856903513
349	50000.0	0.0
350	50000.0	1.8941077039414402
351	50000.0	2.039477128780379
352	50000.0	3.428335039293036
353	50000.0	1.2436722355813186
354	50000.0	1.1935017265832901
355	50000.0	3.153604778617327
356	50000.0	2.228163391883709
357	50000.0	1.1647161786341724
358	50000.0	1.7735286790248508
359	50000.0	3.0707443763956594
360	50000.0	1.9225443295364442
361	50000.0	1.3072145925602374
362	50000.0	1.4599416379822796
363	50000.0	1.4252447316365837
364	50000.0	1.6076840388455576
365	50000.0	2.7590410197153235
366	50000.0	2.6020950461096977
367	50000.0	1.4660689036638266
368	50000.0	1.7987170687175074
369	50000.0	1.7484210473861013
370	50000.0	1.548992861804342
371	50000.0	2.8488120600716584
372	50000.0	1.3995014980171419
373	50000.0	3.063101146440184
374	50000.0	4.25586545291943
375	50000.0	2.1220193489009387
376	50000.0	1.0193188044622368
377	50000.0	2.292357138960477
378	50000.0	1.7816808527877472
379	50000.0	1.4455951721478173
380	50000.0	2.4429004705819852
381	50000.0	1.561816710285537
382	50000.0	3.530263211243786
383	50000.0	2.5081717861951716
384	50000.0	1.2236319404150913
385	50000.0	3.003214976778069
386	50000.0	2.0092860193628583
387	50000.0	3.258959286638098
388	50000.0	2.530631303224971
389	50000.0	2.809931915141603
390	50000.0	5.2886295520649895
391	50000.0	2.1880591032175745
392	50000.0	2.111529736481726
393	50000.0	1.7768390403697072
394	50000.0	1.1859359316319718
395	50000.0	1.0035395780460508
396	50000.0	2.577582540705527
397	50000.0	1.3377948097671424
398	50000.0	2.9022252005899665
399	50000.0	2.2085958672493873
400	50000.0	1.2165460541916395
401	50000.0	1.020359703881686
402	50000.0	1.4421132648594532
403	50000.0	1.1797869688578309
404	50000.0	0.636982733527658
405	50000.0	1.3756437926638652
406	50000.0	2.073762542077448
407	50000.0	1.8130261378334336
408	50000.0	0.32626505873993017
409	50000.0	0.21892806239868387
410	50000.0	0.7228647135550972
411	50000.0	1.3667410479371076
412	50000.0	1.489298078762952
413	50000.0	1.3659402232720197
414	50000.0	1.0507624825689308
415	50000.0	2.4095397393521027
416	50000.0	1.1295310739501079
417	50000.0	1.2443591341883602
418	50000.0	1.173496001266702
419	50000.0	2.8246017856924235
420	50000.0	1.0883010950113325
421	50000.0	1.5278754701033488
422	50000.0	2.2392377764312688
423	50000.0	0.6294563001401555
424	50000.0	2.3772236137679625
425	50000.0	1.8215695132662986
426	50000.0	1.9457803567500984
427	50000.0	0.5152438149197607
428	50000.0	0.8802344186535664
429	50000.0	1.6976593131984838
430	50000.0	2.3013717691238336
431	50000.0	1.2218375316458463
432	50000.0	0.8599782831715908
433	50000.0	1.2360748672347508
434	50000.0	1.3214758395320279
435	50000.0	0.8346172093348869
436	50000.0	1.6968191299556843
437	50000.0	1.4471498435405794
438	50000.0	0.874074023099743
439	50000.0	1.9933390513736433
440	50000.0	1.6028285449962598
441	50000.0	1.2343099874999741
442	50000.0	1.2145720071282324
443	50000.0	1.2029355395284138
444	50000.0	2.2608243710584675
445	50000.0	2.9861403193163243
446	50000.0	2.0262686686402067
447	50000.0	1.4722327368802275
448	50000.0	1.2977232670814245
449	50000.0	0.760984831019287
450	50000.0	140.4052158803206
451	50000.0	162.06105709100018
452	50000.0	106.97049373730799
453	50000.0	33.45001105948209
454	50000.0	198.984000563904
455	50000.0	163.07489409879054
456	50000.0	240.576978864712
457	50000.0	328.6567643039236
458	50000.0	238.1540799303637
459	50000.0	256.6668668496785
460	50000.0	32.18326095913017
461	50000.0	112.89853385305085
462	50000.0	24.09265604325448
463	50000.0	65.48038977489932
464	50000.0	402.39986088357284
465	50000.0	88.67417149606133
466	50000.0	83.00101120090315
467	50000.0	65.92822156285459
468	50000.0	129.20138001889723
469	50000.0	497.31522730238214
470	50000.0	129.0590354957687
471	50000.0	312.1854371827929
472	50000.0	98.25494823947818
473	50000.0	40.34623052766987
474	50000.0	29.340147929363617
475	50000.0	148.35187671387249
476	50000.0	41.96766849590023
477	50000.0	351.31306110475106
478	50000.0	155.60060916724723
479	50000.0	203.20864222073646
480	50000.0	73.94478624131132
481	50000.0	123.53503509354223
482	50000.0	168.7276075529499
483	50000.0	162.01033403893123
484	50000.0	40.128378981589734
485	50000.0	256.4625558883013
486	50000.0	96.99033969960436
487	50000.0	135.77437285277648
488	50000.0	52.1130176529522
489	50000.0	193.24310487948722
490	50000.0	45.045819511854965
491	50000.0	41.87008225418192
492	50000.0	88.92570295953138
493	50000.0	97.61646025962682
494	50000.0	49.623668970262145
495	50000.0	359.56960343255065
496	50000.0	104.31181197479006
497	50000.0	115.95015714768844
498	50000.0	139.83595843148794
499	50000.0	44.63104114167819
500	50000.0	7.035440738552242
501	50000.0	4.511931783599864
502	50000.0	2.7841415449446383
503	50000.0	0.9109253748345753
504	50000.0	2.6175943762075415
505	50000.0	1.6440230027115479
506	50000.0	4.551961347607078
507	50000.0	2.316100893861546
508	50000.0	7.121610427621491
509	50000.0	2.0602255070388447
510	50000.0	2.614956252016731
511	50000.0	7.885326685203916
512	50000.0	6.071938074292198
513	50000.0	2.686977877187412
514	50000.0	1.9186832640499525
515	50000.0	4.591324454846718
516	50000.0	2.0281614385705784
517	50000.0	5.922801914896496
518	50000.0	2.177166148882231
519	50000.0	5.006163304314586
520	50000.0	2.6428781862281894
521	50000.0	0.985589104625852
522	50000.0	1.0487593715445178
523	50000.0	1.269335319713426
524	50000.0	13.111138753359626
525	50000.0	4.55692451981552
526	50000.0	4.874997589755507
527	50000.0	3.5684648423844925
528	50000.0	0.7370269465588624
529	50000.0	5.874614623259025
530	50000.0	0.8489168804511928
531	50000.0	2.3464627324573444
532	50000.0	2.7485762949632453
533	50000.0	1.8079776025692513
534	50000.0	1.4616001996431047
535	50000.0	1.2791643783392463
536	50000.0	4.018134502175457
537	50000.0	2.815633541627675
538	50000.0	3.90489175961822
539	50000.0	6.378484851325176
540	50000.0	1.863239045473658
541	50000.0	6.687312516970179
542	50000.0	0.5019016574957034
543	50000.0	6.301766211342203
544	50000.0	3.396150489154139
545	50000.0	6.493037557222046
546	50000.0	6.940980517853985
547	50000.0	1.624071427756757
548	50000.0	0.6868314117822366
549	50000.0	2.96704605600283
550	50000.0	344.18374158016906
551	50000.0	168.31907064707298
552	50000.0	234.92490341343577
553	50000.0	665.2775840817851
554	50000.0	646.7457535633583
555	50000.0	113.60993705206081
556	50000.0	455.02329502127515
557	50000.0	809.3660694849748
558	50000.0	673.1369814853047
559	50000.0	181.70889001328425
560	50000.0	160.54287692524173
561	50000.0	1159.495349161663
562	50000.0	175.43281914129878
563	50000.0	527.7349229124327
564	50000.0	92.95620913893387
565	50000.0	324.8335557398708
566	50000.0	60.91245073496625
567	50000.0	710.047951601168
568	50000.0	172.5439534164487
569	50000.0	284.29023345797816
570	50000.0	253.72410688088243
571	50000.0	896.3952309313969
572	50000.0	748.5073909644981
573	50000.0	186.9987835083492
574	50000.0	281.32590500036224
575	50000.0	858.0021314161089
576	50000.0	599.4536860880079
577	50000.0	267.10243843681445
578	50000.0	607.2337074914542
579	50000.0	1011.6504757167222
580	50000.0	947.1728192189412
581	50000.0	43.821867786192065
582	50000.0	42.26756918799627
583	50000.0	215.15950024016865
584	50000.0	174.59013647722048
585	50000.0	110.47481208645767
586	50000.0	74.9117277294802
587	50000.0	349.9256998891964
588	50000.0	732.7805839644574
589	50000.0	329.88806081631725
590	50000.0	126.56225982150514
591	50000.0	217.0164664434998
592	50000.0	46.93881702636913
593	50000.0	159.12320705163836
594	50000.0	124.6083118751909
595	50000.0	243.9699625178062
596	50000.0	43.3984097232395
597	50000.0	156.11395748983955
598	50000.0	187.7779404589464
599	50000.0	310.4188732569589
600	50000.0	18.556868233074987
601	50000.0	16.48394567149085
602	50000.0	18.274183199481374
603	50000.0	11.722541811922847
604	50000.0	6.963304283939323
605	50000.0	9.471463808353993
606	50000.0	9.677726423733974
607	50000.0	9.488517713475837
608	50000.0	19.431521693390835
609	50000.0	6.658573682581053
610	50000.0	9.442436397885746
611	50000.0	32.2979898049649
612	50000.0	12.557951705145424
613	50000.0	21.05444979503947
614	50000.0	13.991267036045965
615	50000.0	9.185978120635017
616	50000.0	6.694368019382432
617	50000.0	26.7462467455539
618	50000.0	6.499453227519202
619	50000.0	5.694964495785837
620	50000.0	10.528049707483776
621	50000.0	6.633056000027376
622	50000.0	9.899464842751762
623	50000.0	13.526840629935638
624	50000.0	23.286950575601264
625	50000.0	9.2294503005815
626	50000.0	5.9481993726734785
627	50000.0	9.353152094623757
628	50000.0	7.596705017931183
629	50000.0	10.145834524809414
630	50000.0	11.592639693802957
631	50000.0	26.92471771136776
632	50000.0	5.929676746483307
633	50000.0	17.237492428739067
634	50000.0	7.225493112227165
635	50000.0	30.417518933643542
636	50000.0	5.018355749897288
637	50000.0	5.486871364033865
638	50000.0	11.223397593241147
639	50000.0	9.435198997400395
640	50000.0	9.94913724264661
641	50000.0	5.916362663526703
642	50000.0	19.06966265747679
643	50000.0	33.40915840315152
644	50000.0	6.969130603748463
645	50000.0	7.483566165026763
646	50000.0	6.720436815029427
647	50000.0	12.857556121292333
648	50000.0	8.251650319385547
649	50000.0	15.090728013879211
650	50000.0	0.00454893465738204
651	50000.0	0.006471014664837188
652	50000.0	0.005942514043275978
653	50000.0	0.004623091928736596
654	50000.0	0.006566947176952438
655	50000.0	0.007672858899317854
656	50000.0	0.004361754633970977
657	50000.0	0.006289937429768658
658	50000.0	0.0033305049161001603
659	50000.0	0.0051560140615177314
660	50000.0	0.0068204257470651465
661	50000.0	0.006231622161131338
662	50000.0	0.004489236452068066
663	50000.0	0.007553273685711723
664	50000.0	0.00583625535549544
665	50000.0	0.006539542851837471
666	50000.0	0.005084099146880917
667	50000.0	0.007118197740989454
668	50000.0	0.0058140495670668335
669	50000.0	0.007441541936864948
670	50000.0	0.005414996759791936
671	50000.0	0.005541950143488771
672	50000.0	0.005150773594247289
673	50000.0	0.007679616883938767
674	50000.0	0.008937378077883565
675	50000.0	0.005800610679906314
676	50000.0	0.006454100364571884
677	50000.0	0.00488765067160577
678	50000.0	0.005500935670473076
679	50000.0	0.005841381920355125
680	50000.0	0.005380195499069254
681	50000.0	0.005490689629294747
682	50000.0	0.004797211153169068
683	50000.0	0.005693231263503072
684	50000.0	0.005074241974837331
685	50000.0	0.0059123919520378074
686	50000.0	0.0060228855492921885
687	50000.0	0.006275208718421093
688	50000.0	0.006290653336457487
689	50000.0	0.006751269225697859
690	50000.0	0.006741018964695013
691	50000.0	0.006074764232288897
692	50000.0	0.006566163252220263
693	50000.0	0.0048417079004049665
694	50000.0	0.007343815457160866
695	50000.0	0.005928453086584235
696	50000.0	0.007513551426128506
697	50000.0	0.0054871972508395706
698	50000.0	0.007920982297629149
699	50000.0	0.004134893429482833
700	50000.0	4.582819099647634
701	50000.0	9.093388776667574
702	50000.0	11.509022591053428
703	50000.0	7.698807947655277
704	50000.0	13.246657476436194
705	50000.0	7.042364681721305
706	50000.0	8.616877617219895
707	50000.0	4.53115013152623
708	50000.0	14.182790157768789
709	50000.0	8.507385763121379
710	50000.0	8.551454163492272
711	50000.0	3.459047442263409
712	50000.0	5.7670814184197505
713	50000.0	11.054738093568101
714	50000.0	8.70892442362545
715	50000.0	5.976516983346356
716	50000.0	7.407110421577575
717	50000.0	5.513663016452498
718	50000.0	6.010680308282001
719	50000.0	7.651424353596658
720	50000.0	5.170407848777274
721	50000.0	7.119509559905238
722	50000.0	7.5034890346830325
723	50000.0	5.84745900360938
724	50000.0	8.807125124705596
725	50000.0	6.435314627418906
726	50000.0	5.90801313456238
727	50000.0	12.9139987485289
728	50000.0	6.818299694883092
729	50000.0	5.335545887453307
730	50000.0	4.928517789915025
731	50000.0	12.150384849346235
732	50000.0	17.40862375882761
733	50000.0	8.339832472192736
734	50000.0	9.202187000860745
735	50000.0	8.218040238493911
736	50000.0	11.922399808089057
737	50000.0	7.23970381804355
738	50000.0	6.137899566206035
739	50000.0	7.247266017096729
740	50000.0	9.047188447127981
741	50000.0	10.437015292615143
742	50000.0	6.831109273093711
743	50000.0	9.576201324940843
744	50000.0	5.859570431193137
745	50000.0	9.86025180310435
746	50000.0	9.983691437729458
747	50000.0	4.3325301031048085
748	50000.0	7.98835450113863
749	50000.0	10.576548031359795
750	50000.0	4.339211222143214
751	50000.0	4.432563397439046
752	50000.0	3.1126796564851618
753	50000.0	4.092943523078711
754	50000.0	5.47943897215278
755	50000.0	4.430026435140104
756	50000.0	3.8598378396155746
757	50000.0	2.798672437202227
758	50000.0	5.518960983531217
759	50000.0	5.8080553558579355
760	50000.0	3.9687122314945698
761	50000.0	7.173041920743468
762	50000.0	2.8534219590353054
763	50000.0	5.737544431584289
764	50000.0	6.534356744174106
765	50000.0	2.624152524516615
766	50000.0	3.237671283506792
767	50000.0	5.688433671235079
768	50000.0	4.4966442188967495
769	50000.0	4.79149327709423
770	50000.0	6.601612696564649
771	50000.0	4.598729236488671
772	50000.0	4.705521924059291
773	50000.0	5.007843272369813
774	50000.0	5.994253732998584
775	50000.0	2.4954357717421045
776	50000.0	6.262084186049845
777	50000.0	5.472902187899409
778	50000.0	4.3457054533256905
779	50000.0	5.386555632132664
780	50000.0	4.337161514138325
781	50000.0	4.541882728460918
782	50000.0	7.705305825385599
783	50000.0	4.2650686820008925
784	50000.0	4.625241488176857
785	50000.0	5.264406847670719
786	50000.0	2.59757690151913
787	50000.0	5.298366845515879
788	50000.0	2.9705847429756447
789	50000.0	7.477258125457389
790	50000.0	5.905432785965656
791	50000.0	2.7608331530024715
792	50000.0	8.919108441336949
793	50000.0	2.7612068818719955
794	50000.0	5.126888002887763
795	50000.0	3.197165904876172
796	50000.0	5.484671243074432
797	50000.0	4.367544814983262
798	50000.0	6.409976364747668
799	50000.0	2.9370531917391105
800	50000.0	5.360539627163822
801	50000.0	7.303768251054747
802	50000.0	3.1180088612923145
803	50000.0	6.679465388715199
804	50000.0	12.3607198385674
805	50000.0	5.759560876845297
806	50000.0	5.249287347770425
807	50000.0	6.223316128545852
808	50000.0	7.498776399888522
809	50000.0	14.6885880132469
810	50000.0	7.694573694174092
811	50000.0	9.327613229701155
812	50000.0	9.525983639589484
813	50000.0	9.13610863324706
814	50000.0	9.487039678295378
815	50000.0	7.248271658540148
816	50000.0	15.801207862447507
817	50000.0	8.560131877663418
818	50000.0	9.393517661444257
819	50000.0	10.343217313046758
820	50000.0	7.03526807443087
821	50000.0	9.285428026811767
822	50000.0	6.758867566075098
823	50000.0	2.8015855956374116
824	50000.0	7.228521079146868
825	50000.0	7.4840582269204905
826	50000.0	7.612281431779119
827	50000.0	3.469436514965743
828	50000.0	6.761840293252421
829	50000.0	4.1786351338132315
830	50000.0	5.5754825139059925
831	50000.0	7.672699862925033
832	50000.0	4.796776885054084
833	50000.0	4.391902428693029
834	50000.0	2.3659842381513294
835	50000.0	3.309808928635777
836	50000.0	8.961742462049505
837	50000.0	4.585756483415144
838	50000.0	13.79524241417127
839	50000.0	3.1743101854292877
840	50000.0	6.083886249843021
841	50000.0	5.449090776577657
842	50000.0	7.979720170087719
843	50000.0	4.762685124447999
844	50000.0	6.126427757023996
845	50000.0	15.146051362076307
846	50000.0	9.382795150339437
847	50000.0	7.169367386838592
848	50000.0	6.686214313534298
849	50000.0	6.73536423779944
850	50000.0	22.31597595922551
851	50000.0	29.115271773710695
852	50000.0	6.9389807474100165
853	50000.0	26.71712932976403
854	50000.0	37.28105438202677
855	50000.0	20.269102936030155
856	50000.0	22.531795084249516
857	50000.0	28.073706437944743
858	50000.0	30.96324546934607
859	50000.0	54.556201468953375
860	50000.0	27.271061553619383
861	50000.0	37.80058614413522
862	50000.0	22.302361141089523
863	50000.0	27.763199076992482
864	50000.0	33.666207803084276
865	50000.0	21.65531794508995
866	50000.0	50.68099182985604
867	50000.0	24.987866719779838
868	50000.0	26.45504989323491
869	50000.0	23.362143148380397
870	50000.0	30.4202932878621
871	50000.0	37.39494786545326
872	50000.0	16.483683516463145
873	50000.0	13.314742597902796
874	50000.0	20.254825186766446
875	50000.0	17.041772033151002
876	50000.0	15.654894607370812
877	50000.0	10.631092188952877
878	50000.0	25.947513002971654
879	50000.0	12.608124341216168
880	50000.0	20.444707027400874
881	50000.0	29.122390536080832
882	50000.0	19.914040781867662
883	50000.0	12.734865289593063
884	50000.0	9.475578384232234
885	50000.0	12.594220828103527
886	50000.0	33.00200275228188
887	50000.0	19.16218426423093
888	50000.0	44.0149462845263
889	50000.0	14.934647851982016
890	50000.0	17.778046831313684
891	50000.0	24.117784190673838
892	50000.0	21.40715339766424
893	50000.0	18.289882506382106
894	50000.0	26.31756938444205
895	50000.0	48.67024267020173
896	50000.0	27.675312007073963
897	50000.0	23.751290349969977
898	50000.0	18.74887441357841
899	50000.0	23.659098165588894
900	50000.0	0.19115933172572638
901	50000.0	0.3500122820434493
902	50000.0	0.32677472189403434
903	50000.0	0.31159201866721575
904	50000.0	0.3633073478759785
905	50000.0	0.27029965968006736
906	50000.0	0.4168939399561051
907	50000.0	0.2634658767372537
908	50000.0	0.4131070866032024
909	50000.0	0.1526071160973693
910	50000.0	0.37658880067981854
911	50000.0	0.1697468538177917
912	50000.0	0.20021715169946397
913	50000.0	0.35318832954865564
914	50000.0	0.21985775596209683
915	50000.0	0.7679769975066274
916	50000.0	0.19549242063044298
917	50000.0	0.28871828659065174
918	50000.0	0.17674704015400824
919	50000.0	0.3346740579776803
920	50000.0	0.44723173721495846
921	50000.0	0.4564944422982203
922	50000.0	0.16129513347774385
923	50000.0	0.16652439286737925
924	50000.0	0.38667809474522946
925	50000.0	0.3938884161922086
926	50000.0	0.2995241496413298
927	50000.0	0.19182277842631557
928	50000.0	0.33252883758209
929	50000.0	0.4017200556649646
930	50000.0	0.298824091450469
931	50000.0	0.19206694252361647
932	50000.0	0.29264332127633497
933	50000.0	0.28404715490275906
934	50000.0	0.3500228363933477
935	50000.0	0.24487779789356168
936	50000.0	0.19076307000804532
937	50000.0	0.1858113471368034
938	50000.0	0.19560381986030287
939	50000.0	0.2646658648717265
940	50000.0	0.4720586405785239
941	50000.0	0.35025522583461105
942	50000.0	0.3719835862219556
943	50000.0	0.3924468076821931
944	50000.0	0.2113806047994487
945	50000.0	0.23918664461178807
946	50000.0	0.2991785417149444
947	50000.0	0.22575060083421478
948	50000.0	0.35470665551769487
949	50000.0	0.22265529048209293
950	50000.0	1.1917242816305769
951	50000.0	1.256692122215805
952	50000.0	1.2796235718168265
953	50000.0	1.3168583951618709
954	50000.0	1.2532920427384915
955	50000.0	1.0337026815490578
956	50000.0	1.0741537193690247
957	50000.0	1.2893872294745543
958	50000.0	1.1608875295812084
959	50000.0	1.1712844034218424
960	50000.0	1.204359030291283
961	50000.0	1.2789001008281273
962	50000.0	1.203503105128237
963	50000.0	1.255780596265635
964	50000.0	1.266534786749605
965	50000.0	1.2542755555527543
966	50000.0	1.2239973361164629
967	50000.0	1.3593594990493068
968	50000.0	1.2965591606835276
969	50000.0	1.2501508688304814
970	50000.0	1.1902376888862722
971	50000.0	1.3315097602631307
972	50000.0	1.152427706419309
973	50000.0	1.2206297938871429
974	50000.0	1.244811639142515
975	50000.0	0.9667815221302363
976	50000.0	1.2644623899407001
977	50000.0	1.1410607341878913
978	50000.0	1.230180966053022
979	50000.0	1.3376663493708727
980	50000.0	1.2042659997817304
981	50000.0	1.1862139527360807
982	50000.0	1.2121622876540497
983	50000.0	1.273902085794766
984	50000.0	1.4406939118065982
985	50000.0	1.2014405629517342
986	50000.0	1.1810029019819024
987	50000.0	1.310815309222153
988	50000.0	1.1533065268013094
989	50000.0	1.3415642110439663
990	50000.0	1.2627620718803478
991	50000.0	1.4978228881786835
992	50000.0	1.0363360531133075
993	50000.0	1.157898039020366
994	50000.0	1.2627620718803478
995	50000.0	1.212275094036881
996	50000.0	1.1358795949769636
997	50000.0	1.1402497897365749
998	50000.0	1.2675247491631576
999	50000.0	1.0874777556749935
1000	50000.0	3.154401060220194
1001	50000.0	1.2652102165297623
1002	50000.0	4.561852059238461
1003	50000.0	2.7955554830537266
1004	50000.0	1.32255836112648
1005	50000.0	2.455626343975943
1006	50000.0	2.825731776641604
1007	50000.0	2.048255939668276
1008	50000.0	3.0328768243432185
1009	50000.0	3.208194100932082
1010	50000.0	2.343533099257651
1011	50000.0	2.1285788955292047
1012	50000.0	2.1273940934788618
1013	50000.0	3.442495929210731
1014	50000.0	1.9425457266904576
1015	50000.0	3.575522402957871e-05
1016	50000.0	1.2568515123277846
1017	50000.0	0.28562714233069125
1018	50000.0	1.9970482842957733
1019	50000.0	2.5322504971722584
1020	50000.0	2.2643031681223427
1021	50000.0	2.8694623164023967
1022	50000.0	2.8136601401876775
1023	50000.0	1.259668996062556
1024	50000.0	1.666910900234917
1025	50000.0	0.5144907471534591
1026	50000.0	2.9284115950536025
1027	50000.0	0.6257031865785027
1028	50000.0	4.434366820088458
1029	50000.0	0.8798835081539288
1030	50000.0	0.5493090916137588
1031	50000.0	2.3842319404130126
1032	50000.0	2.3437096413429033
1033	50000.0	4.145672937933074
1034	50000.0	3.1452622232619785
1035	50000.0	1.5700318202437956e-05
1036	50000.0	1.671588454990916e-05
1037	50000.0	2.597722854684296
1038	50000.0	0.09392359155101097
1039	50000.0	1.7881186836670846
1040	50000.0	1.5816475749329775
1041	50000.0	1.3484021288385277
1042	50000.0	4.0814069067464205
1043	50000.0	2.369433064686228
1044	50000.0	0.807286227965375
1045	50000.0	1.9502685747603934
1046	50000.0	1.458642237640094
1047	50000.0	1.4222977716722962
1048	50000.0	3.036436650280053
1049	50000.0	2.462182340078596
1050	50000.0	3.29306095146858
1051	50000.0	0.0004121587516632116
1052	50000.0	0.20117571335758178
1053	50000.0	0.7767124946169333
1054	50000.0	4.652433615476577
1055	50000.0	2.039900501267934
1056	50000.0	2.0127541945475893
1057	50000.0	1.5095626116516923
1058	50000.0	4.639760877008151
1059	50000.0	1.2743473865246941
1060	50000.0	0.6869417726092
1061	50000.0	2.4420599714535447
1062	50000.0	1.5833350236255597
1063	50000.0	1.9585525232122216
1064	50000.0	5.697641989673593
1065	50000.0	1.5029410101911163
1066	50000.0	1.272434041081156
1067	50000.0	2.4931882675119126
1068	50000.0	3.047696663874916
1069	50000.0	4.772263210956947
1070	50000.0	0.00043173730201288596
1071	50000.0	2.217322038211219
1072	50000.0	1.9756813772549804
1073	50000.0	10.104381970304132
1074	50000.0	1.8048624802717121
1075	50000.0	4.203499524616886
1076	50000.0	2.4474686467933555
1077	50000.0	0.00017801883975982212
1078	50000.0	0.0009680439588497858
1079	50000.0	1.0134014488970355
1080	50000.0	5.051846130298041
1081	50000.0	1.6738519857438128
1082	50000.0	1.7323281935332697
1083	50000.0	0.00016176153812204138
1084	50000.0	2.2635459238088615
1085	50000.0	1.476626191638307
1086	50000.0	0.19445553122044193
1087	50000.0	0.6952738094095117
1088	50000.0	0.7029786477247575
1089	50000.0	5.526280977844371
1090	50000.0	1.5235782714459254
1091	50000.0	0.2672819542461491
1092	50000.0	3.2754221000342527
1093	50000.0	0.14159330168241563
1094	50000.0	1.3190938796594005
1095	50000.0	0.16846187056938178
1096	50000.0	0.5894946253211024
1097	50000.0	0.6773551498421473
1098	50000.0	5.599230308775577e-05
1099	50000.0	4.323395587071783
1100	50000.0	1.4495642981555075
1101	50000.0	1.0992131129641312
1102	50000.0	1.378233815112886
1103	50000.0	1.3146524705772447
1104	50000.0	1.6147049322698368
1105	50000.0	1.2310615668659228
1106	50000.0	1.426400486274067
1107	50000.0	1.2126657316351517
1108	50000.0	1.3436723216946707
1109	50000.0	1.4479665336240628
1110	50000.0	1.3990820341429147
1111	50000.0	1.2911850518270236
1112	50000.0	1.4437608776276156
1113	50000.0	1.117662984682466
1114	50000.0	1.19727622882756
1115	50000.0	1.220701704840133
1116	50000.0	1.3996511073859714
1117	50000.0	1.3719475499799407
1118	50000.0	1.4978904475737846
1119	50000.0	1.3058729873086483
1120	50000.0	1.0971190184171462
1121	50000.0	1.3101980363348384
1122	50000.0	1.2520918445602687
1123	50000.0	1.436838929804022
1124	50000.0	1.3172190564779664
1125	50000.0	1.3837773251621148
1126	50000.0	1.7468572868099905
1127	50000.0	1.064725595176386
1128	50000.0	1.2811239816209725
1129	50000.0	1.6294388934205997
1130	50000.0	1.408846650063811
1131	50000.0	1.184542400160693
1132	50000.0	1.5463365487264664
1133	50000.0	1.111644198475702
1134	50000.0	1.484887101429443
1135	50000.0	1.2899667804628066
1136	50000.0	1.262748362582051
1137	50000.0	1.302560877674437
1138	50000.0	1.4705062072731794
1139	50000.0	1.4995406072087423
1140	50000.0	2.3365459754757563
1141	50000.0	1.299236069170399
1142	50000.0	1.5606445011946664
1143	50000.0	1.2908267131394635
1144	50000.0	1.4855931335909758
1145	50000.0	1.3528369428180846
1146	50000.0	1.163297686028528
1147	50000.0	1.6121724645108113
1148	50000.0	1.2741477388647424
1149	50000.0	1.3494400322199476
1150	50000.0	9.421529794214933
1151	50000.0	11.054301948210158
1152	50000.0	8.45120957778721
1153	50000.0	5.666606163011664
1154	50000.0	7.963297530318712
1155	50000.0	3.6507673794407944
1156	50000.0	4.379887361887631
1157	50000.0	10.933373002575422
1158	50000.0	9.619520081265984
1159	50000.0	9.769969965582712
1160	50000.0	10.152715953400024
1161	50000.0	11.834312377254477
1162	50000.0	13.43588684577062
1163	50000.0	7.619767683808814
1164	50000.0	6.69451497346879
1165	50000.0	7.031876274841895
1166	50000.0	3.7559346004572185
1167	50000.0	5.258392093267436
1168	50000.0	10.8306080024741
1169	50000.0	5.054592578957272
1170	50000.0	9.512764987379658
1171	50000.0	5.104034259130047
1172	50000.0	4.275160655363473
1173	50000.0	12.18552435129738
1174	50000.0	9.797269961156857
1175	50000.0	8.372037546758056
1176	50000.0	4.041583440478139
1177	50000.0	4.15383976286742
1178	50000.0	9.716591486195298
1179	50000.0	5.793118673025016
1180	50000.0	8.69470403923854
1181	50000.0	8.91059784601966
1182	50000.0	4.022774238972908
1183	50000.0	11.271242759255086
1184	50000.0	6.592485507956217
1185	50000.0	9.60103373882993
1186	50000.0	12.509667799269467
1187	50000.0	10.104867826973052
1188	50000.0	6.509194668690517
1189	50000.0	8.230615567309602
1190	50000.0	5.713300940450974
1191	50000.0	8.8064220650017
1192	50000.0	4.4603405883137475
1193	50000.0	12.970678183348053
1194	50000.0	12.188819562721502
1195	50000.0	6.9055341499721905
1196	50000.0	5.181071273724325
1197	50000.0	4.563903269376882
1198	50000.0	11.195652453761824
1199	50000.0	9.026147356807925
