	0	1
0	6930.2	7.3807286224766425e-09
1	6263.6	6.450826975818684e-09
2	13554.7	0.0007991209088940972
3	10971.9	0.00048536495094158026
4	11119.4	3.8898043358985976e-08
5	6789.4	7.027730426771555e-09
6	6310.1	6.650936093552588e-09
7	6044.3	7.983566371588887e-09
8	13643.0	0.00023885725090822197
9	11353.9	0.0003020158393519412
10	10713.8	6.937785015314353e-08
11	10779.7	0.0004786022736663776
12	6448.7	8.286800023704997e-09
13	10819.0	1.4289382209775705e-07
14	6380.5	5.586446432479127e-09
15	6471.6	8.039532856683793e-09
16	9757.8	6.933999968093836e-09
17	7139.9	6.408957577261137e-09
18	6758.3	6.23705882348045e-09
19	6406.4	6.234942426026476e-09
20	11428.1	0.0005799435012766248
21	10647.7	2.0863093138181e-08
22	6907.0	7.092088005642377e-09
23	6407.0	7.566082838241729e-09
24	14043.1	0.001966767398697054
25	7215.2	7.120665453125664e-09
26	8174.2	7.596739643846684e-09
27	11830.4	7.726422482438476e-09
28	6484.0	6.619101106466169e-09
29	6521.0	7.637095207522668e-09
30	6187.7	6.727394536021894e-09
31	7253.6	7.958699433793283e-09
32	6575.8	6.861794174904375e-09
33	11199.2	3.3499289968648965e-07
34	11070.2	9.115844511269803e-08
35	9011.3	7.059827538770298e-09
36	6523.0	7.723784401677593e-09
37	6672.7	6.209419830709708e-09
38	14487.6	0.013903631977011655
39	6766.4	7.314083705062288e-09
40	7085.1	6.3187010839168395e-09
41	6658.1	6.998056967015049e-09
42	7504.5	6.14829941989838e-09
43	15232.8	0.0014302751280639912
44	6578.3	7.795210248403247e-09
45	6713.2	7.154173067356217e-09
46	15199.7	0.0062486523786128186
47	6632.1	6.8329495747099896e-09
48	6288.2	6.8964399093511765e-09
49	9911.9	6.230893688915183e-09
50	50000.0	357.5953373322209
51	50000.0	36.59150421335181
52	50000.0	705.377291322037
53	50000.0	575.7552105156253
54	50000.0	115.99820848963816
55	50000.0	145.22356405651706
56	50000.0	8.63061241892544
57	50000.0	1738.7995829414697
58	50000.0	392.998175826703
59	50000.0	791.7812601872583
60	50000.0	353.9063593306115
61	50000.0	1695.2678558392236
62	50000.0	13.41634090193887
63	50000.0	888.8469336360265
64	50000.0	407.65921987590775
65	50000.0	4828.836590565061
66	50000.0	145.64650700669617
67	50000.0	533.0844084901139
68	50000.0	92.9887764201639
69	50000.0	1237.0252695598845
70	50000.0	620.3427242332524
71	50000.0	666.0739510824935
72	50000.0	1090.4511855903334
73	50000.0	1761.1935050967884
74	50000.0	3174.20831922329
75	50000.0	4065.915005525729
76	50000.0	503.1206999190041
77	50000.0	2041.2858813137268
78	50000.0	1039.4827879975471
79	50000.0	3978.3780277308556
80	50000.0	2.5103414677170663
81	50000.0	869.8553880380166
82	50000.0	865.9633369384082
83	50000.0	5.314137209205847
84	50000.0	7.980766768969228
85	50000.0	789.6977610975114
86	50000.0	1837.9679587629093
87	50000.0	1346.1312155911644
88	50000.0	1681.4922623528812
89	50000.0	723.2029923918577
90	50000.0	324.23486403389603
91	50000.0	55.1104798582193
92	50000.0	8.04924274759585
93	50000.0	1326.361140633022
94	50000.0	671.1616263062464
95	50000.0	2977.740175608137
96	50000.0	86.04011866475375
97	50000.0	2144.984212636201
98	50000.0	6696.767815368432
99	50000.0	1213.3146046010388
100	50000.0	5.671262595344375
101	50000.0	7.362684480573807
102	50000.0	3.9799062096904665
103	50000.0	4.676301013643899
104	50000.0	5.472267050935465
105	50000.0	4.189875816380672
106	50000.0	5.612838513241442
107	50000.0	5.572847719720013
108	50000.0	5.571762238890147
109	50000.0	5.770754461544646
110	50000.0	6.077375646611203
111	50000.0	8.258146558132422
112	50000.0	3.6934297584860483
113	50000.0	4.90398034718523
114	50000.0	6.268247697888185
115	50000.0	5.671286462855219
116	50000.0	6.624432595223172
117	50000.0	3.9798565108657185
118	50000.0	4.87532710964545
119	50000.0	2.984875659934647
120	50000.0	4.3778173323141765
121	50000.0	4.3778184849778174
122	50000.0	5.671260148119377
123	50000.0	6.168734555922822
124	50000.0	3.880338307536293
125	46217.9	5.473918190512615
126	50000.0	4.278321930420765
127	50000.0	5.870250367252848
128	50000.0	5.871684042299786
129	50000.0	4.278321718562755
130	50000.0	5.5717676970337315
131	50000.0	6.268235505979703
132	50000.0	4.775800866399739
133	50000.0	10.118979220438685
134	50000.0	5.173782224448486
135	50000.0	8.457802790965944
136	50000.0	5.770777891792105
137	50000.0	4.974791255212702
138	50000.0	4.079330118955303
139	50000.0	9.352598091780091
140	50000.0	6.468020789823048
141	46395.1	5.074287665451652
142	50000.0	4.377817836122855
143	50000.0	3.6857921242570675
144	50000.0	6.268238921522046
145	46223.2	2.9891327029604002
146	50000.0	3.581850590444172
147	50000.0	7.865438702112668
148	50000.0	5.561768599633897
149	50000.0	6.145134696731569
150	50000.0	7.563973868580073
151	50000.0	9.94957342417333
152	50000.0	7.507397987872912
153	50000.0	5.969749808542123
154	50000.0	8.556643565869813
155	50000.0	8.158653175876493
156	50000.0	5.969750009076448
157	50000.0	4.875296357065684
158	50000.0	7.064240690079127
159	50000.0	7.263191535839593
160	50000.0	8.158653175875575
161	50000.0	16.8637309225841
162	50000.0	10.347558562907558
163	50000.0	8.457133808142016
164	50000.0	10.845038875078863
165	50000.0	10.944555772551858
166	50000.0	9.85008068690873
167	50000.0	6.666218625582094
168	50000.0	7.163697944083711
169	50000.0	8.556631733516541
170	50000.0	7.860182563095163
171	50000.0	6.367732927577995
172	50000.0	6.367731916476455
173	50000.0	14.128379224630777
174	50000.0	8.954613336689922
175	50000.0	5.57340220855221
176	50000.0	8.457177081210956
177	50000.0	5.173790105117001
178	50000.0	7.163695630195164
179	50000.0	6.069246251406691
180	50000.0	7.860167260080179
181	50000.0	7.163691068781246
182	50000.0	8.656134220968937
183	50000.0	10.745539158504476
184	50000.0	10.646043756724543
185	50000.0	10.549767494814132
186	50000.0	8.963227453371687
187	50000.0	7.661178190978215
188	50000.0	2.9848771713188107
189	50000.0	9.352601525515855
190	50000.0	9.452129061558631
191	50000.0	6.566724739018525
192	50000.0	9.575874058285372
193	50000.0	7.661173647328793
194	50000.0	6.467431283293257
195	50000.0	6.467228833435189
196	50000.0	8.25815302220363
197	50000.0	5.628992951986889
198	50000.0	6.367732927611772
199	50000.0	9.40193025594131
200	102.8	0.0
201	114.3	0.0
202	101.8	0.0
203	109.6	0.0
204	105.8	0.0
205	95.5	0.0
206	96.5	0.0
207	105.8	0.0
208	110.5	0.0
209	95.3	0.0
210	108.4	0.0
211	111.9	0.0
212	115.8	0.0
213	114.3	0.0
214	101.6	0.0
215	110.6	0.0
216	109.6	0.0
217	102.8	0.0
218	92.8	0.0
219	105.8	0.0
220	106.0	0.0
221	97.8	0.0
222	92.8	0.0
223	99.8	0.0
224	109.8	0.0
225	103.1	0.0
226	98.2	0.0
227	105.8	0.0
228	97.8	0.0
229	101.6	0.0
230	103.1	0.0
231	102.2	0.0
232	96.5	0.0
233	100.7	0.0
234	97.8	0.0
235	90.1	0.0
236	114.4	0.0
237	115.8	0.0
238	110.6	0.0
239	99.8	0.0
240	101.8	0.0
241	110.5	0.0
242	95.3	0.0
243	105.8	0.0
244	98.8	0.0
245	92.8	0.0
246	99.8	0.0
247	110.5	0.0
248	112.2	0.0
249	108.4	0.0
250	9273.0	9.50150576795088e-10
251	8496.2	1.0463752712265764e-09
252	9152.3	8.811297553359965e-10
253	9000.4	9.899736640770283e-10
254	9324.7	1.044317751702678e-09
255	13331.7	8.354952070757329e-10
256	11484.6	9.448215421899293e-10
257	12854.9	6.709162287888785e-07
258	11668.3	0.0595662840518378
259	10919.9	8.16377581852972e-10
260	8172.4	8.642305775649672e-10
261	10967.2	8.110673749385357e-10
262	8906.6	8.976893687976606e-10
263	8844.5	9.461652764673808e-10
264	9803.4	8.593858406973192e-10
265	8628.5	9.087209653796403e-10
266	11024.0	8.016812597295607e-10
267	9291.4	9.447652081180328e-10
268	13790.5	1.0564997352769214e-09
269	9482.8	9.252709728386071e-10
270	9639.2	9.252834953514964e-10
271	8701.7	9.64915341502024e-10
272	8267.7	9.034438286568047e-10
273	12453.5	8.745875138324149e-10
274	8501.5	9.244170651316643e-10
275	12217.7	8.651915405218636e-10
276	14623.6	6.736485230532212e-08
277	8059.7	8.351223825895872e-10
278	7924.3	8.969707324440048e-10
279	12906.1	3.27596047373006e-05
280	13262.7	7.975241735618708e-10
281	9917.8	8.400790178041218e-10
282	11472.1	8.249538577226272e-10
283	7501.2	8.969633723318441e-10
284	7803.7	8.582769525916605e-10
285	7270.1	9.461568295857075e-10
286	7674.6	9.062503136050794e-10
287	10585.2	8.91400145534892e-10
288	10658.9	7.64560076541648e-10
289	17193.4	2.4062723761235048
290	10025.2	9.085370401203768e-10
291	15046.8	8.167317254763367e-10
292	7092.9	9.220884202656049e-10
293	14706.6	9.568114524832164e-10
294	8028.9	9.539303266195046e-10
295	9642.2	9.437222666397706e-10
296	13539.3	0.6119972005383785
297	8870.4	9.49708989855328e-10
298	20522.1	1.7347504857254896
299	12529.9	8.922510167497375e-10
300	12050.5	0.0
301	50000.0	93.30673048801961
302	50000.0	35.36305531035932
303	50000.0	3.8579931764855204
304	50000.0	21.771064652725077
305	50000.0	64.81265153662338
306	50000.0	54.07000000402204
307	16791.3	0.0
308	50000.0	22.683402291840668
309	50000.0	15.542383285154205
310	7142.4	0.0
311	50000.0	396.1389859034578
312	50000.0	128.17242955553365
313	31005.3	0.0
314	50000.0	311.0439264352807
315	32473.2	0.0
316	50000.0	29.260000005393334
317	38108.5	0.0
318	50000.0	43.190000006556936
319	50000.0	1000.0160705770668
320	50000.0	290.9700000043775
321	36965.4	0.0
322	8610.7	0.0
323	15470.5	0.0
324	50000.0	412.9584278647273
325	50000.0	216.94000000569804
326	50000.0	117.52247483834007
327	50000.0	53.48000000562979
328	50000.0	7.7800000042972
329	50000.0	72.78957912736338
330	13202.2	0.0
331	50000.0	14.650000004299557
332	18873.3	0.0
333	50000.0	10.21000000462417
334	50000.0	39.43230967708159
335	4333.8	0.0
336	50000.0	263.2550740679391
337	50000.0	14.19092071970764
338	50000.0	42.44537798902627
339	50000.0	2.545434509143633
340	9310.8	0.0
341	10382.1	0.0
342	50000.0	675.2432404567501
343	12639.1	0.0
344	15923.7	0.0
345	16826.8	0.0
346	50000.0	56.82653065326716
347	50000.0	42.22769974054417
348	50000.0	45.7900000038526
349	10367.9	0.0
350	25068.9	0.39308398098936087
351	27775.2	4.259019489337392
352	31067.9	1.179753947995026
353	23215.0	0.5426115569131501
354	23942.5	0.39308395779547567
355	28399.8	9.636473104347537
356	18054.1	0.39308394935509283
357	19871.2	1.3169170078659108e-06
358	32067.0	0.3930839531423318
359	22285.6	0.3930839498838218
360	28946.0	0.9335652098627196
361	24484.1	2.1882362561853754
362	23898.9	1.9259400177554946e-08
363	22235.3	0.01649308451947349
364	20266.9	0.34236662252997846
365	26679.5	1.3151663212296478
366	22273.2	0.7861823191351137
367	23541.5	1.1201428327096756
368	32720.0	0.39308401311074775
369	30171.1	1.572335779357403
370	30203.8	1.820871122365507
371	21354.9	1.142455192633833
372	15720.0	7.23131851543797e-09
373	23942.8	0.3930839511852918
374	28620.7	1.5898984248049925
375	30616.0	0.1448174038529902
376	29787.6	1.0313094033972365
377	28512.0	4.515597374531255
378	16122.9	2.305579219076715e-08
379	25537.3	1.5305870027718955
380	28742.6	0.7120766905528041
381	26962.4	3.13512952832096
382	30579.8	2.441472222036097
383	30500.7	0.004628714613787585
384	28019.0	2.4166469855313255
385	35973.1	4.81978364260341
386	24451.4	2.1439710063847937
387	27297.0	0.8309693382667394
388	28439.0	3.1209772050359117
389	29300.8	1.1792518346587713
390	34608.0	1.633761387819553
391	28259.2	1.516805988542046
392	29790.4	2.9237289037301606
393	16688.9	7.31555467626908e-05
394	19086.9	6.66381212510185e-09
395	19138.6	0.5851061531750724
396	26828.9	0.5551089925899555
397	24809.5	0.09395865823915013
398	29189.0	2.0545156791932073
399	30166.8	4.9540040239030176e-05
400	25595.1	1.1195456293852248
401	14400.5	7.815851854973743e-09
402	25147.6	1.0840949453320319
403	15754.5	9.554948510529288e-08
404	22190.9	7.334172741477677e-08
405	21572.2	0.7861678936504977
406	24720.6	2.0310412624127823
407	38548.8	0.8452724405299241
408	17243.5	3.456480131044893e-07
409	20998.8	1.0392402352001676e-08
410	27321.5	1.0140457045111327e-08
411	17507.9	7.601168426456803e-09
412	30527.9	0.9890655863937485
413	19641.4	0.28277527871472474
414	18733.8	7.14236416312006e-09
415	18284.3	0.002028644582443499
416	14225.9	6.561728632308136e-09
417	30714.7	0.581348078160669
418	28538.0	0.005685908491503146
419	21589.0	0.7025799076439616
420	28307.5	2.593170525975086e-08
421	20730.4	8.831523713855112e-05
422	21718.4	1.3609363625382285
423	22292.5	0.31844312890278903
424	31512.0	0.8207044610461753
425	33605.7	1.29510708381274
426	21477.6	2.4901071599372304e-06
427	30643.6	0.4387538624995475
428	21671.1	1.812170357119733
429	35225.4	0.5799994611522661
430	15260.9	8.982818835635417e-09
431	26488.6	2.0482784086376067
432	34818.3	3.4042557445433166e-07
433	18537.6	1.0793337707927113e-05
434	16446.0	4.19552055173714e-08
435	21713.9	0.0939213241026869
436	18187.9	4.416311844675915e-06
437	19614.7	0.4296978285920887
438	26092.4	0.9071856478378152
439	16195.8	0.3930839506818943
440	20611.3	0.3908690253567484
441	24734.9	0.031168399427836967
442	21138.0	1.1080060794429991
443	31246.7	1.2054096853062917
444	30353.0	0.3932262852256784
445	32113.5	0.7861680435230686
446	30166.3	0.39308493450735027
447	23614.7	0.39427780784955574
448	22596.6	0.5679256973655555
449	22131.0	0.39317815271099665
450	50000.0	12.765983316366823
451	50000.0	7.492157481440225
452	50000.0	13.779032389923643
453	50000.0	114.07690942570466
454	50000.0	1999.3302031374083
455	50000.0	8.467323210929441
456	50000.0	338.85311897939033
457	50000.0	1.7926875943172171
458	50000.0	82.4235262329656
459	50000.0	161.8601177812584
460	50000.0	55.88902938590426
461	50000.0	14.369986392657811
462	50000.0	103.82154227462271
463	50000.0	13.887144675962901
464	50000.0	145.24033970330788
465	50000.0	61.61600072717134
466	50000.0	10.872442799098348
467	50000.0	102.099667577708
468	50000.0	7.740418587307175
469	50000.0	1.1470194066783528
470	50000.0	11.164553389162666
471	50000.0	2.7130058601020317
472	50000.0	13.398091485148058
473	50000.0	7.144744649901727
474	50000.0	30.908249617537034
475	50000.0	19.680038439315638
476	50000.0	21.499290292053743
477	50000.0	255.94613070180108
478	50000.0	55.661671384598336
479	50000.0	8.433443722335303
480	50000.0	4.167244081757798
481	50000.0	21.118887205664045
482	50000.0	5.906125535498217
483	50000.0	33.8172989386979
484	50000.0	5.328010966429287
485	50000.0	225.24004985844894
486	50000.0	209.63470613377905
487	50000.0	602.5145811876307
488	50000.0	253.69856362849828
489	50000.0	19.556127130000206
490	50000.0	576.1838195257907
491	50000.0	49.908705656191714
492	50000.0	2.8213104090746963
493	50000.0	11.620446417166741
494	50000.0	5.143499953179793
495	50000.0	471.97016590041994
496	50000.0	9.846609055134433
497	50000.0	3.5004724929863875
498	50000.0	121.61855402779938
499	50000.0	17.73368534298308
500	50000.0	27.85771860513688
501	50000.0	24.82629542114339
502	50000.0	24.39660555352422
503	50000.0	12.064133688359599
504	50000.0	6.831070403457045
505	50000.0	12.362823360998629
506	50000.0	12.394486518752554
507	50000.0	22.761215681740563
508	50000.0	16.484742541166536
509	50000.0	17.214753718751485
510	50000.0	25.470627941629488
511	50000.0	35.28405241203423
512	50000.0	32.28992892086238
513	50000.0	26.833761160271347
514	50000.0	9.485820924767008
515	50000.0	13.284991657513924
516	50000.0	12.391385504129971
517	50000.0	16.52640053381448
518	50000.0	23.825456029062842
519	50000.0	0.16730128496516752
520	50000.0	9.789876140838752
521	50000.0	6.941818776464055
522	50000.0	10.537332376599746
523	50000.0	12.66576648463369
524	50000.0	17.167676825482115
525	50000.0	30.612143805117512
526	50000.0	17.698175235922616
527	50000.0	27.78256419146289
528	50000.0	15.387504909992813
529	50000.0	12.084715934833728
530	50000.0	14.320599122954388
531	50000.0	8.765009248690166
532	50000.0	4.306038874379359
533	50000.0	17.22191006276287
534	50000.0	13.025383260753188
535	50000.0	4.563511603949901
536	50000.0	19.33246429223788
537	50000.0	2.6542065820420007
538	50000.0	27.11210807471577
539	50000.0	23.81249702811232
540	50000.0	12.164002584687314
541	50000.0	9.612360145815574
542	50000.0	10.439424132667495
543	50000.0	20.89443730639467
544	50000.0	14.61821139172724
545	50000.0	4.91546695666411
546	50000.0	4.867267241140788
547	50000.0	11.228508149624933
548	50000.0	10.314487015881545
549	50000.0	14.542017307715128
550	50000.0	1.3294382831546732
551	50000.0	1168.9310366121504
552	50000.0	29.848435993093677
553	50000.0	0.41034148091217143
554	50000.0	23400.143497369754
555	50000.0	116.43444961662507
556	50000.0	2.1735438843910044
557	50000.0	1.2437095373921276
558	50000.0	238.96965095758796
559	50000.0	26.455374216250494
560	50000.0	0.08393929295052842
561	50000.0	0.4021020396571234
562	50000.0	1978.4829357559051
563	50000.0	0.0474288519247808
564	50000.0	59.997841662860935
565	50000.0	4823.246848595996
566	50000.0	789.8393872694862
567	50000.0	7.272043750662197
568	50000.0	131.2710470710952
569	50000.0	2953.75988557055
570	50000.0	389.8506501862995
571	50000.0	48.6768866357306
572	50000.0	2.8891463621581837
573	50000.0	3.9957654453216946
574	50000.0	391.8000378555093
575	50000.0	1353.3669236392566
576	50000.0	1.7236612015796986
577	50000.0	0.06643189146277408
578	50000.0	319.09213029332193
579	50000.0	14609.898272389106
580	50000.0	33.35976047629749
581	50000.0	17585.534408968204
582	50000.0	289.6059776962304
583	50000.0	10.964856384058624
584	50000.0	96.13227968643943
585	50000.0	0.6723536852305055
586	50000.0	1.0510564668443971
587	50000.0	0.030858826436313103
588	50000.0	0.4647201601823191
589	50000.0	0.0646732919929984
590	50000.0	1910.349648951206
591	50000.0	90.44390638450336
592	50000.0	1.2158940474202535
593	50000.0	892.1164837526658
594	50000.0	2183.5003033777225
595	50000.0	480.6128357875612
596	50000.0	3369.9850557816617
597	50000.0	202.79806362941446
598	50000.0	1335.1914641557503
599	50000.0	2095.415065203922
600	50000.0	0.07755093147169281
601	50000.0	0.043660341338561615
602	50000.0	0.013191065829603475
603	50000.0	0.005867702208739979
604	50000.0	0.07605356992585163
605	50000.0	0.007492106148749176
606	50000.0	0.004350904129127802
607	50000.0	0.02534457884373633
608	50000.0	0.013897469940795545
609	50000.0	0.06210951332284703
610	50000.0	0.006389632871139209
611	50000.0	0.06538350539647146
612	50000.0	0.0038756908476488576
613	50000.0	0.3798168495246291
614	50000.0	0.005977735762089895
615	50000.0	1.097378447329041
616	47088.7	0.0015294314412307303
617	50000.0	0.038569397330638994
618	50000.0	0.001965154677016905
619	50000.0	0.011379615821558655
620	50000.0	0.02663771247874781
621	50000.0	0.14353979268451153
622	50000.0	0.8527387319566857
623	50000.0	0.07600175126248557
624	50000.0	0.007542650090903354
625	50000.0	0.02410108325789711
626	50000.0	0.2618733951705582
627	50000.0	0.02383826309906572
628	50000.0	0.009342570059207293
629	50000.0	0.10228364100175824
630	50000.0	0.025713965231182422
631	50000.0	0.014615505619683247
632	50000.0	0.006420308810099582
633	50000.0	0.0040959173039028995
634	50000.0	0.034210736726591896
635	50000.0	0.010183428167838158
636	50000.0	0.014061373950711751
637	50000.0	0.03726057318089369
638	50000.0	0.06308625592297959
639	50000.0	0.027515488007947925
640	50000.0	0.04566547080057071
641	50000.0	0.015218189545587546
642	50000.0	0.002853511057259529
643	50000.0	0.014105075522050268
644	50000.0	0.005195082828092438
645	50000.0	0.673397602860965
646	50000.0	0.0016955168836655554
647	50000.0	0.012780763594261266
648	50000.0	0.03500127310037324
649	47240.7	0.01908319468045832
650	45826.3	9.291305377472468e-07
651	50000.0	8.725992187293407e-06
652	50000.0	5.856143688195676e-06
653	50000.0	1.5039732555475363e-06
654	50000.0	3.257846499062764e-06
655	50000.0	2.711052703266851e-06
656	50000.0	1.0480886773703909e-06
657	50000.0	1.4020968347893568e-06
658	50000.0	1.0544716238917176e-06
659	50000.0	1.4658581757483085e-06
660	50000.0	5.939800361168788e-05
661	50000.0	0.008940274101249365
662	50000.0	1.4146420818316663e-06
663	50000.0	0.001359145363072408
664	50000.0	1.0620772136971172e-06
665	50000.0	9.823338267952936e-07
666	46574.3	2.664143527614489e-05
667	50000.0	2.7220276043929587e-05
668	50000.0	4.532879935056256e-06
669	50000.0	1.4860002471219026e-06
670	50000.0	0.005144866248286693
671	46775.7	6.784033335128482e-07
672	50000.0	0.0005037154867171082
673	47119.8	5.812163643698162e-07
674	50000.0	1.8436291100961452e-06
675	50000.0	0.0004845474585091626
676	50000.0	2.081379865954051e-06
677	45824.1	0.0006273975449071255
678	45890.2	9.16331034338159e-07
679	45823.1	3.398829058873777e-05
680	50000.0	9.70502966255647e-07
681	50000.0	1.0736799389157623e-06
682	50000.0	8.859559465199738e-06
683	50000.0	3.073048820397536e-05
684	50000.0	1.0202782542215013e-06
685	50000.0	1.6250775755178e-06
686	50000.0	0.022962095994874098
687	50000.0	1.1960616830059228e-06
688	46386.8	0.0003123841980074336
689	50000.0	1.416467751327107e-06
690	50000.0	4.795062612198472e-06
691	50000.0	2.863758634375694e-06
692	50000.0	2.8954544231776584e-06
693	45853.8	1.343949032757493e-05
694	46960.5	3.068284159916277e-05
695	50000.0	1.8486893589875376e-06
696	50000.0	1.0275061391756147e-06
697	50000.0	3.884589916948497e-06
698	46145.9	1.960044306402167e-06
699	50000.0	1.1480337441678689e-06
700	50000.0	3.482355962884715
701	50000.0	6.069241674896749
702	50000.0	4.775799948298437
703	50000.0	6.184668050963878
704	50000.0	6.668770942050694
705	50000.0	7.362834240581047
706	50000.0	5.1737830801305424
707	50000.0	5.648910463637247
708	50000.0	5.372781422768677
709	45843.5	5.435518772035072
710	50000.0	5.472688871464522
711	50000.0	5.571763279338375
712	50000.0	5.6814553277477495
713	50000.0	5.0742863101581985
714	50000.0	6.871949673685523
715	50000.0	9.493977420439318
716	50000.0	4.481332938301476
717	50000.0	4.577167751879401
718	50000.0	4.0825857555508716
719	50000.0	8.136354098566295
720	45813.2	5.450041271082439
721	50000.0	4.775798431687305
722	50000.0	4.979003094012968
723	50000.0	4.8753097438828465
724	50000.0	5.074289893114886
725	50000.0	5.281172828107633
726	50000.0	6.467227897085503
727	50000.0	4.178826838604456
728	50000.0	7.661171123975481
729	50000.0	4.775800451782887
730	45811.2	4.477311724083082
731	50000.0	5.074290379154375
732	50000.0	3.9798326973683453
733	50000.0	7.66127876352451
734	50000.0	8.059163126983426
735	50000.0	6.360947899224479
736	50000.0	3.6813475618893134
737	50000.0	6.168749516528221
738	50000.0	4.3778178360948115
739	50000.0	6.865209429194318
740	50000.0	6.015120355708206
741	50000.0	3.283364386697472
742	50000.0	4.7788387705204345
743	50000.0	5.074294167487834
744	50000.0	4.477314519680005
745	50000.0	5.770763341666385
746	50000.0	10.148563216006078
747	50000.0	6.966849541292959
748	50000.0	8.464092548944489
749	50000.0	4.679042264004339
750	50000.0	2.801607317241003
751	50000.0	3.595795745192177
752	50000.0	1.2648710157968561
753	50000.0	2.7673148192958203
754	50000.0	4.372183621386084
755	50000.0	2.5786753525407127
756	50000.0	4.089201716823338
757	50000.0	2.5028400201753125
758	50000.0	2.183408845697989
759	50000.0	3.7544943987795323
760	50000.0	2.370308645480002
761	50000.0	3.616038792035286
762	50000.0	2.7327351442500523
763	50000.0	5.734082875067775
764	50000.0	5.985649167005106
765	50000.0	3.263838619840521
766	50000.0	3.1183565932954833
767	50000.0	7.1033607580132925
768	50000.0	3.5143989164050873
769	50000.0	3.895910019572703
770	50000.0	5.400357747563838
771	50000.0	4.051967158983977
772	50000.0	2.4269593298191268
773	50000.0	2.2637061177759192
774	50000.0	4.39380065200379
775	50000.0	2.306253423773538
776	50000.0	6.184269921918393
777	50000.0	2.5304902338173667
778	50000.0	3.511875304571202
779	50000.0	6.235441847180094
780	50000.0	3.0057648865317708
781	50000.0	3.622713754376705
782	50000.0	2.543355946718699
783	50000.0	3.109502881131603
784	50000.0	2.7330934501653803
785	50000.0	4.482427606232944
786	50000.0	2.815475031430008
787	50000.0	4.690409581428854
788	50000.0	2.6094129264925585
789	50000.0	3.740636945385936
790	50000.0	4.74093934751348
791	50000.0	2.47836837679513
792	50000.0	3.212066565516692
793	50000.0	2.189271011981371
794	50000.0	1.8419184268074233
795	50000.0	2.8666980960747064
796	50000.0	4.523829214043465
797	50000.0	5.003039046130527
798	50000.0	5.7358320818584225
799	50000.0	2.505228831433945
800	50000.0	5.369823563674987
801	50000.0	7.26582809534037
802	50000.0	3.1709447397821595
803	50000.0	6.505970063029514
804	50000.0	12.330232698722707
805	50000.0	5.80560742115358
806	50000.0	5.203624028371193
807	50000.0	6.248152431568546
808	50000.0	7.37847364400024
809	50000.0	14.234595635035197
810	50000.0	7.6446278380527275
811	50000.0	9.233562591375197
812	50000.0	9.30589626873393
813	50000.0	9.4805074357502
814	50000.0	9.343738750714959
815	50000.0	7.235525067995622
816	50000.0	15.977596150963626
817	50000.0	8.445650569248535
818	50000.0	8.582067961911292
819	50000.0	9.839366628766308
820	50000.0	6.906351116214301
821	50000.0	9.261322078970839
822	50000.0	6.995033519973667
823	50000.0	2.7586829821481693
824	50000.0	7.125175977253474
825	50000.0	7.408135980790588
826	50000.0	7.187310650881422
827	50000.0	3.4467831431797498
828	50000.0	6.5258694842521265
829	50000.0	4.23386028287559
830	50000.0	5.534313882267282
831	50000.0	7.6508918974162174
832	50000.0	4.738078545003551
833	50000.0	4.605702457491935
834	50000.0	2.4227360646560165
835	50000.0	3.3634630344862666
836	50000.0	9.035043146805657
837	50000.0	4.663933296843073
838	50000.0	13.81511597761077
839	50000.0	3.035752413569812
840	50000.0	6.020943700055575
841	50000.0	5.3038169637517925
842	50000.0	7.879806630899535
843	50000.0	4.709842504983887
844	50000.0	6.079965396850115
845	50000.0	14.836801295749202
846	50000.0	9.139998201163888
847	50000.0	7.002840307539962
848	50000.0	6.637368096901821
849	50000.0	6.608212706112134
850	50000.0	21.527372624897108
851	50000.0	28.093955381423417
852	50000.0	7.203898175591119
853	50000.0	26.424374757821045
854	50000.0	33.80522052818014
855	50000.0	20.054917598318813
856	50000.0	21.359514374036024
857	50000.0	27.64181084070779
858	50000.0	30.853319236285323
859	50000.0	50.60478248734539
860	50000.0	26.984864790934942
861	50000.0	36.7673848715806
862	50000.0	21.81066120399675
863	50000.0	28.194068201139526
864	50000.0	34.76362031373882
865	50000.0	21.27233241549704
866	50000.0	46.26452361311024
867	50000.0	25.655175165102936
868	50000.0	26.924719161929175
869	50000.0	21.112360571425427
870	50000.0	30.316862005558182
871	50000.0	35.53814398883825
872	50000.0	15.420645580961278
873	50000.0	12.539016259916451
874	50000.0	18.223279595133803
875	50000.0	16.645713392269677
876	50000.0	13.880275985306662
877	50000.0	10.12891932066643
878	50000.0	26.70690520903897
879	50000.0	12.28444598467858
880	50000.0	20.25690969417723
881	50000.0	27.973121612743263
882	50000.0	19.411877825496827
883	50000.0	11.792520236929507
884	50000.0	9.01895665310894
885	50000.0	11.913755442634928
886	50000.0	30.22150141689658
887	50000.0	18.359335368100005
888	50000.0	43.49231090683493
889	50000.0	14.234649006297667
890	50000.0	18.154527821286106
891	50000.0	23.584938437216262
892	50000.0	20.547851970660904
893	50000.0	18.292953790052312
894	50000.0	24.667904809882376
895	50000.0	48.93083940610844
896	50000.0	26.077482131971976
897	50000.0	23.405513941355444
898	50000.0	19.423536420069315
899	50000.0	21.61352962052605
900	50000.0	0.3622289261624944
901	50000.0	0.20620474648637774
902	50000.0	0.21910751540671267
903	50000.0	0.19686495849690874
904	50000.0	0.17479964698962897
905	50000.0	0.4141882863174775
906	50000.0	0.1808269044011798
907	50000.0	0.5039367583606424
908	50000.0	0.2415962978235969
909	50000.0	0.29939251970586567
910	50000.0	0.25011795347662547
911	50000.0	0.33852776488833103
912	50000.0	0.340417998408112
913	50000.0	0.17649120288405856
914	50000.0	0.28432617233136526
915	50000.0	0.21586946618292763
916	50000.0	0.278857635101336
917	50000.0	0.4225548529355475
918	50000.0	0.25575970582874613
919	50000.0	0.2752617717764229
920	50000.0	0.20562079149857393
921	50000.0	0.1913276572855132
922	50000.0	0.25496891589054194
923	50000.0	0.18628482927038165
924	50000.0	0.33899671177333257
925	50000.0	0.2002717657647814
926	50000.0	0.29821174349946294
927	50000.0	0.37744940075740985
928	50000.0	0.15041037464575258
929	50000.0	0.4384644681557516
930	50000.0	0.2456283938119542
931	50000.0	0.19004556682870125
932	50000.0	0.265118243380112
933	50000.0	0.3563027099500463
934	50000.0	0.2288132479680879
935	45808.2	0.29213488749184274
936	50000.0	0.24159981406704478
937	50000.0	0.25657738433775473
938	50000.0	0.3032297036379827
939	50000.0	0.39688949053300676
940	50000.0	0.28437580026169906
941	50000.0	0.3516840521627696
942	50000.0	0.28945783476470394
943	50000.0	0.17901836666515508
944	50000.0	0.32904196520943146
945	50000.0	0.23304030620262212
946	50000.0	0.23857352649636338
947	50000.0	0.26866533911313456
948	50000.0	0.4091266484647946
949	50000.0	0.30860663030454616
950	50000.0	1.3659101993679785
951	50000.0	1.322466119193881
952	50000.0	1.2573314047327149
953	50000.0	1.3034187146428424
954	50000.0	1.2052919541713376
955	50000.0	1.4682656922843442
956	50000.0	1.5575241985497636
957	50000.0	1.4420030966310897
958	49745.1	1.2513392244476973
959	50000.0	1.5012494592130585
960	50000.0	1.4272403969537688
961	50000.0	1.9685697975301817
962	50000.0	1.5012135594633107
963	50000.0	1.501213552682596
964	50000.0	1.3074462463627798
965	50000.0	1.1668916790645887
966	46744.2	1.2887011619681343
967	50000.0	1.2759877041587202
968	49745.1	1.2513392244476973
969	50000.0	1.6089315692890191
970	50000.0	1.7841098329975444
971	50000.0	1.2849730520518878
972	50000.0	1.7362481174098536
973	50000.0	1.122723603794407
974	50000.0	1.5733978934604713
975	50000.0	1.540577557048686
976	50000.0	1.2052919567104614
977	50000.0	1.6392202306861994
978	50000.0	1.303418714642843
979	50000.0	1.203488616956401
980	50000.0	1.4683455026826306
981	50000.0	1.576033654163472
982	50000.0	1.468265692284331
983	50000.0	1.619461588027948
984	50000.0	1.1668916790996067
985	50000.0	1.4236216350578808
986	50000.0	1.3946825051339893
987	50000.0	1.1701520788315931
988	50000.0	1.2849730519181732
989	50000.0	1.4328118331026563
990	50000.0	1.596802369731431
991	50000.0	1.3788778438053635
992	50000.0	1.5080740441297906
993	50000.0	1.423621635057909
994	50000.0	1.596802369731431
995	50000.0	1.4420030966311044
996	50000.0	1.438883092274584
997	50000.0	1.2921478219606553
998	45689.8	1.1577240991513305
999	50000.0	1.297242254354361
1000	50000.0	1.9635764526568242
1001	50000.0	1.2452668164583707
1002	40884.8	3.7104539321878294
1003	50000.0	3.5369643202454832
1004	50000.0	1.4256350175633778
1005	50000.0	2.487323505777844
1006	50000.0	2.3587163241319145
1007	45636.6	1.739466403602273
1008	50000.0	2.569375257737246
1009	50000.0	3.2747276874518514
1010	50000.0	3.5026379683440383
1011	50000.0	3.3465492376382513
1012	50000.0	1.9860952861734447
1013	41616.4	2.590203815150019
1014	50000.0	3.0509324855872273
1015	37717.1	8.736706366542096e-05
1016	45673.8	1.120729982258228
1017	45522.8	3.988373825043503
1018	50000.0	1.5342577211400796
1019	45464.1	3.2960579895393423
1020	50000.0	5.181001607651933
1021	42824.3	1.2263659146261845
1022	32126.8	2.4191155833763056
1023	50000.0	0.9627686965759319
1024	50000.0	1.400423945006124
1025	32061.5	0.6493754938285451
1026	40780.6	3.2142769571974
1027	43377.5	0.616123261971296
1028	50000.0	3.116284404475227
1029	41424.7	0.6347514211105469
1030	36191.7	2.1158913915929403
1031	50000.0	1.3639471817176307
1032	50000.0	3.113963109446035
1033	38986.6	0.7037692752867896
1034	50000.0	1.6137869864826846
1035	28282.2	0.0001363433718221169
1036	22492.9	8.233115724996538e-05
1037	50000.0	2.0673841649937783
1038	40895.1	0.24951974741138327
1039	45272.9	2.39323841642577
1040	41146.9	1.3012216136472698
1041	46808.3	2.491644694963109
1042	36141.1	5.108979090388719
1043	47978.9	2.309301578106461
1044	40976.0	0.7777645071863926
1045	50000.0	1.9079585934572716
1046	40570.1	1.7331261064961705
1047	50000.0	1.3206686274201096
1048	38266.6	0.5265049657639745
1049	50000.0	1.7556045263320565
1050	45256.6	0.9842936977049883
1051	37042.2	0.0021424893963727194
1052	50000.0	2.463438040936027
1053	41091.7	1.3693175787267113
1054	50000.0	5.481140231264749
1055	46496.8	3.8204576170452436
1056	50000.0	2.566523324158015
1057	50000.0	1.7521707357159026
1058	33903.6	0.34593059375894664
1059	50000.0	1.3687550831807251
1060	32297.9	0.8471926843052732
1061	50000.0	7.860097975399104
1062	50000.0	1.6399891350558362
1063	42433.1	4.630564436728126
1064	50000.0	10.58750182474255
1065	50000.0	1.725478176510035
1066	50000.0	1.0863252976531756
1067	50000.0	2.3314994288169935
1068	50000.0	7.725800661878077
1069	42034.0	6.813836733659576
1070	50000.0	2.321544695904503
1071	50000.0	2.108390146021088
1072	36932.5	1.0130633190618323
1073	45337.5	5.124213252447847
1074	50000.0	2.5081572151724787
1075	50000.0	3.9585948808982687
1076	50000.0	11.780277858934175
1077	50000.0	4.521804184720528
1078	45673.7	0.6461675379426226
1079	41031.1	0.782337357159559
1080	50000.0	3.391769073730682
1081	42136.6	0.5877469199256622
1082	45709.7	1.4705175408665574
1083	41961.6	7.851428104510821e-05
1084	50000.0	2.142593810825798
1085	45528.9	3.0075584136497584
1086	50000.0	1.3738975467525596
1087	50000.0	0.6919389823025146
1088	50000.0	0.7042054040604013
1089	50000.0	2.8774831595738517
1090	50000.0	2.334950050540475
1091	43462.4	0.9355683579006229
1092	50000.0	4.625649837656178
1093	50000.0	0.5535011167088888
1094	50000.0	5.240411718032512
1095	45608.0	0.07139117668729288
1096	46116.7	0.6121348460600127
1097	41110.0	2.91155676133375
1098	46522.6	0.25963781665519015
1099	50000.0	6.7089161340061185
1100	50000.0	0.2852713020984391
1101	50000.0	0.42822826610838594
1102	50000.0	0.16653184172083246
1103	50000.0	0.24822366745174967
1104	50000.0	0.30491649173021484
1105	50000.0	0.2696387331959468
1106	50000.0	0.2526839377681903
1107	50000.0	0.5461749718943366
1108	50000.0	0.23386893898460648
1109	50000.0	0.47725468823847805
1110	50000.0	0.308969648062174
1111	50000.0	0.4950187182160467
1112	50000.0	0.32168362567596037
1113	50000.0	0.4562302460033104
1114	50000.0	0.5248208954993523
1115	50000.0	0.44314047713542026
1116	50000.0	0.3371240348986225
1117	50000.0	0.45975481916023864
1118	50000.0	0.45917082990028996
1119	50000.0	0.18466696602865387
1120	50000.0	0.3943599494329135
1121	50000.0	0.3807492920739368
1122	50000.0	0.5588062258994351
1123	50000.0	0.41437515884865733
1124	50000.0	0.3674296896941317
1125	50000.0	0.455586689598542
1126	50000.0	0.36984581363378444
1127	50000.0	0.4573978723192772
1128	50000.0	0.4329198645980041
1129	50000.0	0.4063580387981941
1130	50000.0	0.5815993260937827
1131	50000.0	0.60658244703349
1132	50000.0	0.3652632111996412
1133	50000.0	0.37223762409366407
1134	50000.0	0.3736901817279884
1135	50000.0	0.4574365414535687
1136	50000.0	0.3197595916069468
1137	50000.0	0.2441070727007196
1138	50000.0	0.3165351442100418
1139	50000.0	0.7833464943400722
1140	50000.0	0.4169643787300698
1141	50000.0	0.24074899498982033
1142	50000.0	0.4816575604489091
1143	50000.0	0.3412436422362583
1144	50000.0	0.3332030107024865
1145	50000.0	0.3733753102133769
1146	50000.0	0.19926058653239492
1147	50000.0	0.3546885637407071
1148	50000.0	0.20592025006472578
1149	50000.0	0.37741658675610346
1150	50000.0	14.411395233679055
1151	50000.0	10.48266270046744
1152	50000.0	8.900856927540266
1153	50000.0	7.031321414216336
1154	50000.0	10.00951252047519
1155	50000.0	6.85131606321138
1156	50000.0	5.070905689040431
1157	50000.0	11.435159931149503
1158	50000.0	5.534570760594093
1159	50000.0	13.416296854979517
1160	50000.0	11.425347363092431
1161	50000.0	14.506559943049506
1162	50000.0	12.069416748436266
1163	50000.0	9.05750129988114
1164	50000.0	9.016336525738016
1165	50000.0	10.269879144165689
1166	50000.0	5.7636343705784
1167	50000.0	12.632542070454312
1168	50000.0	10.479896277941567
1169	50000.0	7.910035478583194
1170	50000.0	12.933098871585099
1171	50000.0	6.095341743472401
1172	50000.0	6.533765989158186
1173	50000.0	11.737561365568535
1174	50000.0	12.08931866370445
1175	50000.0	11.292668925351705
1176	50000.0	8.105410705466507
1177	50000.0	5.358837233599037
1178	50000.0	5.7527713241443585
1179	50000.0	7.644035419422609
1180	50000.0	11.314262244589386
1181	50000.0	12.437308163902674
1182	50000.0	6.1863939094967435
1183	50000.0	13.545441734070497
1184	50000.0	10.172294000025058
1185	50000.0	10.881010700067208
1186	50000.0	12.70023848096081
1187	50000.0	13.044648737843456
1188	50000.0	7.236637994908802
1189	50000.0	9.88463387005719
1190	50000.0	6.9715142934214525
1191	50000.0	11.301558838504514
1192	50000.0	6.0582508975268485
1193	50000.0	8.879934419799287
1194	50000.0	13.775757620293863
1195	50000.0	8.27851557064753
1196	50000.0	7.130519150760504
1197	50000.0	7.171431228856626
1198	50000.0	12.474057392878468
1199	50000.0	8.360433438238335
