	0	1
0	1146.0	6.1958989945527516e-09
1	1096.8	8.470548578190404e-09
2	1167.6	7.723879652152692e-09
3	1155.6	8.172002360246685e-09
4	1111.2	5.908722732337039e-09
5	1142.4	6.669584878522578e-09
6	1106.4	6.388797648717403e-09
7	1070.4	6.729494506408305e-09
8	1126.8	8.226709541854935e-09
9	1137.6	6.658724107839775e-09
10	1110.0	6.742591439854388e-09
11	1160.4	6.869537551935464e-09
12	1140.0	6.917586972236407e-09
13	1112.4	6.758389552276594e-09
14	1122.0	7.176970083322428e-09
15	1178.4	7.034847016186045e-09
16	1114.8	6.858906069406835e-09
17	1156.8	6.825603268528198e-09
18	1176.0	6.5995513184019e-09
19	1093.2	7.3970788315624985e-09
20	1132.8	7.587278501758374e-09
21	1155.6	7.354881496169973e-09
22	1142.4	7.612417427886783e-09
23	1144.8	6.8344390099485016e-09
24	1084.8	7.098377574624029e-09
25	1122.0	7.083397252883191e-09
26	1153.2	7.316309785566799e-09
27	1123.2	7.414653271557737e-09
28	1162.8	6.9795995715242016e-09
29	1101.6	7.716711205959654e-09
30	1095.6	6.821344275340455e-09
31	1172.4	7.218207902227573e-09
32	1152.0	6.445960155686362e-09
33	1118.4	6.97696140153615e-09
34	1120.8	7.977766526474531e-09
35	1087.2	8.195630419269355e-09
36	1134.0	7.899612659653225e-09
37	1164.0	7.031275064977001e-09
38	1125.6	8.01047715483656e-09
39	1102.8	6.11992871301128e-09
40	1172.4	7.985260047952185e-09
41	1149.6	6.716099539632533e-09
42	1148.4	7.590213397133036e-09
43	1167.6	7.355299902591674e-09
44	1126.8	6.735259561671209e-09
45	1142.4	6.882702413108303e-09
46	1137.6	6.543605245948251e-09
47	1128.0	7.244440580582463e-09
48	1100.4	7.473143173007481e-09
49	1153.2	7.735480949741959e-09
50	1912.8	7.162649519808567e-09
51	1862.4	7.660611916412701e-09
52	1827.6	7.783623371851981e-09
53	1938.0	7.833819571923594e-09
54	1920.0	7.741221470188248e-09
55	1880.4	7.74554524459062e-09
56	1998.0	7.823756022248845e-09
57	1971.6	7.651561263129353e-09
58	1885.2	7.127742749151289e-09
59	1945.2	8.044497614723834e-09
60	1936.8	7.568022427073571e-09
61	1886.4	7.344834690331593e-09
62	1947.6	7.715991044195342e-09
63	1983.6	7.3223968648577835e-09
64	1974.0	8.148616430813195e-09
65	1983.6	7.478285088078308e-09
66	1970.4	6.7766541320242526e-09
67	1882.8	6.533300424643387e-09
68	1860.0	7.750914205461492e-09
69	1891.2	7.077180582227284e-09
70	1812.0	7.122415613466909e-09
71	1971.6	7.746426873529955e-09
72	1893.6	7.697044933746676e-09
73	1785.6	7.1416713812494135e-09
74	1977.6	7.70671368299234e-09
75	2019.6	7.50837394199042e-09
76	1989.6	7.566618101260008e-09
77	1939.2	5.722740238962407e-09
78	1977.6	7.744151738591776e-09
79	1936.8	7.215482063253805e-09
80	1890.0	7.366626155322452e-09
81	1940.4	7.841074943389778e-09
82	1866.0	8.35372768363903e-09
83	1908.0	7.703502390894627e-09
84	1966.8	7.218130293745312e-09
85	1897.2	5.8610411777545195e-09
86	1952.4	7.838869427940235e-09
87	1916.4	6.1773745290689076e-09
88	1837.2	7.692930558329512e-09
89	2029.2	7.947276669372943e-09
90	1809.6	6.99258438202088e-09
91	1942.8	6.680702860782512e-09
92	1956.0	6.335809081985002e-09
93	1858.8	6.93754307988894e-09
94	1914.0	7.134210892263131e-09
95	1932.0	7.671386947528083e-09
96	1904.4	7.045508973482589e-09
97	1786.8	8.555934085695633e-09
98	1904.4	6.940858177020817e-09
99	1914.0	7.423047328001066e-09
100	50000.0	4.178825683468568
101	50000.0	11.243004008986942
102	50000.0	6.865207912999831
103	50000.0	7.163695126345912
104	50000.0	9.073395673882853
105	50000.0	7.760668037148541
106	50000.0	8.995006085790378
107	50000.0	5.96974120776518
108	50000.0	7.462182843473933
109	50000.0	7.661174151110643
110	45157.2	8.158650149302245
111	50000.0	11.044026875629687
112	50000.0	11.259615212109454
113	50000.0	9.850077518463454
114	50000.0	7.821847303181345
115	50000.0	8.059147657301079
116	50000.0	8.912829848607066
117	50000.0	5.472268260304484
118	45132.0	5.173783067210821
119	50000.0	9.551582716467651
120	50000.0	5.273279476121088
121	50000.0	6.865207912999826
122	50000.0	7.760660443954956
123	50000.0	14.924339907509145
124	50000.0	4.477313238010314
125	50000.0	6.0526837982040345
126	50000.0	10.031197908781701
127	50000.0	6.467227317397776
128	50000.0	9.352598493698716
129	50000.0	6.865209428889363
130	50000.0	5.171329720938726
131	50000.0	7.263184450969291
132	50000.0	6.865207409217919
133	50000.0	13.829872208150476
134	50000.0	6.367730907906544
135	50000.0	13.327382590603648
136	50000.0	5.969747788851125
137	50000.0	6.069243694560454
138	50000.0	8.056131480678953
139	50000.0	13.332418560042086
140	50000.0	8.05915979361941
141	50000.0	5.372774878048505
142	50000.0	6.76571402696198
143	50000.0	7.16369512634594
144	50000.0	6.467218734535477
145	50000.0	5.671260071723139
146	50000.0	7.064201240308063
147	50000.0	6.15511222765385
148	50000.0	5.969749808522569
149	45141.6	10.498547395457312
150	50000.0	24.304044625260072
151	50000.0	14.805421486356533
152	50000.0	25.1564827868038
153	50000.0	49.095473297566166
154	50000.0	51.68920616547992
155	50000.0	40.461288062026696
156	50000.0	64.56358798749969
157	50000.0	11.772771527504606
158	50000.0	31.20455731028079
159	50000.0	26.204463270124016
160	50000.0	28.805992470321108
161	50000.0	15.593851223382975
162	50000.0	33.38941000494756
163	50000.0	17.674873857503037
164	50000.0	36.71844056971495
165	50000.0	44.05003386373276
166	50000.0	40.078824621462196
167	50000.0	30.775985317901537
168	50000.0	23.043058373333608
169	50000.0	51.10193831934514
170	50000.0	50.40319432932631
171	50000.0	17.409062742399573
172	50000.0	33.71779922263991
173	50000.0	19.766601957507355
174	50000.0	30.32995637107832
175	50000.0	11.628399948296842
176	50000.0	30.21600887537346
177	50000.0	54.24413362049787
178	50000.0	10.022869571933025
179	50000.0	25.05112501555243
180	50000.0	49.50656270848974
181	50000.0	30.008846567865042
182	50000.0	31.100639311523185
183	50000.0	12.8046457882924
184	50000.0	72.21101755192346
185	50000.0	14.080306607907621
186	50000.0	39.2190514146395
187	50000.0	52.498140694714586
188	50000.0	3.503655943248289
189	50000.0	9.049953417300085
190	50000.0	48.564281207474906
191	50000.0	36.65035117504086
192	50000.0	31.502500594514185
193	50000.0	64.30595521723077
194	50000.0	45.92425979880535
195	50000.0	60.59637038726646
196	50000.0	63.98388086885244
197	50000.0	78.30366460159038
198	50000.0	24.62101010371784
199	50000.0	13.32579439318645
200	50000.0	28.844067017256684
201	50000.0	26.89205552487774
202	50000.0	36.29973307568369
203	50000.0	39.62887684124232
204	50000.0	32.37450659212449
205	50000.0	33.798094459970415
206	50000.0	37.25027362757366
207	50000.0	32.37450659212449
208	50000.0	34.006614274286356
209	50000.0	30.31632048399378
210	50000.0	34.691461614393916
211	50000.0	39.77649149511573
212	50000.0	31.960540485337198
213	50000.0	26.89205552487774
214	50000.0	31.214010458855974
215	50000.0	35.78857689862786
216	50000.0	39.62887684124232
217	50000.0	28.844067017256684
218	50000.0	27.387446145995302
219	50000.0	32.37450659212449
220	50000.0	41.59442596395604
221	50000.0	34.85658699233875
222	50000.0	27.387446145995302
223	50000.0	33.859507240669885
224	50000.0	34.17142357168482
225	50000.0	26.0214825927605
226	50000.0	28.967097462318897
227	50000.0	32.37450659212449
228	50000.0	34.85658699233875
229	50000.0	31.214010458855974
230	50000.0	26.0214825927605
231	50000.0	33.89620561914918
232	50000.0	37.25027362757366
233	50000.0	28.950862300288357
234	50000.0	34.85658699233875
235	50000.0	30.828338026423268
236	50000.0	38.41807601190529
237	50000.0	31.960540485337198
238	50000.0	35.78857689862786
239	50000.0	33.859507240669885
240	50000.0	36.29973307568369
241	50000.0	34.006614274286356
242	50000.0	30.31632048399378
243	50000.0	32.37450659212449
244	50000.0	25.834467878084656
245	50000.0	27.387446145995302
246	50000.0	33.859507240669885
247	50000.0	34.006614274286356
248	50000.0	35.307211076609605
249	50000.0	34.691461614393916
250	50000.0	434.6378310670442
251	50000.0	15.569153225882374
252	50000.0	37.79444760976348
253	50000.0	19.23848901339246
254	50000.0	40491.202471188495
255	50000.0	2224.6448082918005
256	50000.0	75.88288452205424
257	50000.0	649.5734224940044
258	50000.0	19.985614909936125
259	50000.0	1302.9804800600425
260	50000.0	2.1363077335430445
261	50000.0	0.881624160034369
262	50000.0	38.23651922931159
263	50000.0	6.429751247184069
264	50000.0	8.767851943148512
265	50000.0	24.836739634969064
266	50000.0	8.972701318153801
267	50000.0	3339.760357933342
268	50000.0	24.84781213550891
269	50000.0	20.065241183613427
270	50000.0	1.6219769916306692
271	50000.0	198.40496678821344
272	50000.0	5207.650642810693
273	50000.0	10.891614750447356
274	50000.0	15190.534177241716
275	50000.0	1.9117251828369994
276	50000.0	4.0226345852729715
277	50000.0	20.460587252124952
278	50000.0	15.794854313720975
279	50000.0	12.60313712342214
280	50000.0	44.85731342928118
281	50000.0	1.8059058227534823
282	50000.0	63.541067014122135
283	50000.0	22.628456006806232
284	50000.0	13.605765793607144
285	50000.0	14.430799229451429
286	50000.0	18.89400862134365
287	50000.0	995.4442345297566
288	50000.0	3.7934952089485883
289	50000.0	15.423802013576363
290	50000.0	53.77105542353645
291	50000.0	3.7604849537807126
292	50000.0	10.828458484258205
293	50000.0	1003.5078714357676
294	50000.0	11.846715547735853
295	50000.0	40.739633578422
296	50000.0	0.250736907599385
297	50000.0	4.566074071903356
298	50000.0	3.452100743521431
299	50000.0	15.202657851128421
300	50000.0	0.0
301	50000.0	94.1629000278932
302	50000.0	45.93581543976735
303	50000.0	13.21590549866183
304	50000.0	32.344294561609665
305	50000.0	65.95996622567468
306	50000.0	82.30283038507191
307	50000.0	0.0
308	50000.0	108.46856273748362
309	50000.0	24.364620585467033
310	50000.0	0.0
311	50000.0	413.9830144265479
312	50000.0	129.7115355211306
313	50000.0	0.0
314	50000.0	333.26820561871034
315	50000.0	0.0
316	50000.0	35.58051842794934
317	50000.0	27.97958748122222
318	50000.0	58.51026915223747
319	50000.0	1038.250594517471
320	50000.0	298.8814908292242
321	50000.0	0.0
322	50000.0	1.4995350813835266
323	50000.0	0.0
324	50000.0	415.28345726815877
325	50000.0	228.86898683455988
326	50000.0	122.63063773021281
327	50000.0	98.56965605132577
328	50000.0	45.972311277036525
329	50000.0	113.61829056525656
330	50000.0	0.0
331	50000.0	15.096390415410943
332	50000.0	0.0
333	50000.0	14.262289753511576
334	50000.0	64.18744324921164
335	50000.0	57.23601541565379
336	50000.0	271.5165225561946
337	50000.0	36.20769141995909
338	50000.0	48.43132020792997
339	50000.0	14.826823897704624
340	50000.0	0.0
341	50000.0	0.0
342	50000.0	680.8217770898178
343	50000.0	0.0
344	50000.0	0.0
345	50000.0	0.0
346	50000.0	61.92182717213573
347	50000.0	59.33495471441181
348	50000.0	62.710933331330715
349	50000.0	0.0
350	50000.0	120.44965091758604
351	50000.0	0.7203023441431975
352	50000.0	19.274411084448374
353	50000.0	14.151545105686347
354	50000.0	0.1838007743804742
355	50000.0	11.74482042887768
356	50000.0	15.958056992325217
357	50000.0	0.04157252700070735
358	50000.0	30.48579750601774
359	50000.0	3.9776112305018323
360	50000.0	0.9777253842068496
361	50000.0	3.1427198618515844
362	50000.0	2.809513349560826
363	50000.0	0.3270664497014696
364	50000.0	3.8668838853060103
365	50000.0	1.5815970178935188
366	50000.0	1.1223613396347845
367	50000.0	34.31021355973058
368	50000.0	20.57793955252092
369	50000.0	10.188523772528153
370	50000.0	1.8823402794708823
371	50000.0	3.1325371397568142
372	50000.0	0.12289121251721609
373	50000.0	3.5009361545148385
374	50000.0	4.163790301273346
375	50000.0	2.979836435305804
376	50000.0	6.190133491282994
377	50000.0	1.3022089566197752
378	50000.0	27.274691393606428
379	50000.0	52.47717571520896
380	50000.0	2.7485663521534915
381	50000.0	0.5743375002175599
382	50000.0	4.716487630422567
383	50000.0	71.42786589825252
384	50000.0	0.17292365747250774
385	50000.0	147.1021248742762
386	50000.0	30.17971107804744
387	50000.0	1.1419459792159137
388	50000.0	1.763981032281632
389	50000.0	222.442546596074
390	50000.0	4.276587317843992
391	50000.0	2.0181861325771075
392	50000.0	1.960020335608771
393	50000.0	3.265872225312067
394	50000.0	0.13018617250008171
395	50000.0	0.16601556188800284
396	50000.0	191.54265444582103
397	50000.0	0.6470779892747199
398	50000.0	3.894804456680339
399	50000.0	1.4776643107813734
400	50000.0	2.933926394019867
401	50000.0	0.43302533189524545
402	50000.0	1.2908471497068061
403	50000.0	0.9303229294064661
404	50000.0	0.08353674620677877
405	50000.0	2.917098710275037
406	50000.0	2.6466093475001333
407	50000.0	0.2563495217422303
408	50000.0	0.001986715325026414
409	50000.0	0.015738657822541337
410	50000.0	0.31545485668377904
411	50000.0	2.7224521907916914
412	50000.0	1.0862270823584899
413	50000.0	1.533399335564559
414	50000.0	2.525822273533517
415	50000.0	1.7137923905903674
416	50000.0	1.8425377438447483
417	50000.0	0.7268993893917715
418	50000.0	2.5325800779425878
419	50000.0	3.396104952747005
420	50000.0	0.6888271820615287
421	50000.0	1.9522235003689759
422	50000.0	2.100250595261462
423	50000.0	0.21541244195826764
424	50000.0	2.5276504934817074
425	50000.0	2.725438756088353
426	50000.0	2.556777487731722
427	50000.0	0.028416576957093487
428	50000.0	0.34277303893371397
429	50000.0	1.7796851405085703
430	50000.0	2.5194818264470706
431	50000.0	1.8505249978092284
432	50000.0	0.0799004667428885
433	50000.0	2.8380735990754777
434	50000.0	1.3722668239536437
435	50000.0	0.09257400694008643
436	50000.0	0.9792198814656459
437	50000.0	2.507391403549126
438	50000.0	0.8383467651090026
439	50000.0	3.264268442825766
440	50000.0	1.6911729454203694
441	50000.0	0.9927932686177424
442	50000.0	1.62402344259606
443	50000.0	1.6264841494506697
444	50000.0	1.7753771917625756
445	50000.0	1.979178473142463
446	50000.0	2.1365123594927504
447	50000.0	0.3353520774096693
448	50000.0	1.8994851442311405
449	50000.0	0.057357466530771575
450	50000.0	5953.350344302258
451	50000.0	19387.4128883962
452	50000.0	113526.95679798361
453	50000.0	2067.319444299683
454	50000.0	80328.86161178394
455	50000.0	3535.2462666614038
456	50000.0	560.2355565855678
457	50000.0	6027.211428975643
458	50000.0	13525.994876780434
459	50000.0	7957.094396322887
460	50000.0	6556.594513115339
461	50000.0	24264.923149371873
462	50000.0	1264.6081601438025
463	50000.0	63438.70886538448
464	50000.0	880.3240702390083
465	50000.0	70807.45176975122
466	50000.0	13853.634607293785
467	50000.0	23502.75011319989
468	50000.0	14390.414606805029
469	50000.0	2756.103472274535
470	50000.0	1922.3048819167748
471	50000.0	15205.651558520525
472	50000.0	4200.723716605647
473	50000.0	2628.645683853243
474	50000.0	13962.333923587797
475	50000.0	246939.2935598959
476	50000.0	982.8762966038208
477	50000.0	139618.2085496954
478	50000.0	23350.646468907587
479	50000.0	218208.21305078152
480	50000.0	123570.48412633102
481	50000.0	30204.064025948017
482	50000.0	1431.2798008597133
483	50000.0	26150.56564652097
484	50000.0	1686.554088823766
485	50000.0	4381.268364974254
486	50000.0	11413.35225524088
487	50000.0	899.4265471192327
488	50000.0	1056.678708246899
489	50000.0	11625.113653045739
490	50000.0	250.17921270903585
491	50000.0	608.9993711398373
492	50000.0	38308.53172035379
493	50000.0	17262.17361413691
494	50000.0	2021.9316758597754
495	50000.0	1403.419131481637
496	50000.0	8291.611280604047
497	50000.0	699.5796043065764
498	50000.0	24327.726990541367
499	50000.0	1675.9850426611108
500	50000.0	16.77785164889486
501	50000.0	10.66679970182794
502	50000.0	18.00920936519938
503	50000.0	3.7634846679642573
504	50000.0	22.95591609056646
505	50000.0	18.282075732948567
506	50000.0	35.047417218873726
507	50000.0	6.468038676606332
508	50000.0	46.00915359089696
509	50000.0	26.829156715478387
510	50000.0	5.60241631761911
511	50000.0	19.614682494992618
512	50000.0	17.048570001633493
513	50000.0	5.026538881486786
514	50000.0	13.532160598453393
515	50000.0	9.547125547102642
516	50000.0	21.467916508865294
517	50000.0	6.944183265792217
518	50000.0	6.414886075825836
519	50000.0	34.146046485549604
520	50000.0	21.808264630449234
521	50000.0	4.598943686571099
522	50000.0	12.979213399031014
523	50000.0	12.460402349462658
524	50000.0	21.960392660001105
525	50000.0	8.311135378080694
526	50000.0	10.908483556871118
527	50000.0	19.388128129036197
528	50000.0	0.9407442862513404
529	50000.0	12.404670931571797
530	50000.0	4.078395462916003
531	50000.0	25.388035606750073
532	50000.0	34.03022452485858
533	50000.0	16.723156448752626
534	50000.0	20.168492633910162
535	50000.0	7.153523797432165
536	50000.0	15.961816855547692
537	50000.0	20.86529189386378
538	50000.0	22.278292696449178
539	50000.0	31369.24099274762
540	50000.0	32.544180773618805
541	50000.0	9.795286252935467
542	50000.0	3.401241705961488
543	50000.0	10.784729226653738
544	50000.0	9.940007062928192
545	50000.0	37.91973238252943
546	50000.0	10.294959757716288
547	50000.0	14.64270505923938
548	50000.0	5.895986870296207
549	50000.0	8.673572002570605
550	50000.0	266460.4049881747
551	50000.0	77909.25183190063
552	50000.0	107494.77101894181
553	50000.0	7340276.577915087
554	50000.0	0.11625880439480138
555	50000.0	0.37065691565172765
556	50000.0	859178.1188898248
557	50000.0	26349.050868571852
558	50000.0	1.9178584480007443
559	50000.0	4077.69318606948
560	50000.0	8385.949128249511
561	50000.0	15930.661740050316
562	50000.0	10.112347584716261
563	50000.0	4245.4020584608
564	50000.0	16.243189201813216
565	50000.0	387219.8816395006
566	50000.0	0.44700252694938414
567	50000.0	1060082.6267305387
568	50000.0	33.98606707364096
569	50000.0	91621.18616588839
570	50000.0	1108.3679898469477
571	50000.0	293451.79896336456
572	50000.0	3.913246235250469
573	50000.0	8.68145802576434
574	50000.0	0.006093565467558191
575	50000.0	14738.04533314605
576	50000.0	4705432.68749626
577	50000.0	6.074207635853313
578	50000.0	91048.29219110688
579	50000.0	32879.055381907296
580	50000.0	2.2698710895406267
581	50000.0	0.15253432759224678
582	50000.0	0.040421628420585866
583	50000.0	159744.87797875362
584	50000.0	7756.293244001751
585	50000.0	0.2907844758381829
586	50000.0	2.3077066385981504
587	50000.0	3537025.54706197
588	50000.0	1021.3617201869931
589	50000.0	1629065.2313960977
590	50000.0	5.3402413207588095
591	50000.0	1.7647795057666482
592	50000.0	13207.124644161933
593	50000.0	136447.5261622311
594	50000.0	35347.55459224564
595	50000.0	5164921.888895599
596	50000.0	0.10733034142460111
597	50000.0	574642.5796928204
598	50000.0	0.08376250158470375
599	50000.0	140139.6561723599
600	50000.0	4.883318902637919
601	50000.0	130.52371273234752
602	50000.0	107.64931499141798
603	50000.0	414.39938520256766
604	50000.0	17.091526360014925
605	50000.0	7.224840826458562
606	50000.0	11.551144361100011
607	50000.0	17.721374355577716
608	50000.0	85.32914097249721
609	50000.0	137.01506104662843
610	50000.0	267.56966016870376
611	50000.0	67.00259837411383
612	50000.0	75.82684643731588
613	50000.0	37.76900526206445
614	50000.0	210.97598524141517
615	50000.0	92.55533622367682
616	50000.0	7.412621011913528
617	50000.0	30.994836448316892
618	50000.0	27.09620911296068
619	50000.0	0.4317494724889161
620	50000.0	127.69685969794537
621	50000.0	26.265312973220063
622	50000.0	4.280205302397975
623	50000.0	13.935198312861605
624	50000.0	81.80010153012903
625	50000.0	38.28213666083677
626	50000.0	5.905354901544901
627	50000.0	122.60594091533585
628	50000.0	102.82889383558589
629	50000.0	53.27354174410525
630	50000.0	231.57928693264776
631	50000.0	65.91185585124103
632	50000.0	42.238915258323786
633	50000.0	78.75430919908463
634	50000.0	20.30638393928706
635	50000.0	54.39670815174507
636	50000.0	0.06448595761210323
637	50000.0	53.55868082375
638	50000.0	135.6376348951447
639	50000.0	75.88603450886139
640	50000.0	119.57026727148313
641	50000.0	202.3584700946129
642	50000.0	56.27121516992887
643	50000.0	72.65154660030862
644	50000.0	3.7804627509537267
645	50000.0	124.90039111445108
646	50000.0	28.340114914651984
647	50000.0	53.46075305363864
648	50000.0	203.51609509748891
649	50000.0	34.470249056498936
650	50000.0	0.09413591950303947
651	50000.0	0.04531594349730013
652	50000.0	1.0099541569136685
653	50000.0	0.028233008532377313
654	50000.0	0.14896425709198652
655	50000.0	1.4007382356487936
656	50000.0	0.2700892675319618
657	50000.0	0.30591744214109384
658	50000.0	0.26087799339177037
659	50000.0	0.012841480682287664
660	50000.0	2.5421088511569114
661	50000.0	0.006129949524892745
662	50000.0	0.07322819263987104
663	50000.0	1.3860849551973622
664	50000.0	0.09511820702683757
665	50000.0	0.07945874149468923
666	50000.0	1.1384533331129687
667	50000.0	0.21390390403461682
668	50000.0	0.2339268020465295
669	50000.0	2.54588200978728
670	50000.0	0.012614333489287343
671	50000.0	0.008812550874742656
672	50000.0	0.004876812276051108
673	50000.0	0.4405229338335614
674	50000.0	2.145120209693279
675	50000.0	0.02555268171384136
676	50000.0	0.01609081983458991
677	50000.0	0.42308478224273555
678	50000.0	0.006141760201484462
679	50000.0	2.3982409728568848
680	50000.0	0.010698838590782491
681	50000.0	0.006110377830570528
682	50000.0	0.6641719042523399
683	50000.0	0.8486570231094556
684	50000.0	1.2375531252613716
685	50000.0	0.009623952351225883
686	50000.0	0.176815227317127
687	50000.0	1.4286022695041283
688	50000.0	0.3435986372727753
689	50000.0	0.07325666751234419
690	50000.0	0.09981310985582499
691	50000.0	2.147075957854457
692	50000.0	0.1387676413912132
693	50000.0	0.014399037856190044
694	50000.0	2.2444738426539264
695	50000.0	0.009459354442723535
696	50000.0	0.4429788521606171
697	50000.0	0.031550166766911705
698	50000.0	3.363397431892799
699	50000.0	0.0526946631355115
700	50000.0	28.921381931637022
701	50000.0	79.46197958024705
702	50000.0	64.48067752571714
703	50000.0	53.02686885909215
704	50000.0	49.1850517021367
705	50000.0	6.821020478213773
706	50000.0	70.97889622763729
707	50000.0	27.405116508039622
708	50000.0	29.566785238825542
709	50000.0	23.227873068702003
710	50000.0	39.32898057896527
711	50000.0	56.57763958231736
712	50000.0	51.13053065715859
713	50000.0	31.232725229009805
714	50000.0	45.4084979044354
715	50000.0	56.658399719221656
716	50000.0	47.54629164125161
717	50000.0	50.16490381217325
718	50000.0	46.3112762386786
719	50000.0	71.5751299025687
720	50000.0	31.668323837292427
721	50000.0	40.44996077565468
722	50000.0	74.03330014282936
723	50000.0	42.165289362204604
724	50000.0	45.959446638735855
725	50000.0	21.76587308541177
726	50000.0	50.69847896854954
727	50000.0	56.24322365332525
728	50000.0	6.690955127013355
729	50000.0	26.16781425774544
730	50000.0	71.04598090601488
731	50000.0	21.753385580341764
732	50000.0	58.23793010062167
733	50000.0	81.79885743697362
734	50000.0	45.91441977375056
735	50000.0	49.90424545645637
736	50000.0	38.285015899602385
737	50000.0	37.2968651424848
738	50000.0	67.84101693288058
739	50000.0	26.40992057998675
740	50000.0	31.314126728033454
741	50000.0	31.334709921868175
742	50000.0	24.143058826731334
743	50000.0	35.87304971802097
744	50000.0	29.292398545275933
745	50000.0	36.078042036798884
746	50000.0	13.762937178839968
747	50000.0	43.118526616487834
748	50000.0	19.10106027420093
749	50000.0	49.83196585888817
750	50000.0	5.016214496980642
751	50000.0	5.331996810989853
752	50000.0	5.896146204688278
753	50000.0	5.5266433143760505
754	50000.0	5.0897968753747405
755	50000.0	6.34755324249557
756	50000.0	3.768259587553392
757	50000.0	3.8852143647244985
758	50000.0	5.260213451976276
759	50000.0	5.3999637792585435
760	50000.0	4.366688983111741
761	50000.0	6.977802064813906
762	50000.0	3.234388981373038
763	50000.0	5.759801811092641
764	50000.0	6.855589623887394
765	50000.0	2.90635894789463
766	50000.0	4.217370294964337
767	50000.0	5.651017411055505
768	50000.0	5.876729397462069
769	50000.0	5.3518980428362966
770	50000.0	6.024287917161924
771	50000.0	7.914790427629162
772	50000.0	3.8517400010563483
773	50000.0	2.9548482219251833
774	50000.0	6.538891978494123
775	50000.0	2.5338579957943503
776	50000.0	5.185204346013057
777	50000.0	4.260466862809482
778	50000.0	4.957628882351189
779	50000.0	6.253210550522262
780	50000.0	4.7639539978694785
781	50000.0	4.3995737146456575
782	50000.0	6.875310431475144
783	50000.0	6.398736218396621
784	50000.0	4.59738686607084
785	50000.0	5.706901732839492
786	50000.0	3.8321870202437793
787	50000.0	4.43593836634752
788	50000.0	6.188662253135986
789	50000.0	5.417535290310406
790	50000.0	5.596967183324159
791	50000.0	3.6623363475995645
792	50000.0	5.631463076584803
793	50000.0	3.2886110021853403
794	50000.0	4.450158038667125
795	50000.0	4.5910317376472065
796	50000.0	5.800211960634718
797	50000.0	5.975694367735522
798	50000.0	5.827015409383803
799	50000.0	3.901232647835412
800	50000.0	5.3496927065267235
801	50000.0	7.115468964964158
802	50000.0	3.075154127312884
803	50000.0	6.71414380147427
804	50000.0	11.329229949464377
805	50000.0	5.728505981537289
806	50000.0	5.203129240724841
807	50000.0	6.150526725830737
808	50000.0	7.406650232619046
809	50000.0	14.364139034480427
810	50000.0	7.6445196079580855
811	50000.0	9.234531272296982
812	50000.0	10.148425148936596
813	50000.0	9.091982211843064
814	50000.0	9.484173137150673
815	50000.0	7.015812413787375
816	50000.0	15.555955723357673
817	50000.0	8.445626203781373
818	50000.0	9.238283977936117
819	50000.0	10.263263417497372
820	50000.0	7.102590709518457
821	50000.0	9.22530402698276
822	50000.0	6.617890893730729
823	50000.0	2.8270952165133005
824	50000.0	7.117695813625072
825	50000.0	7.408153674385597
826	50000.0	6.742676712985454
827	50000.0	3.4461004801963435
828	50000.0	6.574081225973617
829	50000.0	3.7801364135051045
830	50000.0	5.534313853696025
831	50000.0	7.5027834059071505
832	50000.0	4.60941156606996
833	50000.0	4.056522869658073
834	50000.0	2.3182093761530895
835	50000.0	3.296351493769019
836	50000.0	8.855091661775319
837	50000.0	4.775240947791682
838	50000.0	13.630446657999311
839	50000.0	3.1843214823996577
840	50000.0	6.022509024807482
841	50000.0	5.346333432444826
842	50000.0	7.730360597539897
843	50000.0	4.660703375092568
844	50000.0	6.079965713631099
845	50000.0	15.668515663319932
846	50000.0	9.913399484540738
847	50000.0	7.061760464070619
848	50000.0	6.294163462770679
849	50000.0	6.608206364790789
850	50000.0	22.242189513340755
851	50000.0	27.431822118756166
852	50000.0	4.529142889365541
853	50000.0	26.842723186745125
854	50000.0	33.8502029151601
855	50000.0	19.92644710763502
856	50000.0	21.659932073136464
857	50000.0	27.093309643520286
858	50000.0	30.15168973618039
859	50000.0	51.253604434969716
860	50000.0	26.030677661566017
861	50000.0	35.38517630084113
862	50000.0	21.79258714137928
863	50000.0	26.32528454064622
864	50000.0	32.63271838969416
865	50000.0	21.816288148050752
866	50000.0	47.03155384994523
867	50000.0	23.837038837776806
868	50000.0	24.69514624674391
869	50000.0	21.170393075495973
870	50000.0	30.60397726427359
871	50000.0	36.12115448598924
872	50000.0	15.460394836805136
873	50000.0	11.277201457144116
874	50000.0	19.118843632511123
875	50000.0	16.931622853802775
876	50000.0	13.57951519940712
877	50000.0	10.385049853399561
878	50000.0	25.32542644254963
879	50000.0	12.018999645635956
880	50000.0	21.020845792934843
881	50000.0	28.878862566979564
882	50000.0	17.42965800895694
883	50000.0	11.485953219507817
884	50000.0	9.175192594927795
885	50000.0	11.960863231103755
886	50000.0	29.96157796093113
887	50000.0	18.07864215509723
888	50000.0	41.12009764036865
889	50000.0	14.407184182883793
890	50000.0	17.45707336503434
891	50000.0	23.214563341535996
892	50000.0	20.284639888651515
893	50000.0	16.777649530320577
894	50000.0	25.36295808462404
895	50000.0	47.8151165755503
896	50000.0	25.521597863753488
897	50000.0	23.53632811584928
898	50000.0	18.96810620110047
899	50000.0	20.999981501466895
900	46965.1	0.028710213101689596
901	50000.0	0.03011685475627779
902	50000.0	0.04573485870166536
903	40831.2	0.012213102267578612
904	50000.0	0.03753681410608287
905	50000.0	0.028227394662619254
906	50000.0	0.03725429363463402
907	47640.4	0.027851411406983752
908	50000.0	0.036081658814953954
909	37760.1	0.0046149628976282385
910	50000.0	0.016236384273809534
911	50000.0	0.044352737267082706
912	49947.6	0.02285217232990906
913	50000.0	0.04373390366446941
914	45808.1	0.035095714248531175
915	50000.0	0.03236275074458419
916	50000.0	0.033942330108563644
917	48816.1	0.019497613723307338
918	41885.8	0.02004360748410381
919	50000.0	0.04701838173420132
920	50000.0	0.023053976601780414
921	50000.0	0.024165501818598223
922	50000.0	0.02923243442308703
923	44063.2	0.008656060186883963
924	50000.0	0.050242775922213136
925	48616.8	0.05080766195903301
926	50000.0	0.03906333498696988
927	47298.7	0.03307152028841305
928	50000.0	0.020233117837072358
929	50000.0	0.03700926244957579
930	50000.0	0.03978211220300221
931	50000.0	0.029091513657001043
932	45417.4	0.008761013256532734
933	50000.0	0.025960926575159603
934	49304.1	0.03634053102994521
935	41517.3	0.015814654728125176
936	42895.3	0.005765925585206055
937	42125.0	0.01612500588122927
938	45690.5	0.01789806616786649
939	50000.0	0.046993782987048684
940	50000.0	0.041068904145623544
941	50000.0	0.05225184837808037
942	50000.0	0.040560860772209925
943	50000.0	0.04109182521973924
944	49489.1	0.018605653674348233
945	41586.1	0.01944514196058922
946	50000.0	0.052351107693645815
947	47268.8	0.02973382739901993
948	50000.0	0.046974805357094064
949	50000.0	0.011374203524445825
950	50000.0	0.9833061591030722
951	50000.0	1.0107534133672713
952	50000.0	0.9967623140894435
953	50000.0	0.9791594456418613
954	50000.0	0.7458849915520301
955	50000.0	0.9553585930902855
956	46003.8	0.7838277667077058
957	50000.0	0.6926533377026057
958	50000.0	0.7380837635403621
959	50000.0	1.065742824336488
960	50000.0	0.7539033293418255
961	50000.0	0.986987354717008
962	50000.0	1.0526366988559532
963	50000.0	1.0258427859394046
964	50000.0	1.0525998371609346
965	50000.0	1.1018204194621188
966	50000.0	0.9269532335137803
967	50000.0	1.0343556252517994
968	50000.0	0.7374657094038507
969	50000.0	0.9170695447951346
970	50000.0	0.9836279416410459
971	50000.0	0.981143953031261
972	50000.0	0.8995216192362072
973	50000.0	0.785757393321643
974	50000.0	0.9245802674239834
975	50000.0	0.8571140921835285
976	50000.0	0.9742658017816488
977	50000.0	0.8718352134964975
978	50000.0	0.833320758206955
979	50000.0	0.8168837075476448
980	50000.0	0.8411494517690125
981	50000.0	0.9448558215300112
982	50000.0	0.9106902246027184
983	50000.0	0.9261808815395207
984	50000.0	1.1153782857641494
985	50000.0	1.048359252050534
986	50000.0	0.9844042097726499
987	50000.0	0.8447470868251571
988	50000.0	0.9447028467298445
989	50000.0	0.7986097913165119
990	50000.0	0.883179540514476
991	50000.0	0.7779445394731768
992	50000.0	1.000159177039428
993	50000.0	0.9359011712247968
994	50000.0	0.883179540514476
995	50000.0	0.8450484400870313
996	50000.0	0.7978820286251713
997	47098.1	0.796111427677854
998	47201.6	0.9363647632490728
999	50000.0	0.8743996241377529
1000	45095.3	1.031640630933751
1001	50000.0	1.245255535304286
1002	50000.0	4.663165719663886
1003	46247.4	3.1307898186827656
1004	45092.5	1.120729981864506
1005	47864.0	1.7059256329247763
1006	50000.0	2.949940735430435
1007	38331.7	1.0342753298524898
1008	50000.0	2.755917749975586
1009	50000.0	1.9311409475472754
1010	32420.9	2.2264148544402316
1011	50000.0	1.896820873655237
1012	50000.0	1.4208373911077623
1013	38311.0	0.4892104485686618
1014	39469.7	1.263502057859267
1015	527.5	4.420893511904635e-09
1016	50000.0	1.2271568410705709
1017	21135.1	0.8269769798209762
1018	50000.0	1.8315694742768716
1019	45076.0	4.029735561520132
1020	48021.5	3.771439248489029
1021	23575.1	0.3875481018139614
1022	17382.5	0.1620029549074119
1023	46701.1	0.6226712202850077
1024	45893.1	0.854363452237718
1025	5137.4	3.1446543846635165e-09
1026	36717.8	0.6772892958717448
1027	1872.6	3.417579199690098e-09
1028	50000.0	5.781197371748369
1029	15248.7	0.07726076149858359
1030	8808.3	4.85682040828872e-09
1031	45076.9	0.5807237768411297
1032	50000.0	2.56925474386126
1033	28194.9	0.14061954216578768
1034	48068.9	1.8242753142395602
1035	2395.2	3.735954473125197e-09
1036	468.2	5.265950137484701e-09
1037	50000.0	1.2441739884387384
1038	8015.1	0.09299974130520869
1039	50000.0	1.7790184257741022
1040	38453.0	0.4055371068160011
1041	36811.4	2.6093689657875196
1042	45070.0	3.28652181178373
1043	50000.0	1.9416816868012539
1044	17153.3	0.06888333557269691
1045	50000.0	2.118634928020234
1046	33108.8	0.5831034794620396
1047	50000.0	1.2452555353043049
1048	12698.8	0.0013337469939149252
1049	50000.0	1.7684416374239063
1050	28485.6	0.32798226558950966
1051	1007.9	4.188272492422953e-09
1052	50000.0	1.3969036385817253
1053	15206.3	4.389956632473708e-09
1054	50000.0	5.429559325870194
1055	27878.8	0.8951664475653128
1056	50000.0	0.6918569111917574
1057	5331.5	4.068754625421317e-09
1058	45086.2	0.6226712203016759
1059	50000.0	0.9287874308389625
1060	30646.6	0.24751416554964104
1061	50000.0	2.6520327058534674
1062	50000.0	0.6918569111917663
1063	50000.0	8.185643203928866
1064	50000.0	8.204026615024292
1065	30041.3	0.41842214319906984
1066	45088.4	0.7583860014351458
1067	50000.0	2.5905477300896895
1068	50000.0	0.5300649301315825
1069	42040.4	2.854088641875014
1070	6398.6	4.814747533879191e-09
1071	50000.0	1.76149751332481
1072	28585.6	0.3705558571957118
1073	39316.8	0.8727201682729838
1074	50000.0	1.9549988595233043
1075	50000.0	2.0326192424672866
1076	50000.0	10.464017164378841
1077	35775.9	4.899648759429442
1078	17420.9	0.0003725174424223141
1079	24374.7	0.29548407139303756
1080	50000.0	6.577934824871349
1081	50000.0	1.1514036033292212
1082	50000.0	0.6918569111917574
1083	4437.9	4.851465926201957e-09
1084	50000.0	2.210809566310171
1085	45361.2	1.623509945194114
1086	50000.0	1.6674274512618428
1087	45071.8	0.6226712201677472
1088	50000.0	0.6729734938793965
1089	50000.0	1.6667158477224155
1090	50000.0	2.52699284303311
1091	10575.3	5.358760140786782e-09
1092	50000.0	5.06273745642982
1093	41035.2	0.5534855295655979
1094	50000.0	2.6570662625700714
1095	13662.5	0.04699136407474443
1096	50000.0	1.0119948391372833
1097	50000.0	3.214340732515184
1098	4091.5	5.2524948346183575e-09
1099	50000.0	1.9549988595233017
1100	50000.0	0.04645411818019853
1101	50000.0	0.011749459409411625
1102	50000.0	0.008971028028991208
1103	50000.0	0.01530024823791247
1104	50000.0	0.04608918086712231
1105	50000.0	0.09630102390718473
1106	50000.0	0.03834766109532175
1107	50000.0	0.07732166271293713
1108	50000.0	0.05366883732955767
1109	50000.0	0.05746857512902186
1110	50000.0	0.05187066083855579
1111	50000.0	0.04724961165061668
1112	50000.0	0.020161745648906396
1113	50000.0	0.06167068766982209
1114	50000.0	0.11576385718528022
1115	50000.0	0.027696471100299613
1116	50000.0	0.05410441177733962
1117	50000.0	0.07378002653832702
1118	50000.0	0.008190204588808009
1119	50000.0	0.056652568948803474
1120	50000.0	0.03467771404201923
1121	50000.0	0.13912300659554283
1122	50000.0	0.06106676990272132
1123	50000.0	7.508455069622499e-05
1124	50000.0	0.0018283415142457485
1125	50000.0	0.04411564701758479
1126	50000.0	0.05286556153308952
1127	50000.0	0.03759454990945753
1128	50000.0	0.01836519024614678
1129	50000.0	0.052283575591159835
1130	50000.0	0.039841397237082674
1131	50000.0	0.011589964351786932
1132	50000.0	0.06479055132837705
1133	50000.0	0.038572998722351995
1134	50000.0	0.05567575701121315
1135	50000.0	0.1060343662825742
1136	50000.0	0.061805943273066585
1137	50000.0	0.12668716475194966
1138	50000.0	0.019100465796056544
1139	50000.0	8.628685276246274e-06
1140	50000.0	0.08988869842566712
1141	50000.0	0.040726806145743484
1142	50000.0	0.08171056307891691
1143	50000.0	0.014816601525581775
1144	50000.0	0.08007530828883509
1145	50000.0	0.07801689656778074
1146	50000.0	0.05419864498289891
1147	50000.0	0.04237489848505836
1148	50000.0	0.13868115629515057
1149	50000.0	0.06374277454403157
1150	50000.0	4.974008852547085
1151	50000.0	3.2943052822919974
1152	50000.0	4.382213288671348
1153	50000.0	0.5921647933161067
1154	50000.0	4.5983155875283535
1155	50000.0	1.213483017810446
1156	50000.0	1.3627011042148995
1157	50000.0	5.483956816614999
1158	50000.0	1.1983340232771984
1159	50000.0	3.493715548496071
1160	50000.0	3.2136652032287865
1161	50000.0	4.355246206827935
1162	50000.0	4.995033066000242
1163	50000.0	1.674550003303881
1164	50000.0	1.2885194318898132
1165	50000.0	0.9905364555964293
1166	50000.0	1.0243295332374012
1167	50000.0	0.6439882299959789
1168	50000.0	3.9827866797763987
1169	50000.0	0.8424482596770728
1170	50000.0	3.7237312865350702
1171	50000.0	1.3050435546205095
1172	50000.0	0.5632262619250434
1173	50000.0	4.741250781142101
1174	50000.0	5.090313888891377
1175	50000.0	3.8299777039426486
1176	50000.0	0.6098197708700335
1177	50000.0	0.45781310254676094
1178	50000.0	1.0955844770046508
1179	50000.0	0.5808738481092759
1180	50000.0	5.556049412253211
1181	50000.0	4.867713487860231
1182	50000.0	0.5488957393922302
1183	50000.0	5.57828664618614
1184	50000.0	0.6071866927156816
1185	50000.0	4.2978380757494845
1186	50000.0	5.397941996818771
1187	50000.0	5.990220868690683
1188	50000.0	0.6820236282808783
1189	50000.0	0.9349629810342425
1190	50000.0	1.8633471194929705
1191	50000.0	3.7061432109219914
1192	50000.0	0.7554970322471986
1193	50000.0	2.7106496145805523
1194	50000.0	5.531833839367106
1195	50000.0	1.2173492806843136
1196	50000.0	1.367278768099986
1197	48744.2	0.8023630986671966
1198	50000.0	5.3645891033969475
1199	50000.0	1.1183485520666505
