	0	1
0	2723.4	7.516858387817719e-09
1	2712.3	7.411395162025708e-09
2	2760.1	8.32623980038296e-09
3	2688.2	8.09215305119401e-09
4	2613.9	8.005009637080817e-09
5	2669.0	7.654020417564181e-09
6	2726.2	8.076682250703273e-09
7	2919.8	7.85477224083378e-09
8	2736.3	6.9754705913349165e-09
9	2425.8	7.087780740210606e-09
10	2809.5	6.6262974159019796e-09
11	2663.7	7.036399380177294e-09
12	2947.5	8.46405922849806e-09
13	2670.7	8.124666741807008e-09
14	2489.1	7.571895823200353e-09
15	2857.3	7.85098904393139e-09
16	2843.0	5.971515333797487e-09
17	2647.3	7.572121997693616e-09
18	2708.5	7.132946500741754e-09
19	2750.2	7.3397164919521395e-09
20	2689.8	7.836295279134703e-09
21	2630.6	8.15437495657938e-09
22	2770.0	7.186157861225042e-09
23	2775.8	6.956190357313153e-09
24	2669.6	6.9569076424346e-09
25	2742.7	7.128367661891584e-09
26	12272.3	3.682758338187379e-08
27	3069.2	7.466581322950795e-09
28	2884.3	7.418845096600291e-09
29	2637.3	7.1441246556191506e-09
30	2721.7	7.899920731114165e-09
31	2647.5	8.203608903132763e-09
32	2630.6	7.407398672124381e-09
33	2770.0	7.679629057276982e-09
34	2816.7	6.968865791245524e-09
35	2681.6	8.20926007226143e-09
36	2731.3	7.0565731813389406e-09
37	2541.1	8.243261584763499e-09
38	2705.9	6.517985962364345e-09
39	2747.2	7.710915835566672e-09
40	2799.3	7.986104942113826e-09
41	2827.5	7.762212117202505e-09
42	2480.8	7.273793668494374e-09
43	2670.8	7.688195605489935e-09
44	2809.5	6.461820842109828e-09
45	2605.5	8.224281128840737e-09
46	2713.4	6.601187958727675e-09
47	2648.4	8.304124394381653e-09
48	2649.7	7.3426783624921064e-09
49	2791.1	8.417046787697373e-09
50	4043.7	7.679835080067452e-09
51	3854.6	7.217797326604127e-09
52	3938.8	7.540134309805164e-09
53	3779.7	7.758255930734658e-09
54	3932.3	8.618791426810478e-09
55	4254.5	6.890678166728507e-09
56	8534.5	0.00040968081733736987
57	3978.6	7.546289094249207e-09
58	3843.5	8.513836583769064e-09
59	3900.7	7.809082835334619e-09
60	4029.2	8.202679114394327e-09
61	4047.4	7.579222498665977e-09
62	3861.7	7.187573666372358e-09
63	3899.5	6.574315279355955e-09
64	3868.5	6.998561410414895e-09
65	3979.7	7.4011770645080454e-09
66	3743.7	8.163425137747385e-09
67	4007.8	7.293904520676807e-09
68	3761.2	7.906665504062337e-09
69	3923.2	7.212604764309871e-09
70	3906.8	7.091057869001896e-09
71	4188.4	7.47466867461948e-09
72	4150.4	7.770130902990678e-09
73	4276.7	6.981509391286721e-09
74	4039.0	7.693580078092735e-09
75	3967.1	8.056979923381318e-09
76	4093.0	7.073097922695327e-09
77	3890.0	6.991297951306521e-09
78	3940.6	7.252840110399653e-09
79	3906.7	7.812021292267594e-09
80	3850.0	8.744750840610227e-09
81	4080.8	6.460469725603338e-09
82	4142.6	6.904997531339755e-09
83	3937.2	8.991828798512918e-09
84	3978.8	7.905903511136249e-09
85	3946.4	7.46274831758388e-09
86	3987.1	7.76410506467636e-09
87	3820.4	7.050421063879805e-09
88	3943.6	6.881412612967817e-09
89	3828.0	7.894988815529494e-09
90	3821.4	8.125761591559756e-09
91	4031.7	7.386616733035342e-09
92	3838.3	8.064818567681003e-09
93	3921.7	6.189550203998778e-09
94	3758.5	8.111228912858436e-09
95	4099.8	7.514384590257838e-09
96	3853.9	8.267461040468573e-09
97	3856.9	7.621153910586087e-09
98	3894.0	8.888879807002444e-09
99	3888.9	6.911944413554178e-09
100	50000.0	2.1673521723167415
101	50000.0	3.0149251407678883
102	50000.0	1.3055172971037108
103	50000.0	1.7272915712595975
104	50000.0	1.722866502376799
105	50000.0	1.5692184623770093
106	50000.0	1.4344658434833257
107	50000.0	1.8553574188841957
108	50000.0	1.902224198901005
109	50000.0	1.107608224819045
110	50000.0	1.7419514391817994
111	50000.0	2.1932947136421617
112	50000.0	2.806891558127661
113	50000.0	1.5564955598537162
114	50000.0	1.7986432862732102
115	50000.0	1.616986874476784
116	50000.0	1.8219756421337283
117	50000.0	1.4316038832669964
118	50000.0	1.4096980522443427
119	50000.0	2.1535936005586596
120	50000.0	1.3026083993807611
121	50000.0	1.9830458143827356
122	50000.0	2.6916936355071277
123	50000.0	2.4638089680469557
124	50000.0	1.2063760255861196
125	50000.0	1.4442353665188383
126	50000.0	1.850780125094603
127	50000.0	1.4453403567510235
128	50000.0	2.323368349302436
129	50000.0	1.6762233847771166
130	50000.0	1.8168365658482277
131	50000.0	1.5632954175073808
132	50000.0	2.2638819987953456
133	50000.0	5.858361398395497
134	50000.0	1.4820729647379827
135	50000.0	2.9885265295681203
136	50000.0	1.4347012131899113
137	50000.0	1.6679322327986903
138	50000.0	1.4939613816680157
139	50000.0	3.9719798648097218
140	50000.0	1.282815447590736
141	50000.0	1.6988620719244132
142	50000.0	1.6492541150234423
143	50000.0	1.513197989675692
144	50000.0	1.3251674908106654
145	50000.0	1.4035169721865632
146	50000.0	1.3806696275922385
147	50000.0	1.7554925537516621
148	50000.0	1.7362456627047815
149	50000.0	1.7602273668137378
150	50000.0	3.983064559169646
151	50000.0	3.439220927002488
152	50000.0	3.575021621609166
153	50000.0	3.3749623654372485
154	50000.0	3.8635753738919805
155	50000.0	3.303285960569552
156	50000.0	3.80286460861448
157	50000.0	3.0108450347665245
158	50000.0	3.361192247565113
159	50000.0	2.8809425413237095
160	50000.0	3.7520710266698556
161	50000.0	4.929717120320213
162	50000.0	3.507475996559529
163	50000.0	4.535168205451848
164	50000.0	3.8839971985295287
165	50000.0	3.9617896060391784
166	50000.0	3.706516553531107
167	50000.0	3.943970447586338
168	50000.0	3.8871774928356286
169	50000.0	4.55667593712319
170	50000.0	3.694794746160923
171	50000.0	3.5154424531009183
172	50000.0	3.3769485800025594
173	50000.0	4.320744487489472
174	50000.0	2.202047377656334
175	50000.0	2.610255275602549
176	50000.0	4.128504936942976
177	50000.0	2.889625696448296
178	50000.0	3.015747756087827
179	50000.0	3.646831156488788
180	50000.0	2.3260909346228975
181	50000.0	3.1495744474812675
182	50000.0	4.241239974394716
183	50000.0	4.303723003756327
184	50000.0	3.580325337086163
185	50000.0	4.590907489161477
186	50000.0	4.110234647104991
187	50000.0	3.7309765938085633
188	50000.0	2.3727448825503417
189	50000.0	4.359697507722481
190	50000.0	3.823677602148625
191	50000.0	4.572164111758086
192	50000.0	3.903344844116524
193	50000.0	4.11091588856829
194	50000.0	3.499995818348456
195	50000.0	3.295342366023251
196	50000.0	4.432062034304386
197	50000.0	3.1565758296946145
198	50000.0	3.2860381027011285
199	50000.0	3.2496987007250295
200	1964.9	0.0
201	1785.8	0.0
202	2226.1	0.0
203	2051.0	0.0
204	2195.9	0.0
205	1681.7	0.0
206	1443.1	0.0
207	2143.5	0.0
208	1427.7	0.0
209	2308.1	0.0
210	2143.8	0.0
211	2234.3	0.0
212	1759.2	0.0
213	1785.8	0.0
214	2067.4	0.0
215	1655.5	0.0
216	2050.3	0.0
217	1942.4	0.0
218	2217.7	0.0
219	2147.4	0.0
220	2507.8	0.0
221	2343.8	0.0
222	2217.7	0.0
223	1962.6	0.0
224	1573.2	0.0
225	2263.3	0.0
226	2061.7	0.0
227	2147.4	0.0
228	2343.8	0.0
229	2067.4	0.0
230	2256.1	0.0
231	2052.0	0.0
232	1436.7	0.0
233	1750.5	0.0
234	2343.8	0.0
235	2065.5	0.0
236	1908.3	0.0
237	1816.9	0.0
238	1667.5	0.0
239	1962.6	0.0
240	2215.9	0.0
241	1427.7	0.0
242	2311.4	0.0
243	2129.1	0.0
244	1755.9	0.0
245	2265.6	0.0
246	1979.3	0.0
247	1401.5	0.0
248	1837.9	0.0
249	2159.0	0.0
250	4555.6	7.936567360418398e-10
251	4219.7	8.77722534040554e-10
252	13236.9	1.0198545461487886e-07
253	4055.8	8.304934336170446e-10
254	4320.6	8.526016304337244e-10
255	8562.3	3.6878522137762056e-07
256	4342.1	9.043411100423019e-10
257	4487.3	9.433778775448843e-10
258	4480.3	8.531631058664235e-10
259	4532.8	9.525334178842122e-10
260	4372.4	9.415762389585055e-10
261	4752.2	8.419195953751156e-10
262	4071.5	9.593369008830078e-10
263	4396.4	8.616345705379829e-10
264	4878.5	8.837565659620841e-10
265	8564.5	1.6956926072197565e-08
266	3936.1	8.642116190417415e-10
267	4021.3	9.561970997936507e-10
268	3932.2	9.227412678407036e-10
269	4311.1	9.550817758228362e-10
270	4288.9	8.88001835395848e-10
271	4213.7	9.605009108857736e-10
272	4210.9	8.510619968840087e-10
273	8944.9	4.2540029110388455e-07
274	4012.0	8.558539532435659e-10
275	4452.7	8.349892773681343e-10
276	4622.1	9.050089877987235e-10
277	8437.0	5.7282234829449216e-08
278	4433.4	9.837666385552208e-10
279	8752.7	5.5732501175015966e-09
280	9118.2	1.31430550525714e-07
281	4319.8	8.021450850691145e-10
282	9006.1	1.5841688895229126e-08
283	3792.4	9.044865078751077e-10
284	3890.3	9.294467692349353e-10
285	4059.4	9.441199770835317e-10
286	4473.4	8.858987279373313e-10
287	4086.8	9.081853358653717e-10
288	8608.7	9.656446211639111e-08
289	3668.9	9.424090824136412e-10
290	4705.1	8.548414998233407e-10
291	4101.0	9.613487934430967e-10
292	3745.7	9.41187040233215e-10
293	4086.7	8.437367244779376e-10
294	4076.5	8.507825145717941e-10
295	8416.0	2.2449486733964565e-07
296	3837.3	9.188544143048073e-10
297	4163.7	8.733715842336885e-10
298	3794.0	9.381175548189347e-10
299	4370.2	9.259341610683179e-10
300	1221.5	0.0
301	50000.0	92.94000000435226
302	50000.0	35.350000004882496
303	50000.0	3.820000005371832
304	50000.0	21.75000000417112
305	50000.0	64.79000000279035
306	50000.0	54.070000004765916
307	1913.3	0.0
308	50000.0	22.6300000054464
309	50000.0	15.540000005268771
310	1350.2	0.0
311	50000.0	396.04000000368467
312	50000.0	128.11000000626706
313	2799.2	0.0
314	50000.0	311.0100000049796
315	3312.4	0.0
316	50000.0	29.26000000445875
317	3334.2	0.0
318	50000.0	43.190000006347184
319	50000.0	1000.0000000066426
320	50000.0	290.9700000045146
321	3403.0	0.0
322	1693.1	0.0
323	3108.7	0.0
324	50000.0	412.920000002508
325	50000.0	216.94000000566444
326	50000.0	117.50000000229652
327	50000.0	53.48000000492137
328	50000.0	7.780000003943603
329	50000.0	72.60000000425761
330	1681.0	0.0
331	50000.0	14.650000003771552
332	2099.4	0.0
333	50000.0	10.210000004830945
334	50000.0	39.06000000392715
335	3287.7	0.0
336	50000.0	263.20000000496395
337	50000.0	14.140000005258774
338	50000.0	42.420000006126116
339	50000.0	2.3500000054385066
340	2353.9	0.0
341	2141.0	0.0
342	50000.0	675.0100000051025
343	2500.6	0.0
344	2123.3	0.0
345	1543.0	0.0
346	50000.0	56.81000000515304
347	50000.0	42.0900000040048
348	50000.0	45.790000004610874
349	2768.4	0.0
350	8209.9	0.004472916189126264
351	3651.2	6.93037464337746e-09
352	3645.7	8.150159125339677e-09
353	3659.6	7.480534129283057e-09
354	8419.0	0.012596714964188658
355	3573.0	7.088380125382144e-09
356	8282.4	0.03561280787371896
357	3439.6	5.861137153196068e-09
358	8068.6	0.021356232278687454
359	8254.2	0.001104539039456128
360	3664.8	6.733298982896134e-09
361	8415.1	0.0002114857026916317
362	3547.7	7.786431666328286e-09
363	3871.0	7.422781272980827e-09
364	3686.5	7.828281553971438e-09
365	3539.7	8.391803072804586e-09
366	12916.9	0.07175491482160337
367	3786.5	7.817083372107165e-09
368	3580.9	8.01045316110737e-09
369	8276.6	0.0005850777769349162
370	3539.7	8.032346790088973e-09
371	3695.6	8.350791957625092e-09
372	3523.0	7.715875760018974e-09
373	3693.9	7.2461790403820575e-09
374	17670.6	0.032320699995371356
375	8318.9	0.0038154263504179753
376	3607.1	7.772156129109834e-09
377	8174.1	0.02662582141053623
378	3580.0	6.5527809042593156e-09
379	3821.1	8.50927334251747e-09
380	3742.2	7.23532732241456e-09
381	3584.9	7.344652518685563e-09
382	8098.5	0.007807986766210262
383	8302.3	0.003584464750565876
384	12971.1	0.02088901064534672
385	3866.2	7.547385565149915e-09
386	3968.2	7.747419705005481e-09
387	12909.9	0.010021472255682517
388	3666.0	8.155802881102403e-09
389	8296.1	0.0006478232101558353
390	8505.2	0.013792289187323567
391	3626.6	6.935824103810336e-09
392	8354.6	0.007275232946242878
393	3576.7	8.045602200830814e-09
394	3730.1	6.9547302884337685e-09
395	8339.0	0.015344005222641727
396	3633.4	7.80095748884242e-09
397	3898.4	7.279999293298414e-09
398	3637.2	7.371423919566301e-09
399	22140.9	0.05957449818942253
400	3673.6	7.598085154888167e-09
401	3798.5	7.501444918696838e-09
402	12849.7	0.004526606744280942
403	3881.6	7.368227391351031e-09
404	3436.2	8.357838481999916e-09
405	3800.7	7.580674417334975e-09
406	3594.7	7.127083705618755e-09
407	3729.5	7.819247439791015e-09
408	3599.7	6.979832735065492e-09
409	12999.4	0.0007925192102481554
410	8114.8	0.0004900865205018777
411	3793.6	6.9620643588390274e-09
412	3648.6	7.1562987828818585e-09
413	3577.6	6.271814141198985e-09
414	3669.4	7.277042174256497e-09
415	3641.0	7.245649118417844e-09
416	8500.0	0.0005254795291132248
417	3641.1	7.216161295296935e-09
418	3629.0	8.020392189124068e-09
419	12878.6	0.0004292918688521055
420	3579.6	7.819976065729605e-09
421	3753.4	7.96906424337637e-09
422	3728.0	7.160079789609913e-09
423	12941.7	0.0003985805675625059
424	3517.5	8.413721650853215e-09
425	3768.1	7.870818296057291e-09
426	3638.2	7.78067962624279e-09
427	8213.4	0.00018400410538721088
428	3686.3	6.857456551974702e-09
429	3879.8	6.952243037194151e-09
430	3708.4	7.317465952183557e-09
431	8364.7	0.0005307629113090736
432	3437.4	7.983024831063566e-09
433	3833.0	6.68807742278817e-09
434	8168.7	7.779846484693041e-05
435	3641.1	7.479384145707912e-09
436	8190.1	0.00012505164522169096
437	3599.9	7.39538934762175e-09
438	3637.7	7.47228894347552e-09
439	8452.4	0.00016196477042695943
440	3873.2	8.086420072783124e-09
441	3817.5	7.370859501153608e-09
442	3674.0	7.89384276471766e-09
443	3707.7	8.237957164453488e-09
444	3729.7	8.273760591232974e-09
445	3698.6	7.85279355074842e-09
446	8435.1	0.00011545346811359425
447	3768.1	6.833920846771138e-09
448	8150.0	1.8999845478116455e-05
449	3672.0	7.781791049800714e-09
450	4279.8	8.084891134826393e-09
451	3992.3	6.799272031455213e-09
452	4015.6	8.425862504581485e-09
453	3953.6	8.032045429216294e-09
454	4099.5	6.670908228775416e-09
455	3956.3	7.018490798849289e-09
456	4087.7	8.00169465265801e-09
457	3820.7	7.073250974482794e-09
458	3878.3	8.492391008496844e-09
459	3892.2	8.057915785886482e-09
460	3963.5	7.728688192642654e-09
461	3909.3	7.442024609541781e-09
462	4093.0	7.218177988739194e-09
463	4152.7	8.020380953449082e-09
464	4116.4	6.503618566273521e-09
465	4033.6	8.248184888729522e-09
466	3724.0	8.035026231004245e-09
467	3979.2	8.122567651003234e-09
468	3849.1	7.661585954233135e-09
469	4247.2	8.29366293466601e-09
470	4111.9	6.116446699538763e-09
471	4005.3	7.948538256580546e-09
472	3929.1	6.730779333236775e-09
473	4016.1	8.095472711379574e-09
474	4078.4	7.057505114931675e-09
475	3744.2	7.455768117429438e-09
476	4122.5	7.429804616039444e-09
477	17864.8	0.008642522771482804
478	3893.7	7.49952294119448e-09
479	4204.6	7.58620064638693e-09
480	4133.8	7.727017686735409e-09
481	8484.7	1.7158387788771368e-05
482	4100.5	7.1063816018010345e-09
483	3838.0	7.699226484006308e-09
484	3971.9	7.621880172703912e-09
485	3955.4	7.522840686968518e-09
486	3828.2	7.149023238382659e-09
487	3988.2	7.556605946543112e-09
488	4039.2	7.4279967181003796e-09
489	3809.9	7.017489798423741e-09
490	4103.6	6.981628363633888e-09
491	3915.0	8.440676686953344e-09
492	3833.7	7.366952840376158e-09
493	4066.2	7.445266639708953e-09
494	3805.2	7.709998800905694e-09
495	3969.1	6.475029632395225e-09
496	3859.5	8.390468167948385e-09
497	3977.9	7.111056250707251e-09
498	4100.8	6.273151177484828e-09
499	3945.1	7.70672103374216e-09
500	3670.2	6.3473963970337794e-09
501	3157.3	7.717468595081517e-09
502	3339.6	7.82131390572578e-09
503	3473.0	7.547927989209766e-09
504	3396.3	6.528822202465438e-09
505	3186.6	7.873808107117783e-09
506	3087.9	7.724139621643864e-09
507	3551.8	7.595407101649877e-09
508	3281.0	8.598496965184896e-09
509	3364.1	7.127943978770651e-09
510	3486.7	7.538071995079e-09
511	3230.2	7.632613655772741e-09
512	3440.7	7.354754075007473e-09
513	3557.4	7.35453670384455e-09
514	3567.7	7.237447475900894e-09
515	3326.8	7.810223324933682e-09
516	3531.1	8.507633617906162e-09
517	3778.0	8.04350156618253e-09
518	3727.4	7.853586985217908e-09
519	3342.0	7.269390386716256e-09
520	3477.9	8.371882869044226e-09
521	3159.4	7.488533233641729e-09
522	3554.9	7.70555439951003e-09
523	3239.8	6.77023465354411e-09
524	7911.3	2.9232683316365605e-07
525	3308.6	7.444155506293947e-09
526	3402.6	7.2805345923340306e-09
527	3322.1	7.697130051674136e-09
528	3335.8	7.018868605540278e-09
529	3549.4	6.953334338714944e-09
530	3498.2	6.915812764144983e-09
531	3462.7	7.695561340095649e-09
532	3583.4	7.376994824301632e-09
533	3467.8	7.86947562696062e-09
534	3384.6	6.505098660146647e-09
535	3358.8	6.7671369695584715e-09
536	3469.3	7.410565272064786e-09
537	3346.7	7.668281624835385e-09
538	3508.9	6.72953495455621e-09
539	3561.2	8.3644841667836e-09
540	3300.2	6.990223056155986e-09
541	3626.3	8.09812258484492e-09
542	3244.2	7.424023647490991e-09
543	3461.9	7.533326974713982e-09
544	3126.6	6.808387994412858e-09
545	8101.1	7.992597961866206e-09
546	7835.8	8.794220062610151e-08
547	3410.7	6.995797201511504e-09
548	3356.9	8.851210579736886e-09
549	3594.7	7.820526896272121e-09
550	19024.0	0.05663528390477278
551	23595.4	0.10020782923934221
552	4788.0	6.797766800885008e-09
553	23598.3	0.025559933420133178
554	18400.5	0.0042008040785886085
555	8965.7	1.1369807409194356e-05
556	18369.7	0.046964276390290646
557	9359.7	1.1631446291125566e-06
558	41089.5	0.023876371946478743
559	4517.9	7.351312972893253e-09
560	5064.4	6.254337888203407e-09
561	18477.5	0.06003033569364587
562	9164.2	0.0046989452186589255
563	4836.7	7.0024109816462245e-09
564	36614.0	0.22967968675052575
565	41267.2	1.0540939977432116
566	50000.0	0.04023532632955713
567	14540.7	0.01664665751445836
568	27418.5	0.26192869279035025
569	28219.6	0.03465185003475784
570	36850.5	0.1278586095063931
571	27411.6	0.21506437248254806
572	41027.5	0.07903621253772566
573	32675.2	0.12409409829593696
574	50000.0	0.09862056179396123
575	13996.0	0.00571670235801683
576	9313.1	1.4454129623857068e-06
577	27440.2	0.06118469713176737
578	32315.2	0.0011000975916197308
579	32240.4	0.004861303552796292
580	14029.7	0.0017282469579902406
581	50000.0	0.19644971214767332
582	36709.2	0.07143520715206245
583	27898.0	0.26944129966063735
584	9513.3	1.6567525927915856e-08
585	41443.8	0.09108609687420377
586	18736.1	0.0020765786347223007
587	13770.7	0.010574660954360496
588	45495.5	0.17468658280501365
589	32181.9	3.682861887166365e-05
590	9333.1	1.971181979237031e-06
591	9391.6	1.0828627431875333e-08
592	18653.5	1.3199756410029217e-06
593	41437.7	0.2878997309768078
594	5049.6	6.187864217616175e-09
595	5003.0	7.4158709782691334e-09
596	50000.0	0.11581101747782892
597	19193.6	0.038551963154895376
598	18700.5	0.10092367584335496
599	5175.7	6.9819266784117894e-09
600	5926.2	8.095882222366031e-09
601	5913.6	8.874379697235618e-09
602	10431.3	0.006806512044374278
603	6349.4	8.131234367397292e-09
604	5869.2	7.582401485074406e-09
605	5896.6	7.911761810927925e-09
606	6384.1	8.7778576462073e-09
607	5965.2	8.215672452224978e-09
608	6172.5	8.175144242385011e-09
609	6047.7	8.296563602607557e-09
610	6180.2	8.677031247869563e-09
611	6082.2	8.306353855037331e-09
612	5976.9	8.19535186312912e-09
613	5900.7	7.91532407780805e-09
614	5913.7	8.485579470373895e-09
615	6176.6	8.63394707316795e-09
616	6077.5	8.912775871957692e-09
617	6292.0	7.911500282486832e-09
618	5958.1	7.921685062831816e-09
619	6160.6	8.194781927891326e-09
620	6230.0	8.237870181063345e-09
621	6122.6	8.652817328210978e-09
622	6147.3	8.404261912081168e-09
623	5922.9	8.927421310212084e-09
624	5962.2	8.375695193555928e-09
625	6124.5	8.527360436452329e-09
626	5941.3	8.335008625658876e-09
627	5903.4	8.329434222020172e-09
628	5920.0	7.980139063588776e-09
629	6102.8	8.294598315768657e-09
630	5850.7	8.355974958120202e-09
631	6143.1	8.44281138462445e-09
632	6231.7	8.281151425210338e-09
633	6236.1	8.446549916269284e-09
634	6120.0	8.829365284890972e-09
635	6036.3	8.764725943599381e-09
636	6077.3	8.17332134588683e-09
637	6075.5	7.983839304004488e-09
638	6219.3	8.390043354860258e-09
639	6065.5	8.360597335614003e-09
640	6033.8	8.657589998280909e-09
641	6218.8	9.207465799396988e-09
642	6001.5	8.778100123339698e-09
643	5843.2	7.86472652837385e-09
644	5754.8	9.06855558978794e-09
645	5957.4	8.772893114328491e-09
646	6213.7	8.447138681092209e-09
647	6211.6	7.98161259588031e-09
648	10375.4	0.02208866790095786
649	6063.7	8.351962261958503e-09
650	3165.0	8.130369677655692e-09
651	3534.4	8.799606470730829e-09
652	3214.8	7.2815552708707305e-09
653	3456.1	8.262213417276805e-09
654	3392.1	6.641795741142765e-09
655	3278.9	7.209576859962246e-09
656	3225.9	6.911226976039902e-09
657	3382.2	8.154860680605584e-09
658	3289.3	8.198161342684487e-09
659	3357.1	6.8881557780299814e-09
660	3496.5	7.932067913500123e-09
661	3516.0	7.4173131273030574e-09
662	3460.9	8.256167110004908e-09
663	3336.1	8.108129328315175e-09
664	3312.2	7.020625769800253e-09
665	3619.9	7.246666920817085e-09
666	3334.7	7.798812311890439e-09
667	3309.8	7.828219949558691e-09
668	3740.7	7.003480214158337e-09
669	3497.2	8.254618492295864e-09
670	3426.6	7.716576701061269e-09
671	3339.6	7.268293314273185e-09
672	3353.0	7.347868048409456e-09
673	3444.2	8.080998885205077e-09
674	3668.2	7.871749828400031e-09
675	3463.0	7.69635583282457e-09
676	3467.0	6.911111646766669e-09
677	3356.6	6.343824735310687e-09
678	3530.2	7.171047805731821e-09
679	3700.9	7.583542448437453e-09
680	3527.0	8.49357849074595e-09
681	3599.4	7.562523319001022e-09
682	3574.8	6.279851788123304e-09
683	3457.4	7.109231946656719e-09
684	3386.2	6.5099575341630355e-09
685	3399.2	8.01027429325104e-09
686	3376.4	8.584595933199464e-09
687	3386.4	6.501142236599345e-09
688	3338.8	7.168926550688288e-09
689	3352.5	7.691865091380333e-09
690	3490.0	6.7668684168295336e-09
691	3303.4	7.956995240557383e-09
692	3366.9	8.088584971030046e-09
693	3351.5	7.894811443962371e-09
694	3438.7	8.17738630940744e-09
695	3469.1	7.039447719045791e-09
696	3618.4	8.117156230253321e-09
697	3218.9	7.692413566957403e-09
698	3271.4	7.566672299329442e-09
699	3300.6	7.3617543656060025e-09
700	50000.0	0.5388397399868402
701	50000.0	0.32135405955677954
702	50000.0	0.015259180539239678
703	50000.0	0.9830792875009788
704	45345.3	0.7011614409255926
705	45341.3	1.6423261230846524
706	50000.0	0.22068162007656839
707	50000.0	2.9235747331742584e-06
708	50000.0	0.7785464227093821
709	45325.7	0.7004015900326654
710	50000.0	0.5167864976720821
711	45341.5	0.10347454096301845
712	50000.0	0.033346495209753864
713	50000.0	1.2199611921489062
714	50000.0	0.08239326288827206
715	50000.0	0.037460723795925126
716	50000.0	0.007913011933825946
717	50000.0	0.6644191161207562
718	50000.0	0.5666146696125492
719	50000.0	0.013573938969424881
720	50000.0	0.8118725639774389
721	50000.0	0.19093435151160515
722	50000.0	1.4969612642182897
723	50000.0	0.26509769307705355
724	50000.0	0.8665148638280626
725	45332.4	0.7269311460244416
726	50000.0	0.7865303567213127
727	50000.0	0.30594614621495586
728	50000.0	1.0041579436075394
729	50000.0	1.0301003000761313
730	50000.0	0.34433316692406907
731	50000.0	1.2045435602862107
732	50000.0	0.8742722539786698
733	50000.0	0.020150885714363027
734	50000.0	0.4283786502037746
735	50000.0	0.39967092051133596
736	50000.0	1.5424523100830287
737	50000.0	0.7749586932529253
738	50000.0	1.1635828378675677e-05
739	50000.0	0.9573759787205043
740	50000.0	0.7210022961620257
741	50000.0	0.282800281084354
742	50000.0	1.069128089144401
743	50000.0	0.46672145349520705
744	50000.0	0.6419077975106054
745	50000.0	0.9626641445496447
746	50000.0	2.7088457090599727
747	50000.0	0.2746651355747825
748	50000.0	1.2858922827354682
749	50000.0	0.5638403380269674
750	50000.0	2.3483394667366295
751	50000.0	4.249031613959378
752	50000.0	1.7360182241625153
753	50000.0	3.5231733444248334
754	50000.0	5.557343368942463
755	50000.0	4.8079791702877035
756	50000.0	2.5881067954029175
757	50000.0	2.673332134550297
758	50000.0	1.7007996477516685
759	50000.0	3.799768586631027
760	50000.0	3.601035874853158
761	50000.0	4.172162985808084
762	50000.0	1.8821837852151453
763	50000.0	5.389354547244786
764	50000.0	4.947901135933887
765	50000.0	2.2137669469288914
766	50000.0	2.492552305534875
767	50000.0	5.286738631607195
768	50000.0	3.457018748235125
769	50000.0	3.8064291349133903
770	50000.0	6.37214181638505
771	50000.0	3.9763760790915037
772	50000.0	2.2511264554580808
773	50000.0	2.115294967305984
774	50000.0	4.755708056528979
775	50000.0	2.254226963357634
776	50000.0	4.603934718590855
777	50000.0	2.0069326523893083
778	50000.0	3.8917856260160884
779	50000.0	4.6463920693736895
780	50000.0	2.299441466295902
781	50000.0	3.9599309158301508
782	50000.0	4.752909601151552
783	50000.0	2.7220137222188154
784	50000.0	3.439036761649045
785	50000.0	4.606300956697063
786	50000.0	2.6260062761403486
787	50000.0	3.948178796789982
788	50000.0	4.962830710012871
789	50000.0	3.039193432333928
790	50000.0	3.7139839505083465
791	50000.0	1.943674355706973
792	50000.0	2.0401947036125647
793	50000.0	1.831197908739572
794	50000.0	2.115596511029859
795	50000.0	3.1610709060061164
796	50000.0	5.199777002366384
797	50000.0	4.3161509569779914
798	50000.0	4.188263252877715
799	50000.0	2.3962640277698095
800	50000.0	5.349788478192044
801	50000.0	7.11546796089208
802	50000.0	3.0751475963528696
803	50000.0	6.714140747042738
804	50000.0	11.737210188745433
805	50000.0	5.728476846523276
806	50000.0	5.203129226278769
807	50000.0	6.145137188214511
808	50000.0	7.37118746840653
809	50000.0	14.364862821456493
810	50000.0	7.644514442994483
811	50000.0	9.234530742676043
812	50000.0	10.148425297272203
813	50000.0	9.091982229001
814	50000.0	9.484172691633884
815	50000.0	7.01580594041665
816	50000.0	14.893253316280248
817	50000.0	8.445624016365418
818	50000.0	9.364924286939479
819	50000.0	10.211694383240939
820	50000.0	7.269381710165218
821	50000.0	9.22530879700714
822	50000.0	6.724706647854222
823	50000.0	2.712076466944235
824	50000.0	7.117690620017671
825	50000.0	7.408153695408489
826	50000.0	6.624852051791824
827	50000.0	3.4461004992344515
828	50000.0	6.5740567529725835
829	50000.0	3.997516063661197
830	50000.0	5.5343138834780445
831	50000.0	7.502783258591752
832	50000.0	4.676369942828249
833	50000.0	4.057788274274109
834	50000.0	2.3203544466889636
835	50000.0	3.2963500995257626
836	50000.0	8.855091135728117
837	50000.0	4.77523969668677
838	50000.0	13.634716549107955
839	50000.0	3.1843237270593816
840	50000.0	6.02251057519374
841	50000.0	5.346335966318171
842	50000.0	7.810313929616025
843	50000.0	4.660710337422554
844	50000.0	6.07996571219448
845	50000.0	14.207678581491397
846	50000.0	8.638047460460012
847	50000.0	7.061778839953204
848	50000.0	6.32006981785317
849	50000.0	6.608207420017353
850	50000.0	22.24065676417459
851	50000.0	28.23817002167302
852	50000.0	4.527791251521775
853	50000.0	27.170290732215648
854	50000.0	34.39737734936004
855	50000.0	19.926361909243695
856	50000.0	21.859210092762755
857	50000.0	27.642583953465028
858	50000.0	29.839831830502977
859	50000.0	51.35991910569493
860	50000.0	26.030682329227897
861	50000.0	35.742547707793115
862	50000.0	21.998551569282387
863	50000.0	25.938345951434155
864	50000.0	35.02246534241082
865	50000.0	21.81887087688881
866	50000.0	47.38287129041229
867	50000.0	23.751696687131194
868	50000.0	25.35496506696751
869	50000.0	20.00142587177158
870	50000.0	28.822415359623438
871	50000.0	36.74003232832795
872	50000.0	15.959900759905773
873	50000.0	11.907386608292693
874	50000.0	20.203265697216292
875	50000.0	16.93162260696373
876	50000.0	14.172354280094194
877	50000.0	10.959645147041334
878	50000.0	25.07002972499191
879	50000.0	12.384644280686455
880	50000.0	21.016660553579012
881	50000.0	28.676080404103253
882	50000.0	18.464409754655726
883	50000.0	11.825568915871518
884	50000.0	8.87106397213175
885	50000.0	12.069031543211535
886	50000.0	29.660909240245523
887	50000.0	18.079037253107703
888	50000.0	39.47534339727687
889	50000.0	14.375546044008365
890	50000.0	17.121023376314717
891	50000.0	23.253055727519186
892	50000.0	20.518112176860846
893	50000.0	15.965653793318367
894	50000.0	25.367859765415396
895	50000.0	47.846904298839526
896	50000.0	26.019567726896987
897	50000.0	23.682175546673513
898	50000.0	18.905201211795966
899	50000.0	21.338887529793436
900	50000.0	0.037927292689747816
901	50000.0	0.043758884127992025
902	50000.0	0.03449486474677297
903	49832.6	0.00023780270414697213
904	50000.0	0.03369885522292737
905	50000.0	0.028191332360013987
906	49826.0	0.019207446285886397
907	50000.0	0.05067042087778919
908	50000.0	0.051995270874006926
909	49208.5	0.00857625463430658
910	50000.0	0.07473736245117876
911	50000.0	0.026453984967543143
912	50000.0	0.01213070136380896
913	49592.7	0.05798274752127135
914	50000.0	0.04144931683322053
915	50000.0	0.049544883191234845
916	49736.1	0.03128988124514205
917	49602.2	0.010868976000534759
918	50000.0	0.021837143762153132
919	50000.0	0.04571327578384014
920	50000.0	0.039923422956781175
921	50000.0	0.009367464153703865
922	45250.3	0.036199302210005516
923	50000.0	0.01616555458021658
924	50000.0	0.04706003129304346
925	50000.0	0.04327994261200434
926	50000.0	0.031888793782417046
927	50000.0	0.017017596210245324
928	45260.9	0.014106142617435324
929	50000.0	0.056030327038994264
930	50000.0	0.0559305942988713
931	50000.0	0.045834642649409216
932	50000.0	0.04141851220654704
933	50000.0	0.04409120077728605
934	50000.0	0.03776345457896948
935	44485.1	0.004916622606074306
936	50000.0	0.0033364198274998813
937	49802.1	0.010906641682684893
938	50000.0	0.03621940278596458
939	50000.0	0.06849463077745063
940	50000.0	0.05352947289828993
941	50000.0	0.06942369389026463
942	50000.0	0.06407919406541644
943	50000.0	0.05769669528288794
944	49806.8	0.02186270733445479
945	50000.0	0.018624732496206952
946	50000.0	0.03721096729740978
947	49752.2	0.057668145601446244
948	50000.0	0.07769918659875667
949	49050.8	0.014453661417025287
950	50000.0	0.23405395361825612
951	50000.0	0.2358193389407056
952	50000.0	0.1353853304992587
953	50000.0	0.34221945641623497
954	50000.0	0.19279989613504925
955	45377.5	0.10876326575914197
956	50000.0	0.16237384430960372
957	50000.0	0.25563811729298513
958	49310.4	0.12755247698242822
959	50000.0	0.07886879974434949
960	50000.0	0.09730559311272799
961	45391.5	0.11463140200432116
962	50000.0	0.12191121404847063
963	50000.0	0.16182158881636083
964	50000.0	0.2375415585297977
965	50000.0	0.2387557538796316
966	50000.0	0.11964761267551512
967	50000.0	0.39160632950650526
968	49310.4	0.12755247698242822
969	50000.0	0.19346561019054553
970	50000.0	0.18703071785920264
971	50000.0	0.18224857890845486
972	45356.2	0.09285941549901851
973	50000.0	0.09075705386155022
974	50000.0	0.06461127817870897
975	43668.8	0.0666000704036004
976	50000.0	0.22365763490008422
977	45281.8	0.08073250607953275
978	50000.0	0.25204615909623873
979	50000.0	0.11932400219151815
980	50000.0	0.12622975281373722
981	45281.8	0.05314392710364866
982	44787.6	0.08106767372939219
983	44798.5	0.1287680558918215
984	50000.0	0.3320516413893203
985	50000.0	0.14737732747479376
986	50000.0	0.21213907041978955
987	50000.0	0.2184503915518318
988	50000.0	0.12298110564046935
989	50000.0	0.1256575285529999
990	50000.0	0.12155283043663342
991	50000.0	0.1168868973116631
992	50000.0	0.16597638136908308
993	50000.0	0.24901372174753714
994	50000.0	0.12155283043663342
995	50000.0	0.2463655700447907
996	49420.0	0.11552284810493751
997	49389.1	0.12127628961118338
998	50000.0	0.269098762050622
999	45179.1	0.0970284528698042
1000	50000.0	2.2121941374684346
1001	50000.0	1.2452555353042962
1002	50000.0	5.1042596631675305
1003	45134.0	6.8236695538779895
1004	50000.0	1.2455755337526953
1005	50000.0	3.064688521369042
1006	50000.0	2.307950951427988
1007	50000.0	0.7788611294288811
1008	50000.0	2.495942528016079
1009	50000.0	3.339201821442726
1010	50000.0	5.906619092775123
1011	50000.0	4.773286948921444
1012	50000.0	1.5539308339428233
1013	50000.0	2.5358506889499255
1014	50000.0	2.7779884071349783
1015	1582.4	5.446514060447184e-09
1016	50000.0	1.2452555353043486
1017	40341.9	1.8211126193065124
1018	50000.0	1.9285302091126855
1019	45161.2	4.736523302702854
1020	50000.0	7.163925817189674
1021	50000.0	2.861932679244286
1022	30585.5	1.1575749570997007
1023	50000.0	0.6923226417118198
1024	50000.0	1.1915401340102842
1025	19746.0	7.911867376193338e-06
1026	40228.3	2.8587069255544217
1027	29358.6	1.102575930145571e-05
1028	50000.0	5.783201124509608
1029	19929.0	6.568221095892664e-05
1030	45199.9	1.6891882992954343
1031	50000.0	0.691968816847115
1032	50000.0	2.796026817960774
1033	45149.7	1.5060021614231287
1034	50000.0	2.234051472500255
1035	10571.1	3.1650114121176805e-06
1036	1504.7	5.8249657025489396e-09
1037	50000.0	4.26804441765392
1038	15570.5	3.699736504170799e-06
1039	50000.0	6.056774484299716
1040	40274.6	1.0203384100464763
1041	45183.5	2.463194007600298
1042	50000.0	5.781560823403346
1043	50000.0	2.180440933620278
1044	20283.5	0.19379366583868526
1045	50000.0	2.1186349356868623
1046	40249.3	2.228053466040565
1047	50000.0	1.2452555353043107
1048	50000.0	2.416750633773498
1049	50000.0	1.5978316462074034
1050	39438.6	1.8297905015838836
1051	13888.2	5.75993381913561e-09
1052	50000.0	2.526992843033126
1053	28887.5	0.19550735269499087
1054	50000.0	7.271629193626682
1055	44591.4	2.520042944176024
1056	50000.0	0.6931749192618509
1057	19500.8	9.821508975126525e-05
1058	45133.1	2.6921405749872678
1059	40366.9	1.563999095060057
1060	27966.1	0.19550189832278234
1061	50000.0	7.292654868800834
1062	45169.7	1.1903314160682177
1063	50000.0	11.125618450408222
1064	50000.0	14.136954880454269
1065	37993.8	0.00032717464196815426
1066	50000.0	0.6941073641938109
1067	50000.0	2.5905477300896953
1068	40363.3	8.900494762139948
1069	49027.9	6.675402539008902
1070	6082.9	5.1154338227299546e-09
1071	50000.0	1.954998867086823
1072	20072.0	0.5247139452434668
1073	40336.3	6.406975880892226
1074	50000.0	2.8488886879340405
1075	50000.0	5.020313690834355
1076	45152.6	14.11033855046961
1077	39593.3	7.764057247644862
1078	20065.7	1.0215526405164587e-05
1079	15077.8	6.731731487088445e-09
1080	50000.0	8.448527254860128
1081	45152.7	0.48423338569225116
1082	40384.6	0.41579583835136813
1083	10802.8	6.745184407885712e-07
1084	50000.0	1.8313995662798004
1085	45170.0	1.7595628047837786
1086	35420.0	1.3684992031664978
1087	50000.0	0.6918570612039434
1088	50000.0	0.6918569111917741
1089	34203.7	5.906380910986465
1090	50000.0	2.5905477300897592
1091	24576.9	3.4416437972914013e-07
1092	50000.0	4.8155184837958105
1093	39239.6	0.41511665135591
1094	50000.0	3.129827358087742
1095	13741.6	4.795506583559932e-09
1096	49003.0	0.6226910096469626
1097	50000.0	7.271629193626614
1098	5274.7	5.743876553078392e-09
1099	50000.0	9.970269707733248
1100	50000.0	0.2503236802322855
1101	50000.0	0.1523737561631999
1102	50000.0	0.2196206820099237
1103	50000.0	0.2249192747477334
1104	50000.0	0.1567505041376307
1105	50000.0	0.20529353180772092
1106	50000.0	0.2627603682235122
1107	50000.0	0.26337716937539035
1108	50000.0	0.19659526898775587
1109	50000.0	0.19459413242715004
1110	50000.0	0.2334509211435471
1111	50000.0	0.23706082139667783
1112	50000.0	0.26057544991900655
1113	50000.0	0.2652539032769002
1114	50000.0	0.13569655210643625
1115	50000.0	0.27104625531159465
1116	50000.0	0.14898811812067864
1117	50000.0	0.2828980327942988
1118	50000.0	0.2506635062191776
1119	50000.0	0.11624760337790863
1120	50000.0	0.15726394337940047
1121	50000.0	0.19898156069623457
1122	50000.0	0.1459390989810791
1123	50000.0	0.23563781832951144
1124	50000.0	0.1369609704257209
1125	50000.0	0.15225064945807593
1126	50000.0	0.16295619536393627
1127	50000.0	0.2437146034594037
1128	50000.0	0.2043634872369593
1129	50000.0	0.21094635067000925
1130	50000.0	0.18940506701414794
1131	50000.0	0.29059615704902564
1132	50000.0	0.25605098125730713
1133	50000.0	0.16470984066395564
1134	50000.0	0.13840210542986695
1135	50000.0	0.18443911765409599
1136	50000.0	0.19519181802357716
1137	50000.0	0.13366115210362844
1138	50000.0	0.16920789213001824
1139	50000.0	0.17239921463365365
1140	50000.0	0.13665073596436045
1141	50000.0	0.1259878934336419
1142	50000.0	0.19779893422692174
1143	50000.0	0.20383008506869432
1144	50000.0	0.18694460037897934
1145	50000.0	0.1672568785410724
1146	50000.0	0.17915748587905794
1147	50000.0	0.2853504838048887
1148	50000.0	0.18300126041971548
1149	50000.0	0.19164855196144548
1150	50000.0	3.0140606041283347
1151	50000.0	5.5646423598170305
1152	50000.0	3.052456976660994
1153	50000.0	1.3400545340989254
1154	50000.0	5.090743244824047
1155	50000.0	1.4794413190338649
1156	50000.0	1.8296066777909423
1157	50000.0	6.111271510916478
1158	50000.0	1.7870985623705213
1159	50000.0	4.056526808798932
1160	50000.0	4.501187079777417
1161	50000.0	3.9274000964020717
1162	50000.0	7.944819183219543
1163	50000.0	1.8347188118186135
1164	50000.0	1.4221088391596328
1165	50000.0	1.3973456668758262
1166	50000.0	1.5010445530118797
1167	50000.0	1.4064489644624698
1168	50000.0	4.107225113903414
1169	50000.0	2.0551168958526014
1170	50000.0	4.3127399125371975
1171	50000.0	1.6177062669061204
1172	50000.0	1.2520199791604207
1173	50000.0	5.237432194275277
1174	50000.0	6.500931710078733
1175	50000.0	2.752916837831798
1176	50000.0	1.362551489306524
1177	50000.0	0.9225104410749475
1178	50000.0	1.3401818431799974
1179	50000.0	1.0098309666207839
1180	50000.0	6.727990854246469
1181	50000.0	4.220035492545454
1182	50000.0	1.5546548058685206
1183	50000.0	7.7932360651831205
1184	50000.0	1.4338833652343883
1185	50000.0	5.613916363359214
1186	50000.0	6.791914246201786
1187	50000.0	7.715206283026765
1188	50000.0	1.575677770587217
1189	50000.0	2.089753086054393
1190	50000.0	1.5960978210673236
1191	50000.0	4.907628020338228
1192	50000.0	1.3457764942910553
1193	50000.0	4.508422393297161
1194	50000.0	6.614485963600208
1195	50000.0	1.5728568077892684
1196	50000.0	1.4988014646576715
1197	50000.0	1.871079243762472
1198	50000.0	6.322773694149597
1199	50000.0	1.4113957739060052
