	0	1
0	46010.4	9.717309758875997e-07
1	44847.6	1.64880509020615e-07
2	46821.6	1.0398877295283769e-06
3	48546.8	1.435129115337994e-06
4	45675.6	2.3185503224342722e-06
5	48140.8	4.110834419807381e-06
6	45474.8	3.664623601359862e-06
7	38012.4	2.1182706621458376e-05
8	45570.8	3.220601952084655e-07
9	45121.6	6.950233053558348e-06
10	45370.8	8.743553947343919e-06
11	48289.2	7.1024320802432444e-06
12	46191.2	7.618943080340048e-07
13	41556.8	1.9709767553330237e-07
14	41147.6	4.245240285192206e-06
15	42944.0	9.089353667737408e-07
16	41315.6	7.770986843855487e-08
17	43504.4	6.601373514169787e-06
18	47831.6	2.457023607849897e-07
19	43261.2	7.666954893021414e-07
20	45860.4	1.058790069837876e-06
21	42744.0	7.0420532502758205e-06
22	39450.0	8.171339300471042e-08
23	48732.8	4.257700982105324e-05
24	47303.2	9.094285682555593e-07
25	45084.4	4.086576148431067e-06
26	46552.8	4.5858179564561314e-07
27	44504.8	2.2092521901887793e-06
28	45164.0	1.1844912061428617e-05
29	40809.6	2.625887266422107e-06
30	42558.0	2.0873510342687956e-08
31	46189.2	8.778617079723047e-06
32	45956.0	2.165791782468745e-06
33	39876.0	4.824186106216306e-06
34	46455.6	3.42802051419875e-06
35	39927.6	6.927324623253903e-08
36	43379.6	2.488810565823575e-07
37	45974.8	9.707490357700006e-07
38	44860.4	8.506855972369485e-06
39	47439.2	1.2979342574441912e-06
40	44982.4	1.4779023160524868e-07
41	45162.0	1.1883633228814815e-05
42	49025.2	6.067757778031371e-06
43	47575.2	1.016546878079794e-06
44	48543.2	3.334098822892169e-07
45	48002.4	1.6153610413909457e-07
46	50000.0	3.715847915236371e-06
47	44236.0	1.6018842593017766e-05
48	44859.6	2.4164364748861373e-06
49	46710.4	7.768413509332935e-06
50	50000.0	103.5787777052673
51	50000.0	64.67011364098315
52	50000.0	154.5828724484809
53	50000.0	301.2357867139025
54	50000.0	192.94607323247308
55	50000.0	255.8962218691282
56	50000.0	143.79112435934937
57	50000.0	190.76333256270988
58	50000.0	67.69610541327204
59	50000.0	85.33482059498729
60	50000.0	54.69231221610399
61	50000.0	268.3691018139033
62	50000.0	546.8481338375814
63	50000.0	146.86620970256678
64	50000.0	255.32716811967416
65	50000.0	392.6428045439608
66	50000.0	87.39184547985333
67	50000.0	57.12273343239101
68	50000.0	45.74646164281183
69	50000.0	36.713341910683845
70	50000.0	83.31391839284908
71	50000.0	136.98513640334792
72	50000.0	34.1821365515104
73	50000.0	19.291644152958543
74	50000.0	103.63360621429506
75	50000.0	92.98031887560767
76	50000.0	151.69999797286883
77	50000.0	497.18596050812175
78	50000.0	226.79751106903376
79	50000.0	301.0812526511666
80	50000.0	341.1811626336843
81	50000.0	294.9169609055998
82	50000.0	52.22674675596893
83	50000.0	194.63475132867813
84	50000.0	384.4450219910088
85	50000.0	178.83700069449114
86	50000.0	453.6917028330996
87	50000.0	124.10412804233295
88	50000.0	32.540205197776025
89	50000.0	453.0939537990691
90	50000.0	13.05718286583432
91	50000.0	363.145544887471
92	50000.0	241.5700731489228
93	50000.0	392.61370142942457
94	50000.0	275.60539917215135
95	50000.0	144.40306429076526
96	50000.0	53.23038077563954
97	50000.0	33.28488163012356
98	50000.0	82.86987919546023
99	50000.0	238.97610427485975
100	50000.0	6.283545925133188
101	50000.0	9.287739484332958
102	50000.0	6.144729497350022
103	50000.0	7.213817934965246
104	50000.0	6.199906415916012
105	50000.0	9.321737955711939
106	50000.0	7.675139463500867
107	50000.0	4.642335131711786
108	50000.0	7.396353449447017
109	50000.0	7.839359344630628
110	50000.0	8.962564095387101
111	50000.0	6.479812858304415
112	50000.0	7.755612731410885
113	50000.0	6.849032414854766
114	50000.0	7.314848225216035
115	50000.0	15.097906431227369
116	50000.0	9.337105804644592
117	50000.0	7.035719096094222
118	50000.0	5.638472129658711
119	50000.0	11.028957481134592
120	50000.0	4.603535269008042
121	50000.0	5.848414518574171
122	50000.0	8.257198827486448
123	50000.0	7.091154003954773
124	50000.0	4.434060568248434
125	50000.0	4.463510287880706
126	50000.0	6.940444561428238
127	50000.0	4.507341895921334
128	50000.0	9.539704682719421
129	50000.0	5.718025678879772
130	50000.0	3.921759736152982
131	50000.0	6.993562296173079
132	50000.0	5.769689295205643
133	50000.0	11.677673210509782
134	50000.0	5.351701803949129
135	50000.0	8.816032486695061
136	50000.0	7.615612732465104
137	50000.0	7.6885345124398246
138	50000.0	4.404721590406431
139	50000.0	10.128099823045451
140	50000.0	7.174860305721498
141	50000.0	7.110832033229168
142	50000.0	8.275746787201939
143	50000.0	6.079072900759482
144	50000.0	6.749253550555696
145	50000.0	6.103719816041904
146	50000.0	9.145403554531416
147	50000.0	4.817211073017762
148	50000.0	4.2044393908757245
149	50000.0	8.98448229953054
150	50000.0	9.131465094186312
151	50000.0	8.64068058929358
152	50000.0	6.556061867326183
153	50000.0	7.583023692455645
154	50000.0	11.051589946010184
155	50000.0	11.040977113799054
156	50000.0	9.866947752615967
157	50000.0	7.114807586759059
158	50000.0	7.008105359106334
159	50000.0	8.850499943199642
160	50000.0	12.933872225493323
161	50000.0	8.805559173204134
162	50000.0	9.637527909812933
163	50000.0	8.82213095632571
164	50000.0	10.18526498821833
165	50000.0	12.647512910379865
166	50000.0	13.230942084725772
167	50000.0	8.580070294418416
168	50000.0	8.573015668157916
169	50000.0	9.357682610633548
170	50000.0	6.2570990521298295
171	50000.0	8.89647823512351
172	50000.0	10.855180745230788
173	50000.0	9.074682921081607
174	50000.0	6.785056778896826
175	50000.0	7.50988512738966
176	50000.0	12.270622671937508
177	50000.0	7.069387030755228
178	50000.0	9.46885820767752
179	50000.0	5.944799650295857
180	50000.0	9.483378537585448
181	50000.0	9.019795501936736
182	50000.0	9.072805752701786
183	50000.0	10.807863960077825
184	50000.0	10.73984495549379
185	50000.0	9.512232142877645
186	50000.0	9.641896474278727
187	50000.0	13.525334077878501
188	50000.0	4.161814529494731
189	50000.0	8.411059830158628
190	50000.0	8.349263370464486
191	50000.0	12.11597471081102
192	50000.0	8.539364265658543
193	50000.0	7.326378905565676
194	50000.0	9.200886402655978
195	50000.0	9.383847211895205
196	50000.0	9.815774683235375
197	50000.0	10.080582936191783
198	50000.0	9.216114459337678
199	50000.0	13.169326570101507
200	120.0	0.0
201	112.8	0.0
202	127.2	0.0
203	115.2	0.0
204	128.4	0.0
205	123.6	0.0
206	120.0	0.0
207	128.4	0.0
208	124.8	0.0
209	129.6	0.0
210	128.4	0.0
211	123.6	0.0
212	134.4	0.0
213	112.8	0.0
214	121.2	0.0
215	117.6	0.0
216	115.2	0.0
217	120.0	0.0
218	120.0	0.0
219	128.4	0.0
220	115.2	0.0
221	110.4	0.0
222	120.0	0.0
223	106.8	0.0
224	118.8	0.0
225	112.8	0.0
226	151.2	0.0
227	128.4	0.0
228	110.4	0.0
229	121.2	0.0
230	112.8	0.0
231	122.4	0.0
232	120.0	0.0
233	109.2	0.0
234	109.2	0.0
235	130.8	0.0
236	129.6	0.0
237	134.4	0.0
238	121.2	0.0
239	106.8	0.0
240	127.2	0.0
241	124.8	0.0
242	129.6	0.0
243	128.4	0.0
244	121.2	0.0
245	120.0	0.0
246	106.8	0.0
247	124.8	0.0
248	117.6	0.0
249	126.0	0.0
250	50000.0	0.13461108920926104
251	50000.0	0.099030100476808
252	50000.0	0.06408397837484481
253	50000.0	0.14271261390588025
254	50000.0	0.19731197813964843
255	50000.0	0.2293732336733439
256	50000.0	0.06987418728802083
257	50000.0	0.23566502941830655
258	50000.0	0.07191630100019751
259	50000.0	0.17178108355749505
260	50000.0	0.2013212760402452
261	50000.0	0.15441471301699722
262	50000.0	0.21152628555010064
263	50000.0	0.17661316134613592
264	50000.0	0.11460687844080504
265	50000.0	0.058587770701978924
266	50000.0	0.18519665911576794
267	50000.0	0.13535849478547812
268	50000.0	0.1958737689389684
269	50000.0	0.0869691315692313
270	50000.0	0.07203143005599502
271	50000.0	0.19413968858357158
272	50000.0	2.5887069554406366
273	50000.0	0.22135128604431023
274	50000.0	0.1767598077873955
275	50000.0	0.1364726050540755
276	50000.0	0.1958330138205192
277	50000.0	0.09522635433241672
278	50000.0	0.04490812363503127
279	50000.0	0.06644570150558646
280	50000.0	0.12099094139601219
281	50000.0	0.21398570212416207
282	50000.0	0.09003271275880612
283	50000.0	0.06117781247065619
284	50000.0	0.15014800950612334
285	50000.0	0.05616236084603256
286	50000.0	0.05078973973457838
287	50000.0	0.099490236777342
288	50000.0	0.19426316961997336
289	50000.0	0.13851858619323237
290	50000.0	0.058623990307567854
291	50000.0	0.17567389866458688
292	50000.0	0.06702428397966617
293	50000.0	0.08707405693738497
294	50000.0	0.05860568260990727
295	50000.0	0.10571194104605766
296	50000.0	0.09722262586642724
297	50000.0	0.15959927051070547
298	50000.0	0.16622694457645265
299	50000.0	0.1588190409909121
300	50000.0	0.0
301	50000.0	93.07855168840626
302	50000.0	35.414018359334854
303	50000.0	3.8956689135575524
304	50000.0	21.830302484120207
305	50000.0	65.01772568076917
306	50000.0	54.102767177005376
307	50000.0	0.0
308	50000.0	22.646320393976914
309	50000.0	15.684205901258972
310	50000.0	0.0
311	50000.0	396.2323754508297
312	50000.0	128.524721270273
313	50000.0	0.0
314	50000.0	311.0683557002234
315	50000.0	0.0
316	50000.0	29.28571801746089
317	50000.0	0.0
318	50000.0	43.26912144534768
319	50000.0	1000.1463624701622
320	50000.0	291.0398700789723
321	50000.0	0.0
322	50000.0	0.0
323	50000.0	0.0
324	50000.0	412.94914324140257
325	50000.0	217.09531809026902
326	50000.0	117.57926856081887
327	50000.0	53.559946301592774
328	50000.0	7.95493606949114
329	50000.0	72.70674741272043
330	50000.0	0.0
331	50000.0	14.672063915510583
332	50000.0	0.0
333	50000.0	10.305567287134144
334	50000.0	39.09010101505886
335	50000.0	0.0
336	50000.0	263.35494882865567
337	50000.0	14.233349820923888
338	50000.0	42.496717587272855
339	50000.0	2.7398455191276283
340	50000.0	0.0
341	50000.0	0.0
342	50000.0	675.0249624365975
343	50000.0	0.0
344	50000.0	0.0
345	50000.0	0.0
346	50000.0	56.88438927567646
347	50000.0	42.27640441548125
348	50000.0	45.80900196759767
349	50000.0	0.0
350	50000.0	2.257291779751958
351	50000.0	3.0730385580278274
352	50000.0	2.789161927259463
353	50000.0	2.1751212671653883
354	50000.0	0.6567653938320028
355	50000.0	3.4982703233817887
356	50000.0	2.079947409000798
357	50000.0	1.9055642591564605
358	50000.0	1.8174964536861697
359	50000.0	3.46820635702057
360	50000.0	2.3389175266197966
361	50000.0	2.8706051720693404
362	50000.0	1.5424705019230127
363	50000.0	1.427504905676872
364	50000.0	0.9739104639888305
365	50000.0	2.877263154055992
366	50000.0	2.1178886458337645
367	50000.0	1.9144232032809945
368	50000.0	1.7221200924336713
369	50000.0	2.414393420255912
370	50000.0	1.5883847301225145
371	50000.0	2.8262569849432504
372	50000.0	1.9787004442991474
373	50000.0	2.9910147369628026
374	50000.0	4.016755428585414
375	50000.0	2.5275560737299236
376	50000.0	2.0120799140940484
377	50000.0	1.9227177109659759
378	50000.0	2.1163911347222517
379	50000.0	2.194728461234554
380	50000.0	2.4208487239283984
381	50000.0	2.8058818775617063
382	50000.0	3.8471367034034536
383	50000.0	2.3949650019480035
384	50000.0	1.2533431187055268
385	50000.0	2.2632018497399677
386	50000.0	2.4020164741699626
387	50000.0	2.8139665020316276
388	50000.0	2.8045670171797314
389	50000.0	1.7886418528869399
390	50000.0	3.7506985750754938
391	50000.0	1.8720295512866307
392	50000.0	2.052626196862948
393	50000.0	2.5554209558609258
394	50000.0	0.6364193316232944
395	50000.0	2.026993087272356
396	50000.0	2.096614163854087
397	50000.0	1.7003330638559226
398	50000.0	3.1223531009366132
399	50000.0	2.869424817043441
400	50000.0	2.2500009263474765
401	50000.0	1.112341881774191
402	50000.0	1.369379684017601
403	50000.0	1.9811285946590946
404	50000.0	1.3950340652139155
405	50000.0	2.1834927156524637
406	50000.0	2.015192371759477
407	50000.0	1.959815743684881
408	50000.0	0.8132514037707702
409	50000.0	1.5427747111722563
410	50000.0	0.7869156388736507
411	50000.0	2.173526680178747
412	50000.0	2.121764963856651
413	50000.0	1.7584504635904683
414	50000.0	1.726118550712411
415	50000.0	2.5253776998251096
416	50000.0	2.0815963750553412
417	50000.0	1.7890408922476158
418	50000.0	2.236990845581418
419	50000.0	2.8129018317193433
420	50000.0	1.387705622651135
421	50000.0	1.8819380155611323
422	50000.0	1.6983224453758499
423	50000.0	0.9740631144049816
424	50000.0	2.7970741252516076
425	50000.0	2.1992768567834577
426	50000.0	2.564246238850648
427	50000.0	1.459446379284742
428	50000.0	1.4125089144712573
429	50000.0	1.9132466824796204
430	50000.0	2.3808477034218556
431	50000.0	2.3212866507394225
432	50000.0	1.6459357399561387
433	50000.0	2.080937907059571
434	50000.0	1.7282952186665246
435	50000.0	1.0475157562249522
436	50000.0	1.2082685553922297
437	50000.0	1.935216913570791
438	50000.0	1.1232839654489102
439	50000.0	3.198395729523475
440	50000.0	1.7364892035991972
441	50000.0	2.332446832216689
442	50000.0	2.1433555142136824
443	50000.0	1.8581163283198279
444	50000.0	2.573160878018667
445	50000.0	2.6441245067591925
446	50000.0	2.86028804941292
447	50000.0	2.0417395724604535
448	50000.0	2.1279276463768926
449	50000.0	1.3812171208143047
450	50000.0	87.39255684941597
451	50000.0	255.31937776927234
452	50000.0	140.54025198551625
453	50000.0	19.860938787924173
454	50000.0	274.32789184288265
455	50000.0	139.76498779525195
456	50000.0	311.3216331269565
457	50000.0	714.2173284757139
458	50000.0	239.54199108157113
459	50000.0	345.47425228278473
460	50000.0	49.0470375833839
461	50000.0	145.57966735475665
462	50000.0	28.526918130876766
463	50000.0	73.29182107894394
464	50000.0	574.7845303659751
465	50000.0	44.11931685351954
466	50000.0	174.3587935523276
467	50000.0	100.6710765635978
468	50000.0	330.73611369861976
469	50000.0	530.9358377581635
470	50000.0	58.0545029618939
471	50000.0	215.49125317013053
472	50000.0	109.4941638033059
473	50000.0	26.091574784789593
474	50000.0	89.36469930047119
475	50000.0	201.6015113679043
476	50000.0	59.28317482251142
477	50000.0	320.0191236096455
478	50000.0	288.64531328026936
479	50000.0	213.20897248698301
480	50000.0	213.2829124230529
481	50000.0	81.03948422096082
482	50000.0	330.5664801959357
483	50000.0	181.85448442974666
484	50000.0	43.667780306202225
485	50000.0	467.44836266656074
486	50000.0	24.617490814114067
487	50000.0	150.6858740134729
488	50000.0	127.27502323978779
489	50000.0	203.13159057503972
490	50000.0	91.08294998272298
491	50000.0	86.69708021647192
492	50000.0	74.01486567783847
493	50000.0	63.20818971961312
494	50000.0	85.74833886764435
495	50000.0	504.3097229132189
496	50000.0	89.98838880609432
497	50000.0	103.65204324139559
498	50000.0	164.89243006767686
499	50000.0	133.6928297012102
500	50000.0	17.085279996389076
501	50000.0	4.381324673931893
502	50000.0	5.7309618072329
503	50000.0	3.7658394031855957
504	50000.0	3.8927663155295127
505	50000.0	4.66776361330135
506	50000.0	7.833972775293226
507	50000.0	5.186616245025331
508	50000.0	3.9519542305157733
509	50000.0	4.0668375135167505
510	50000.0	6.645959450833347
511	50000.0	11.16725530243824
512	50000.0	9.97626567773385
513	50000.0	4.9633507442384115
514	50000.0	3.1495769824186626
515	50000.0	8.32215889586433
516	50000.0	5.379096833073083
517	50000.0	5.502443786722543
518	50000.0	7.357217624014029
519	50000.0	7.459558744588331
520	50000.0	5.966827101281121
521	50000.0	2.2545920528536776
522	50000.0	2.559679716549335
523	50000.0	2.71985022188374
524	50000.0	15.419302872192185
525	50000.0	7.611810581383002
526	50000.0	3.6679660904182754
527	50000.0	7.824859445707927
528	50000.0	0.9910320751429609
529	50000.0	8.676268479259537
530	50000.0	2.4298105982165663
531	50000.0	6.932362737644655
532	50000.0	7.6399978629242025
533	50000.0	3.829367674471252
534	50000.0	3.2132549647357584
535	50000.0	3.4674047636952054
536	50000.0	3.5650816588750383
537	50000.0	4.121004620713846
538	50000.0	7.1715913668184585
539	50000.0	15.051531856234927
540	50000.0	6.555735933308375
541	50000.0	7.93509533023213
542	50000.0	2.1789661007531076
543	50000.0	6.353596355065767
544	50000.0	7.901737121281572
545	50000.0	13.022577904277128
546	50000.0	15.234498307765785
547	50000.0	1.969362117540999
548	50000.0	1.6448560124051848
549	50000.0	5.813252976546552
550	50000.0	19.773198161341973
551	50000.0	85.1785323483634
552	50000.0	170.37746669506993
553	50000.0	57.42168564281538
554	50000.0	26.225638615341307
555	50000.0	4.589669350859285
556	50000.0	50.12751948892958
557	50000.0	22.78374600466657
558	50000.0	65.51292432587402
559	50000.0	49.46437435499369
560	50000.0	10.979189598648597
561	50000.0	40.96412148214321
562	50000.0	21.10059073633767
563	50000.0	16.126231660923498
564	50000.0	29.248929176463093
565	50000.0	16.252921060392346
566	50000.0	7.5290447456242875
567	50000.0	41.328538674646396
568	50000.0	44.138459213514174
569	50000.0	24.148791716614067
570	50000.0	5.165248413023493
571	50000.0	29.819150756229806
572	50000.0	61.15929388498606
573	50000.0	35.95457074435629
574	50000.0	4.550580212517565
575	50000.0	18.28692610644423
576	50000.0	14.872065776901314
577	50000.0	34.75013949385344
578	50000.0	38.79039105704299
579	50000.0	58.391953163364214
580	50000.0	34.28599159597972
581	50000.0	3.548983390413465
582	50000.0	5.610362929041349
583	50000.0	5.012932611818867
584	50000.0	23.298766609284527
585	50000.0	3.4696962642311897
586	50000.0	7.923665257234307
587	50000.0	18.02493980511905
588	50000.0	39.72743574025407
589	50000.0	41.06581777802067
590	50000.0	46.2010987066545
591	50000.0	12.990175607210784
592	50000.0	51857.790529829595
593	50000.0	9.884022094748223
594	50000.0	20.446215988244212
595	50000.0	30.043481931841114
596	50000.0	1.3632425464387492
597	50000.0	20.62399999000536
598	50000.0	54.78580993080651
599	50000.0	43.54046227198957
600	50000.0	10.625608818514332
601	50000.0	13.007511999562137
602	50000.0	5.14470082202485
603	50000.0	8.420013369005478
604	50000.0	3.480353513853172
605	50000.0	5.8866085167292805
606	50000.0	4.069629573484478
607	50000.0	6.337254073327481
608	50000.0	15.220547539694149
609	50000.0	11.773815856362438
610	50000.0	15.676872399500592
611	50000.0	26.04217028724123
612	50000.0	9.635617176967065
613	50000.0	15.024001476913565
614	50000.0	6.069009854958991
615	50000.0	3.386277779790793
616	50000.0	2.016121691464299
617	50000.0	18.908336472326155
618	50000.0	1.3429775840528344
619	50000.0	3.220791211860741
620	50000.0	5.421899316688817
621	50000.0	6.228845667470179
622	50000.0	4.382779739211195
623	50000.0	5.352552642768208
624	50000.0	14.507632530988996
625	50000.0	3.6169926257690532
626	50000.0	5.38106911084174
627	50000.0	4.443357220319523
628	50000.0	5.45147673589865
629	50000.0	5.2471921461647035
630	50000.0	7.344452103753862
631	50000.0	25.03735552560567
632	50000.0	4.9088248155811955
633	50000.0	15.42446160223954
634	50000.0	5.47382057744141
635	50000.0	18.53487501064618
636	50000.0	1.7263904101313354
637	50000.0	5.746687561060687
638	50000.0	11.038463665169635
639	50000.0	4.8718410279706905
640	50000.0	10.914041052651548
641	50000.0	6.221083911419373
642	50000.0	16.27269681166654
643	50000.0	39.858825969538096
644	50000.0	5.120811844720366
645	50000.0	5.213391733354818
646	50000.0	6.473761110849793
647	50000.0	13.936012976797139
648	50000.0	5.166828023153711
649	50000.0	8.429725393784235
650	50000.0	0.0004751333433292675
651	50000.0	0.00015360962059499016
652	50000.0	0.0005147613490209203
653	50000.0	0.000549484723848451
654	50000.0	0.00176811910411489
655	50000.0	0.0005590555526809099
656	50000.0	0.00031244693818510927
657	50000.0	0.0007209562565638304
658	50000.0	0.00039654384128985485
659	50000.0	0.0003817285746736363
660	50000.0	0.0011619295298924655
661	50000.0	0.0002655519531586068
662	50000.0	0.0006865446948674004
663	50000.0	0.0007483632663356686
664	50000.0	0.00034575341127938546
665	50000.0	0.00043872954675188157
666	50000.0	0.00028654970732870406
667	50000.0	0.00038941020354878994
668	50000.0	0.0005245901973190829
669	50000.0	0.000736090067350727
670	50000.0	0.0004059349732319354
671	50000.0	0.00019562264062072035
672	50000.0	0.0005605553575152078
673	50000.0	0.0012104350176736763
674	50000.0	0.00030312424196755466
675	50000.0	0.00031377196947172725
676	50000.0	0.0003584545989164864
677	50000.0	0.0003585062431394928
678	50000.0	0.0005318879984507995
679	50000.0	0.000998028699937517
680	50000.0	0.0001453137202954595
681	50000.0	0.0003297405686919626
682	50000.0	0.0004574485678049692
683	50000.0	0.0003628896129259272
684	50000.0	0.0008711008522472904
685	50000.0	0.0002067857322562157
686	50000.0	0.000700674560062471
687	50000.0	0.001016910182449005
688	50000.0	0.0005631504974237221
689	50000.0	0.000369574908014056
690	50000.0	0.0015253270444874185
691	50000.0	0.0006203047681928775
692	50000.0	0.0005800155385827256
693	50000.0	0.0002932020825217233
694	50000.0	0.0008999513880215968
695	50000.0	0.0005258424419129714
696	50000.0	0.0005345222660341814
697	50000.0	0.0005969114814015658
698	50000.0	0.0005594524869962077
699	50000.0	0.0006667132015490256
700	50000.0	6.087214519574949
701	50000.0	6.068604360288504
702	50000.0	7.412287132505021
703	50000.0	5.073453788258631
704	50000.0	6.514231058965947
705	50000.0	4.68515822734416
706	50000.0	6.042498807824127
707	50000.0	5.03476484997716
708	50000.0	6.8724469024772645
709	50000.0	5.738798748328316
710	50000.0	6.102942622703008
711	50000.0	5.124585563895285
712	50000.0	5.303291329994322
713	50000.0	6.276078380303035
714	50000.0	6.587873235542693
715	50000.0	5.824655491906664
716	50000.0	7.043278306232568
717	50000.0	6.488078153509579
718	50000.0	8.705284977240801
719	50000.0	5.51566727289475
720	50000.0	6.64224101232563
721	50000.0	6.999095271539012
722	50000.0	6.759546817487215
723	50000.0	5.599373283252558
724	50000.0	4.78982058213964
725	50000.0	5.928776695857453
726	50000.0	6.069277384958431
727	50000.0	7.701009019536808
728	50000.0	4.687330346504281
729	50000.0	5.318915814704897
730	50000.0	5.105709083524758
731	50000.0	5.0312075091398585
732	50000.0	8.514751283943033
733	50000.0	7.004720919812719
734	50000.0	5.2181595200867585
735	50000.0	6.463249305860482
736	50000.0	7.432646786032888
737	50000.0	5.722183462335055
738	50000.0	7.053075076920601
739	50000.0	8.483633727634466
740	50000.0	5.177965303982056
741	50000.0	4.899288485048476
742	50000.0	5.718359509343216
743	50000.0	8.80841917314062
744	50000.0	5.5390158699370335
745	50000.0	6.739376719027883
746	50000.0	8.134960198386626
747	50000.0	4.72871456725411
748	50000.0	7.4313524714236525
749	50000.0	6.013193698580417
750	50000.0	3.9478830395946964
751	50000.0	4.403358775766218
752	50000.0	3.2464129248280833
753	50000.0	4.613311597366909
754	50000.0	5.901044100795096
755	50000.0	4.918376876913004
756	50000.0	3.377977087614287
757	50000.0	2.545979885014928
758	50000.0	4.149803988502564
759	50000.0	4.3110808197241965
760	50000.0	3.8477069689538075
761	50000.0	3.7644327402805153
762	50000.0	2.871115475604886
763	50000.0	5.461175322834466
764	50000.0	6.307011893151439
765	50000.0	2.7879732130486445
766	50000.0	3.430356697847622
767	50000.0	5.402562197047098
768	50000.0	4.536100362264971
769	50000.0	4.103498827375583
770	50000.0	6.400426123536176
771	50000.0	2.8838360441949016
772	50000.0	2.78361082252721
773	50000.0	2.1305498920827675
774	50000.0	5.229659668096312
775	50000.0	2.240591003010009
776	50000.0	6.256222332253751
777	50000.0	2.8344655364250597
778	50000.0	4.586411845519908
779	50000.0	5.836535231251876
780	50000.0	3.265625123689747
781	50000.0	4.480058864298864
782	50000.0	4.72658303558429
783	50000.0	4.716038041124317
784	50000.0	4.67485695433143
785	50000.0	4.418724538696106
786	50000.0	2.645669172049967
787	50000.0	5.258470619982105
788	50000.0	2.6148998171359743
789	50000.0	4.365711618417802
790	50000.0	5.431912555477401
791	50000.0	3.175361691275838
792	50000.0	3.2663399209858213
793	50000.0	2.4402910274210075
794	50000.0	2.502895198153934
795	50000.0	3.338997543422736
796	50000.0	6.595673038614743
797	50000.0	3.9332533021788976
798	50000.0	5.5313991688894015
799	50000.0	3.3835247771607433
800	50000.0	5.370553505124991
801	50000.0	7.082370790616193
802	50000.0	3.2475428085658855
803	50000.0	6.7778065871949975
804	50000.0	12.816221394359468
805	50000.0	5.780878319575427
806	50000.0	5.240532330796132
807	50000.0	6.3374807109871805
808	50000.0	7.386062647316608
809	50000.0	14.272205534136287
810	50000.0	7.673028496112673
811	50000.0	9.482663903282921
812	50000.0	9.531151591142688
813	50000.0	9.242287485333936
814	50000.0	9.518942924988801
815	50000.0	7.242558907569672
816	50000.0	15.615178080477786
817	50000.0	8.41148500198124
818	50000.0	9.260115883160259
819	50000.0	10.413486882456892
820	50000.0	7.091197160415359
821	50000.0	9.292883689843467
822	50000.0	6.923436273212822
823	50000.0	2.8352933982129147
824	50000.0	7.269423818898369
825	50000.0	7.453301230782269
826	50000.0	7.619868099652895
827	50000.0	3.463538962893158
828	50000.0	6.68957028438872
829	50000.0	4.201456983481011
830	50000.0	5.6320692822111
831	50000.0	7.62274312991965
832	50000.0	4.737603246453268
833	50000.0	4.232703060424359
834	50000.0	2.3938465226342567
835	50000.0	3.3307731261880997
836	50000.0	9.03062750971601
837	50000.0	4.639230042776672
838	50000.0	13.94165378690359
839	50000.0	3.2557178379359115
840	50000.0	6.0774128410951525
841	50000.0	5.294665184182399
842	50000.0	7.9518157416585025
843	50000.0	4.749674323102616
844	50000.0	6.081771539036241
845	50000.0	14.678765253800387
846	50000.0	8.743860570592227
847	50000.0	7.076042490895022
848	50000.0	6.636961826422876
849	50000.0	6.6733503824582785
850	50000.0	22.044050008297155
851	50000.0	28.257110349032438
852	50000.0	6.673849365875121
853	50000.0	27.23056304008643
854	50000.0	35.472697204119875
855	50000.0	20.454704068999444
856	50000.0	22.358704424106488
857	50000.0	27.986409279044192
858	50000.0	30.362841835668206
859	50000.0	53.97195879405988
860	50000.0	26.69909940921452
861	50000.0	36.881032740787695
862	50000.0	21.939694673232044
863	50000.0	26.946965861534693
864	50000.0	34.19772112667777
865	50000.0	22.1580879537624
866	50000.0	50.814813134068345
867	50000.0	24.599625209959182
868	50000.0	26.76349494401027
869	50000.0	23.188760080170358
870	50000.0	30.79084348667928
871	50000.0	37.2318091204871
872	50000.0	16.28190545782992
873	50000.0	13.286715822541904
874	50000.0	19.775658592919577
875	50000.0	16.9656916101244
876	50000.0	14.800145689487948
877	50000.0	10.809770744151189
878	50000.0	26.869576547417342
879	50000.0	12.51564042877337
880	50000.0	20.705157060881167
881	50000.0	28.695033312744584
882	50000.0	19.262629387356977
883	50000.0	12.396609844277382
884	50000.0	9.096723201620154
885	50000.0	12.375682403568076
886	50000.0	31.913422450285577
887	50000.0	19.023260945669445
888	50000.0	42.14283583553788
889	50000.0	15.229528679062847
890	50000.0	18.430983247258148
891	50000.0	23.882530412518822
892	50000.0	20.92875016778448
893	50000.0	17.323258180343476
894	50000.0	25.548926614769975
895	50000.0	48.446778521452295
896	50000.0	25.849493394966053
897	50000.0	24.041749881085302
898	50000.0	20.01027224267378
899	50000.0	22.15899812641281
900	50000.0	0.21116486245972882
901	50000.0	0.18089812695639793
902	50000.0	0.23666540316794543
903	50000.0	0.1491867618839242
904	50000.0	0.16395651302806566
905	50000.0	0.18242742235599305
906	50000.0	0.21591010967124138
907	50000.0	0.14249501423376323
908	50000.0	0.1999289538297287
909	50000.0	0.1233161423298105
910	50000.0	0.25225480258276195
911	50000.0	0.14496614188116794
912	50000.0	0.08823584979942733
913	50000.0	0.18038268943832989
914	50000.0	0.16759384717378153
915	50000.0	0.17670989531491124
916	50000.0	0.16410477843038987
917	50000.0	0.10788414994042501
918	50000.0	0.16825623868052286
919	50000.0	0.25065010697487844
920	50000.0	0.17269104603684723
921	50000.0	0.16618150597226738
922	50000.0	0.18173018641446143
923	50000.0	0.10647876256866554
924	50000.0	0.23421683479951003
925	50000.0	0.16293564476796812
926	50000.0	0.1761407052189595
927	50000.0	0.1654136668699259
928	50000.0	0.12851338305187648
929	50000.0	0.2532447293840784
930	50000.0	0.18715277215876291
931	50000.0	0.19752064536176644
932	50000.0	0.1269569901597336
933	50000.0	0.20029246723921582
934	50000.0	0.15665243709939264
935	50000.0	0.09644260075428815
936	50000.0	0.1258117400797154
937	50000.0	0.19091550258104756
938	50000.0	0.20411471045862317
939	50000.0	0.2655115968469149
940	50000.0	0.1607253702854207
941	50000.0	0.20838097676520134
942	50000.0	0.2695237875398474
943	50000.0	0.1985205583897157
944	50000.0	0.09678852905293915
945	50000.0	0.17917609994955458
946	50000.0	0.2089943099150652
947	50000.0	0.2515754464839143
948	50000.0	0.2445011207920686
949	50000.0	0.11503030440062752
950	50000.0	0.9880665982104698
951	50000.0	0.9313988690032465
952	50000.0	1.2169398289029518
953	50000.0	0.8614646609884264
954	50000.0	1.015984156484625
955	50000.0	0.9373406593929724
956	50000.0	1.0159319480767994
957	50000.0	1.2933381016526577
958	50000.0	0.9820357564679055
959	50000.0	1.2327697708985568
960	50000.0	0.9503354967162005
961	50000.0	1.059854551286983
962	50000.0	1.1315182565776172
963	50000.0	1.161013466869453
964	50000.0	0.9363536977715559
965	50000.0	1.0626564216247023
966	50000.0	1.0559375443612327
967	50000.0	0.9187196937048693
968	50000.0	0.9923536571704028
969	50000.0	1.154480080075221
970	50000.0	1.0278021433345952
971	50000.0	1.214293617118164
972	50000.0	1.0410774684781434
973	50000.0	1.0068732036928645
974	50000.0	0.9987806785920809
975	50000.0	0.866472960862932
976	50000.0	0.9615209793156687
977	50000.0	0.8404772629211557
978	50000.0	0.8386169016158487
979	50000.0	1.1604448247294028
980	50000.0	1.1084398409191487
981	50000.0	0.9608903994794801
982	50000.0	1.038478444315047
983	50000.0	1.0261517811623597
984	50000.0	0.9915358847969753
985	50000.0	1.126116317673506
986	50000.0	1.134730460989488
987	50000.0	1.1472327263574038
988	50000.0	1.2017586928355928
989	50000.0	1.1746019855488588
990	50000.0	1.0774827415688475
991	50000.0	1.0244106768082308
992	50000.0	1.187980213232939
993	50000.0	1.279095148175861
994	50000.0	1.0774827415688475
995	50000.0	1.073839404417629
996	50000.0	1.1368150671830315
997	50000.0	1.1231999349593385
998	50000.0	0.9862969074872348
999	50000.0	1.135686260788615
1000	50000.0	1.1417844276031897
1001	50000.0	1.1960822590488702
1002	47408.4	0.3216237231676349
1003	46626.4	0.8875978931125881
1004	50000.0	1.3138584782824378
1005	49549.2	1.5276539414040209
1006	48433.2	1.7635207052314268
1007	50000.0	1.4585153419503105
1008	50000.0	1.669769868639475
1009	50000.0	2.9964066953044743
1010	45230.0	0.99882198600175
1011	48908.4	1.2525268968044732
1012	50000.0	1.7230721082719858
1013	47737.2	1.4818904639437047
1014	50000.0	1.554627757561668
1015	36266.4	2.019876854383027e-08
1016	50000.0	1.048220340260708
1017	37534.0	0.20334723783621006
1018	50000.0	1.7409675816293082
1019	48967.2	1.1950276344700153
1020	45542.8	1.0043712976104853
1021	42694.0	1.6664449624581184
1022	40020.4	0.877248459324349
1023	50000.0	1.1720971383571663
1024	50000.0	1.6434714641641552
1025	46920.4	0.005967946131507526
1026	42913.6	0.6964807522911645
1027	44631.6	0.45161112808753606
1028	48973.2	2.5121106695787505
1029	38690.8	0.5040011354309786
1030	40158.4	0.3045810786489246
1031	47547.6	0.9070806243696946
1032	50000.0	2.4976609121820714
1033	49177.2	1.0927198220812595
1034	50000.0	2.269781817454114
1035	35756.4	0.0692063464141654
1036	30543.2	6.583098343296144e-09
1037	50000.0	1.1312827937115797
1038	44450.0	0.6326324209111567
1039	50000.0	1.345682585403839
1040	44718.8	0.5054830402766493
1041	45643.6	0.9555537957886333
1042	50000.0	2.6971462200604073
1043	50000.0	2.3247123061322013
1044	44462.0	0.5594734736413948
1045	50000.0	2.1188115017526092
1046	43646.4	0.31809380726922815
1047	45170.4	0.8073790796642513
1048	43131.6	0.19377530792942518
1049	50000.0	1.9610185097600052
1050	50000.0	1.1252729727657103
1051	50000.0	0.00016764977497780428
1052	50000.0	0.9766828674903044
1053	50000.0	0.47531913924154556
1054	50000.0	2.871780481989691
1055	50000.0	1.1403450037452068
1056	50000.0	2.669651397916053
1057	50000.0	0.4562249892990532
1058	50000.0	0.9703023219052653
1059	49663.2	0.5953551828115174
1060	47878.8	0.33412622283311183
1061	50000.0	0.745093145833254
1062	50000.0	1.6268952668821566
1063	50000.0	1.3787843606887429
1064	50000.0	1.9714415965717837
1065	50000.0	0.916602753205986
1066	50000.0	0.5935994449196698
1067	50000.0	2.332049503775219
1068	50000.0	0.7752623463845439
1069	50000.0	2.635167157051749
1070	50000.0	0.0011337192596164068
1071	50000.0	1.7236217850606863
1072	50000.0	1.5339388516264953
1073	50000.0	0.525395485604563
1074	50000.0	1.8233058397993243
1075	50000.0	1.9179110162500788
1076	50000.0	2.813278216456021
1077	50000.0	0.06948485429852597
1078	50000.0	0.0003196971066444499
1079	49060.8	0.847962504424447
1080	50000.0	1.978246488093276
1081	50000.0	0.3960522354912211
1082	50000.0	1.2100523700206753
1083	50000.0	0.0010336072690104092
1084	50000.0	1.7091038098580438
1085	50000.0	1.1269209641299054
1086	50000.0	0.3400827141155202
1087	50000.0	1.2810771028595158
1088	50000.0	0.6232699150367191
1089	50000.0	1.2053322046581036
1090	50000.0	2.021803429010218
1091	50000.0	0.07217468938992658
1092	50000.0	3.090281473106111
1093	50000.0	0.4392669160706978
1094	50000.0	1.0088622678740962
1095	50000.0	0.07071194441059246
1096	45796.8	0.5864487882785899
1097	48826.8	0.0819774785427762
1098	48920.8	8.808970127288013e-05
1099	50000.0	1.2555137351889871
1100	50000.0	1.1873771467371204
1101	50000.0	1.0257712224260462
1102	50000.0	1.0637477967194573
1103	50000.0	0.877662520255939
1104	50000.0	0.9324718708437374
1105	50000.0	0.9770330100907512
1106	50000.0	0.9383957666348772
1107	50000.0	0.9740179333028978
1108	50000.0	0.9245202606433549
1109	50000.0	0.9373423690964915
1110	50000.0	0.9219238882300111
1111	50000.0	0.8977307736734896
1112	50000.0	1.1647298036129166
1113	50000.0	0.9696556068279503
1114	50000.0	1.11302670003089
1115	50000.0	1.0535545384755778
1116	50000.0	1.0920131697571929
1117	50000.0	0.9560642007982884
1118	50000.0	1.0627850405106583
1119	50000.0	1.221892524946219
1120	50000.0	1.3561872722229258
1121	50000.0	0.8845406791691947
1122	50000.0	0.9380581233886861
1123	50000.0	1.1942919424838836
1124	50000.0	1.1271593906411193
1125	50000.0	0.9829924476550568
1126	50000.0	1.0051781455675401
1127	50000.0	1.0920573383361765
1128	50000.0	1.0257103662582678
1129	50000.0	1.0142039123310327
1130	50000.0	0.9431809521705331
1131	50000.0	0.9726901053955025
1132	50000.0	1.0320422379537275
1133	50000.0	0.9667087607972997
1134	50000.0	1.0658003627105734
1135	50000.0	1.0785772786297663
1136	50000.0	0.9896348070434694
1137	50000.0	1.0774004753921347
1138	50000.0	0.8615703739326073
1139	50000.0	0.9517081387475589
1140	50000.0	1.18700110620637
1141	50000.0	0.805066853641536
1142	50000.0	0.8702179813218652
1143	50000.0	0.9168419878573848
1144	50000.0	1.0938419609939147
1145	50000.0	0.8905239851304769
1146	50000.0	1.068842140905403
1147	50000.0	1.1445712246695594
1148	50000.0	0.9035668409907375
1149	50000.0	1.0188284864816437
1150	50000.0	8.685126019590703
1151	50000.0	8.651576505965085
1152	50000.0	7.689039187164566
1153	50000.0	3.8147793275249833
1154	50000.0	8.325466070285977
1155	50000.0	3.6572075864324276
1156	50000.0	5.887533049440832
1157	50000.0	10.383191633300912
1158	50000.0	5.321165787464162
1159	50000.0	6.4882713859902434
1160	50000.0	8.162692516552777
1161	50000.0	6.077059621020864
1162	50000.0	7.887164569740993
1163	50000.0	5.39909765479536
1164	50000.0	5.073641576926436
1165	50000.0	4.850909966264316
1166	50000.0	4.095380014825212
1167	50000.0	3.7858366007551476
1168	50000.0	7.843222350123265
1169	50000.0	5.981383899082571
1170	50000.0	7.063353049282722
1171	50000.0	5.023061225863529
1172	50000.0	3.738776700296165
1173	50000.0	7.658924701023894
1174	50000.0	8.654982935537266
1175	50000.0	5.6196944737452235
1176	50000.0	5.556297234968611
1177	50000.0	4.450459034056806
1178	50000.0	5.617782678792027
1179	50000.0	3.846748464260049
1180	50000.0	9.948695723579053
1181	50000.0	6.926533106480254
1182	50000.0	4.115420024103893
1183	50000.0	9.072714695674472
1184	50000.0	2.990626812428916
1185	50000.0	10.225222055638016
1186	50000.0	9.139566893201955
1187	50000.0	8.571274597298082
1188	50000.0	4.897390777360655
1189	50000.0	6.708943552598647
1190	50000.0	4.991446017722789
1191	50000.0	7.037779014472657
1192	50000.0	3.8752727815776793
1193	50000.0	6.074104394306303
1194	50000.0	9.222266855687035
1195	50000.0	4.91832392927031
1196	50000.0	4.193619260014567
1197	50000.0	4.529867472987181
1198	50000.0	9.156641089670007
1199	50000.0	5.799156229858101
