	0	1
0	959.2	6.669416390356431e-09
1	861.6	5.900731346566306e-09
2	1022.5	6.533118800362526e-09
3	1057.3	6.6129705108309705e-09
4	917.7	8.222751731916678e-09
5	861.3	6.974033031381883e-09
6	869.8	4.9071911934787896e-09
7	773.7	6.623731394240003e-09
8	965.9	6.010183117512272e-09
9	848.9	6.190718383982062e-09
10	884.0	6.993778662082059e-09
11	997.7	6.203676833564522e-09
12	1045.9	8.213385402477686e-09
13	1017.1	5.808308148468197e-09
14	816.4	7.342144830379054e-09
15	940.2	5.908723581720882e-09
16	821.8	5.454256767487363e-09
17	1004.5	6.4462435731686235e-09
18	996.9	6.1944139560687085e-09
19	840.9	5.940724426780293e-09
20	968.3	6.8659072974654345e-09
21	919.4	6.700124079915545e-09
22	959.9	6.7199246626403876e-09
23	860.2	6.605716021834432e-09
24	856.6	7.53840797890574e-09
25	845.9	6.5813809081757905e-09
26	940.9	6.883134056244154e-09
27	888.9	6.542929389436954e-09
28	911.9	5.909322096475936e-09
29	839.7	7.325348204294747e-09
30	844.3	5.405407099788242e-09
31	932.7	6.376748406504041e-09
32	977.4	6.8878989079753275e-09
33	886.0	7.562642002136569e-09
34	886.9	7.308252930662207e-09
35	896.3	7.64865287273066e-09
36	853.5	5.66900248609102e-09
37	853.5	5.2889436876280784e-09
38	922.5	6.186543205804592e-09
39	893.9	6.2636360780637265e-09
40	967.4	6.665773523102227e-09
41	947.8	6.864131625493443e-09
42	1028.7	7.63637262926979e-09
43	1039.6	5.722674818676221e-09
44	949.4	6.83832584777346e-09
45	933.4	7.666671726933292e-09
46	868.5	4.870888558579644e-09
47	909.4	6.2563846516516895e-09
48	797.8	6.919127690275755e-09
49	973.5	6.113424310916971e-09
50	2952.3	6.878525864857973e-09
51	2792.6	6.693750887034107e-09
52	2845.4	6.848569163777821e-09
53	3001.8	7.224081775080758e-09
54	2983.1	5.6569324237817914e-09
55	2897.9	7.159433746545668e-09
56	3006.4	6.798156506276467e-09
57	3083.8	6.194816963652326e-09
58	2996.9	4.809765295328686e-09
59	2975.9	6.800241455968317e-09
60	2872.1	4.7340432982307816e-09
61	2960.6	6.932415170833138e-09
62	3027.6	6.09691726574897e-09
63	2956.2	6.316885099472199e-09
64	2895.5	6.1539870474328525e-09
65	3009.7	6.126370430885816e-09
66	2925.1	7.715893510667879e-09
67	2811.0	6.977130711431549e-09
68	3066.8	6.735517803559046e-09
69	2900.0	6.088280707745813e-09
70	2835.3	6.6898532150824384e-09
71	2932.7	6.763617632520281e-09
72	2885.8	4.8406279609306804e-09
73	2857.9	7.100894736285604e-09
74	2882.7	6.144556634285907e-09
75	2939.6	6.720107985862264e-09
76	2898.6	7.506736668903387e-09
77	2861.7	5.595649311651076e-09
78	2892.5	5.823682865310296e-09
79	2914.3	7.0220692180167255e-09
80	2922.9	6.504291958919758e-09
81	2987.0	5.15472493590058e-09
82	2849.1	5.3261902823985556e-09
83	2925.3	6.9827125360655244e-09
84	2997.4	6.592334073644031e-09
85	2981.2	7.502930385297075e-09
86	2895.7	4.9054490830462e-09
87	2937.0	6.57022697507315e-09
88	2835.3	7.0695778754224515e-09
89	2957.9	5.574025443147295e-09
90	2827.0	5.8327456149582e-09
91	2901.7	6.7638420184601065e-09
92	3014.5	7.44489240739442e-09
93	3117.9	5.458373156844521e-09
94	2889.5	7.078991081106934e-09
95	3081.5	7.163824461099444e-09
96	2955.0	5.250804695424453e-09
97	2994.6	7.427929731247824e-09
98	2925.2	5.910815999953663e-09
99	2986.9	7.147080408937853e-09
100	50000.0	2.387901233241986
101	50000.0	2.189156430525419
102	48686.0	1.890421705253211
103	50000.0	1.4924385856399345
104	45010.3	1.8904217058090533
105	50000.0	2.885379754224828
106	50000.0	1.8904222084773052
107	50000.0	2.3879012332419878
108	49351.2	1.4924385863078866
109	50000.0	2.089413516114
110	45723.5	1.8975694135066763
111	50000.0	1.9899181141865827
112	50000.0	1.4924385856399465
113	45250.9	2.0362725422882724
114	47840.1	1.890422210430459
115	50000.0	1.591934491349304
116	50000.0	1.9899181524964618
117	50000.0	2.288404823750754
118	47972.0	1.5919339884674883
119	45151.2	1.4924434301783522
120	50000.0	1.8904222084772493
121	50000.0	1.591934491375142
122	47065.7	1.8904217053939767
123	45157.8	2.3079011926971433
124	50000.0	2.420187920364051
125	47677.7	1.591934492852736
126	42399.1	1.69143039907159
127	50000.0	1.7909263027679228
128	45671.5	1.4924385873688215
129	50000.0	1.6914303970585902
130	44146.7	1.59193449278942
131	50000.0	2.188909925605238
132	50000.0	2.7858848560811045
133	50000.0	4.576807124048161
134	50000.0	1.6253599128148473
135	50000.0	2.3871580279075877
136	43659.5	1.785112633780359
137	48674.1	3.183867472218163
138	50000.0	1.5919344913492715
139	50000.0	3.9798296701207625
140	50000.0	1.7909263027679234
141	50000.0	2.388217146789087
142	46118.1	2.343050301792104
143	46352.0	1.5919358217130166
144	50000.0	2.815993136802871
145	43086.1	1.4924385875490382
146	45152.4	1.4924385865505871
147	50000.0	2.288405831314571
148	49606.1	2.089413516674016
149	50000.0	1.691430397058594
150	50000.0	4.477314245574082
151	50000.0	5.40748170439037
152	50000.0	4.37781783608285
153	50000.0	4.576810151283417
154	50000.0	5.173784957716708
155	50000.0	4.974792766556925
156	50000.0	4.267140727288374
157	50000.0	4.477313741792413
158	50000.0	4.178827032228051
159	50000.0	4.278322937937332
160	50000.0	4.196890817903314
161	50000.0	5.770759004667737
162	50000.0	4.079330622736783
163	50000.0	4.661565251033511
164	50000.0	6.865212456761293
165	50000.0	4.08067014613581
166	50000.0	5.173784077394529
167	50000.0	4.178826528446103
168	50000.0	4.974792766556915
169	50000.0	5.47227179132169
170	50000.0	6.467228833287313
171	50000.0	5.37277588561232
172	50000.0	6.2682375256505685
173	50000.0	3.979835220809359
174	50000.0	3.581852804897158
175	50000.0	4.215474466393546
176	50000.0	5.8085160749653095
177	50000.0	4.393277671671272
178	50000.0	3.88033881131811
179	50000.0	5.273287468117216
180	50000.0	3.8803393151000174
181	50000.0	5.970065370059765
182	50000.0	4.342528651318245
183	50000.0	5.273910219993317
184	50000.0	4.365209293564382
185	50000.0	5.1737835704117545
186	50000.0	4.974803199559007
187	50000.0	5.3727758856123184
188	50000.0	2.7858853598612265
189	50000.0	6.470016152003997
190	50000.0	5.571767697030988
191	50000.0	4.676305049883368
192	50000.0	4.857585338259834
193	50000.0	3.982119521366016
194	50000.0	6.26823702220022
195	50000.0	6.246464578438141
196	50000.0	4.477314245574133
197	50000.0	4.576810151283416
198	50000.0	5.770758500885824
199	50000.0	4.775801458920169
200	83.7	0.0
201	81.3	0.0
202	77.0	0.0
203	87.5	0.0
204	100.5	0.0
205	83.2	0.0
206	82.9	0.0
207	100.5	0.0
208	93.9	0.0
209	108.9	0.0
210	96.5	0.0
211	115.8	0.0
212	101.8	0.0
213	81.3	0.0
214	84.1	0.0
215	124.6	0.0
216	87.5	0.0
217	83.7	0.0
218	134.3	0.0
219	100.5	0.0
220	93.4	0.0
221	81.4	0.0
222	134.3	0.0
223	90.4	0.0
224	105.7	0.0
225	74.4	0.0
226	80.5	0.0
227	100.5	0.0
228	83.8	0.0
229	84.1	0.0
230	74.4	0.0
231	101.0	0.0
232	82.9	0.0
233	89.9	0.0
234	81.4	0.0
235	97.1	0.0
236	100.4	0.0
237	101.8	0.0
238	138.3	0.0
239	90.4	0.0
240	77.0	0.0
241	87.8	0.0
242	108.9	0.0
243	100.5	0.0
244	103.1	0.0
245	134.3	0.0
246	90.4	0.0
247	87.8	0.0
248	103.3	0.0
249	96.5	0.0
250	2332.4	6.932403198619642e-10
251	2212.8	8.09435704560612e-10
252	2372.4	8.779155874371843e-10
253	2350.9	7.906403928188186e-10
254	2326.2	8.635202435693348e-10
255	2639.4	9.015796911120658e-10
256	2443.9	8.730950166783733e-10
257	2823.5	7.405137821040304e-10
258	2267.9	9.563860817784925e-10
259	2446.3	7.697645574050131e-10
260	2324.4	8.294933690909333e-10
261	2483.2	8.613361575651466e-10
262	2339.5	9.012362403141918e-10
263	2230.5	8.492076586037641e-10
264	2327.0	8.295132528102311e-10
265	2381.6	9.060896181370821e-10
266	2269.7	9.572702062013203e-10
267	2310.1	9.476065498745479e-10
268	2511.9	9.097643165040882e-10
269	2279.6	8.257929966786124e-10
270	2229.9	8.819499280480477e-10
271	2480.8	7.438849342831502e-10
272	2592.5	8.622491589840406e-10
273	2286.5	8.865093863319261e-10
274	2553.1	9.344057609233369e-10
275	2267.6	9.551856753313811e-10
276	2358.0	8.730229391810475e-10
277	2217.5	9.709939864017558e-10
278	2221.1	7.448518685831521e-10
279	2386.9	8.623621214041899e-10
280	2355.1	9.491174608867494e-10
281	2278.2	8.173284848120451e-10
282	2403.8	8.363740442981314e-10
283	2201.7	9.34095527388625e-10
284	2276.7	9.396372857013434e-10
285	2243.7	8.07045379606439e-10
286	2370.8	7.809021251242211e-10
287	2385.4	1.0248051141370121e-09
288	2462.2	8.76491159092043e-10
289	2383.8	8.99642218763683e-10
290	2319.1	8.752542005267488e-10
291	2323.3	9.09198846563393e-10
292	2355.7	8.639198995866465e-10
293	2691.2	8.397381297400701e-10
294	2311.4	8.62069829855039e-10
295	2294.9	9.674142361098533e-10
296	2302.1	7.661765702181672e-10
297	2319.9	8.977143838583048e-10
298	2351.8	8.148532209711897e-10
299	2412.7	9.123714905642611e-10
300	1025.6	0.0
301	50000.0	92.94000000568221
302	50000.0	35.35000000502799
303	50000.0	3.820000005267066
304	50000.0	21.75000000428791
305	50000.0	64.79000000465967
306	50000.0	54.07000000443564
307	1171.3	0.0
308	50000.0	22.630000004956138
309	50000.0	15.540000002882618
310	969.0	0.0
311	50000.0	396.0400000039873
312	50000.0	128.11000000449104
313	1492.0	0.0
314	50000.0	311.01000000451245
315	1258.1	0.0
316	50000.0	29.260000004934188
317	1607.9	0.0
318	50000.0	43.19000000468508
319	50000.0	1000.0000000043841
320	50000.0	290.97000000529766
321	1842.2	0.0
322	1005.9	0.0
323	1401.9	0.0
324	50000.0	412.9200000058016
325	50000.0	216.94000000351662
326	50000.0	117.50000000428777
327	50000.0	53.4800000046554
328	50000.0	7.780000005698315
329	50000.0	72.60000000720939
330	1178.3	0.0
331	50000.0	14.65000000527046
332	1393.0	0.0
333	50000.0	10.21000000308291
334	50000.0	39.06000000459436
335	950.7	0.0
336	50000.0	263.2000000029624
337	50000.0	14.140000004620564
338	50000.0	42.420000006080954
339	50000.0	2.3500000053177894
340	1172.6	0.0
341	1557.7	0.0
342	50000.0	675.0100000045929
343	1153.6	0.0
344	1478.7	0.0
345	998.5	0.0
346	50000.0	56.81000000439864
347	50000.0	42.09000000315937
348	50000.0	45.79000000458989
349	1051.9	0.0
350	3708.3	4.8645724999944085e-09
351	4007.1	7.733698743696805e-09
352	6072.3	5.9475346227626475e-09
353	4113.7	6.10196344728539e-09
354	4034.3	7.368733948497507e-09
355	4065.3	5.9374685974399895e-09
356	5057.1	6.8539388991554685e-09
357	4317.5	6.487038183419427e-09
358	5289.8	7.602185641038158e-09
359	3966.6	5.8687936669136414e-09
360	3696.3	5.832616572523072e-09
361	3886.1	5.471452187983691e-09
362	4214.4	6.992448220245589e-09
363	5164.6	5.6267726770351725e-09
364	3862.9	6.9241055070094295e-09
365	3782.8	5.842727613696179e-09
366	4936.9	6.8059680721120635e-09
367	4827.3	6.925079176532541e-09
368	4878.3	6.750111921486976e-09
369	6369.2	6.522434567160481e-09
370	4802.6	7.554954997840611e-09
371	3571.5	5.583826523002148e-09
372	3866.9	6.0702064522777175e-09
373	6459.7	7.27306688242084e-09
374	4821.5	6.914979449510582e-09
375	3644.0	6.344087663801512e-09
376	4208.0	5.583264790126324e-09
377	4019.4	6.36271119744756e-09
378	3690.0	6.158889323402252e-09
379	5167.2	7.038506447291164e-09
380	4035.6	6.678165411217084e-09
381	3955.9	5.929434275820718e-09
382	4130.6	6.368261617646315e-09
383	5418.2	7.207048348637782e-09
384	6490.7	4.698566092583588e-09
385	3888.2	6.973980236438238e-09
386	3998.9	7.589111578883118e-09
387	5271.2	4.608447575421895e-09
388	4388.9	5.983275956401526e-09
389	4270.0	7.416122264541078e-09
390	4761.2	7.278920643340289e-09
391	3818.9	7.146359822878186e-09
392	4027.9	6.607984883119679e-09
393	4121.4	7.168545886997812e-09
394	4067.2	6.722993450909399e-09
395	4835.9	7.185717255643411e-09
396	4326.2	7.306140013407744e-09
397	3873.8	7.091983023749755e-09
398	3856.3	6.982969667631414e-09
399	3887.5	7.632648825351375e-09
400	3743.1	5.987301271337139e-09
401	4732.6	7.0983200674044165e-09
402	5053.7	6.71979150708798e-09
403	3713.4	6.881756457386627e-09
404	3836.1	6.769579726801409e-09
405	3985.6	5.6482651176408265e-09
406	3875.5	5.13928321287852e-09
407	4003.3	6.452972494476827e-09
408	4261.2	6.2701924686326554e-09
409	3663.3	6.628746991430472e-09
410	3385.8	6.734468546708628e-09
411	3943.4	6.542029421253757e-09
412	4909.0	6.46659145054542e-09
413	3677.4	6.837464816211546e-09
414	3551.8	6.646915337842679e-09
415	3884.1	6.102778351385936e-09
416	3808.9	6.2539662987810296e-09
417	4615.7	6.838265792990249e-09
418	3817.2	6.8958423806664246e-09
419	3966.7	6.705972926808549e-09
420	3751.1	5.7647050718071115e-09
421	3702.8	5.66987210138435e-09
422	3471.2	6.4044858858282835e-09
423	3543.4	7.396055751597993e-09
424	3726.2	6.6637464084442124e-09
425	3663.0	6.784844405744124e-09
426	3780.4	7.68778659704649e-09
427	3428.5	6.622216418503723e-09
428	3568.5	5.452983803999087e-09
429	4036.6	7.107992316103904e-09
430	4106.8	5.59412430435819e-09
431	3969.1	6.3743807019009176e-09
432	4006.8	6.322778889329126e-09
433	3939.5	7.2557760115243385e-09
434	3802.8	6.905163532467755e-09
435	3414.3	5.724016579601641e-09
436	4027.7	6.2620340767961075e-09
437	4244.1	6.216086378362074e-09
438	3811.5	6.466126687285887e-09
439	3781.8	5.643841746982719e-09
440	4002.6	6.242092928434444e-09
441	3414.3	7.268636507336346e-09
442	3986.6	6.0370493292918276e-09
443	3782.0	7.039425107826393e-09
444	3670.3	6.878078352709503e-09
445	4669.1	7.243598800692416e-09
446	4081.7	6.955947646350914e-09
447	4456.3	5.8632101824909655e-09
448	3366.0	6.648969698342867e-09
449	3620.9	6.147535528355312e-09
450	2781.9	7.690233830121625e-09
451	3058.6	6.924268475506441e-09
452	2916.8	7.356443092702959e-09
453	2968.8	6.336066857270782e-09
454	3152.9	6.521644113815818e-09
455	2933.0	6.395057777634597e-09
456	2925.7	6.609052580792945e-09
457	3140.9	5.73260302134036e-09
458	3088.2	5.274728693161825e-09
459	2980.3	7.238358504137609e-09
460	2951.3	7.072990026070746e-09
461	2910.3	7.287199608133343e-09
462	2817.5	8.05098075133684e-09
463	2943.6	6.7056210965628724e-09
464	2989.3	6.207584144468338e-09
465	2859.9	6.150198338326953e-09
466	2890.6	6.426851144873301e-09
467	2931.6	6.323702570419791e-09
468	2910.3	6.811369615160384e-09
469	2880.9	7.139358530639789e-09
470	2801.3	5.202630803820956e-09
471	3025.8	6.546803409683007e-09
472	2877.3	6.82334592261196e-09
473	2777.0	5.621987820341603e-09
474	3051.8	4.7281236686001685e-09
475	3096.8	6.504651063779212e-09
476	2765.2	5.842564291463304e-09
477	2993.8	6.071903397999551e-09
478	2995.4	7.158886474823372e-09
479	2867.7	6.046366022985982e-09
480	3191.9	5.410298821282882e-09
481	3014.8	5.147424470589781e-09
482	3033.3	6.674901992410736e-09
483	3025.7	5.025668665519309e-09
484	2815.9	6.4549281978155144e-09
485	3050.6	6.955943976826255e-09
486	2925.4	7.198313260609342e-09
487	2814.2	5.844802563092682e-09
488	3027.2	6.243079793757333e-09
489	2938.5	6.5132263576628725e-09
490	2835.7	6.952491635266468e-09
491	3026.4	6.517806131446814e-09
492	3059.9	6.938601953333849e-09
493	3042.6	6.69818315871727e-09
494	3072.3	5.988609547394327e-09
495	2947.5	6.367903140407371e-09
496	2923.4	5.468588204718657e-09
497	3255.5	6.79123984310713e-09
498	2953.8	6.710915559275334e-09
499	2995.0	6.457982616209997e-09
500	3191.0	6.737162970017379e-09
501	3148.7	5.987049867548271e-09
502	3095.3	8.046485087100632e-09
503	3056.4	7.56094382876295e-09
504	3035.6	6.632475803478205e-09
505	3006.2	6.984779999967022e-09
506	3121.1	6.8283780108412844e-09
507	3030.1	6.626079532650395e-09
508	3187.4	6.6436988774415636e-09
509	3086.9	7.264407144792143e-09
510	3094.6	7.576465451830903e-09
511	3340.2	6.26293459715103e-09
512	3178.4	5.9463261179236205e-09
513	3114.4	6.5110612240727616e-09
514	3059.7	6.458931722639733e-09
515	3081.1	7.306403475682808e-09
516	2950.2	7.3898561829939996e-09
517	3126.2	7.295699998747091e-09
518	3176.7	4.429932584590709e-09
519	3005.4	6.363102506161813e-09
520	2923.7	5.999928091851214e-09
521	2894.6	6.58259513974933e-09
522	3141.1	6.18877716532629e-09
523	2939.7	6.876482246407884e-09
524	3087.8	7.242150295902952e-09
525	3251.0	6.780532447910955e-09
526	3208.6	7.360040018732125e-09
527	2999.3	6.500123815413946e-09
528	3044.5	6.7327743956625e-09
529	3109.3	5.995165624518954e-09
530	3032.4	8.091814604240127e-09
531	3037.4	7.6324582124786e-09
532	2993.2	6.747715327870088e-09
533	2924.2	7.443491523793368e-09
534	3052.9	6.6638366257385265e-09
535	3084.1	5.063922608680541e-09
536	3045.4	6.750622965605796e-09
537	3070.0	6.585182370551385e-09
538	3105.4	6.709125717485411e-09
539	3325.0	7.0347509020828364e-09
540	2967.8	6.419623595941885e-09
541	3376.0	6.719340506203823e-09
542	2920.7	6.0175110366271854e-09
543	3244.8	6.930018011777369e-09
544	3068.0	7.363355243176051e-09
545	3086.3	7.256821178295013e-09
546	3319.1	6.591332907079429e-09
547	3052.2	4.868865288170484e-09
548	3010.7	4.869234541055e-09
549	3026.5	8.253609973106337e-09
550	8484.8	7.611688383027464e-09
551	8124.6	7.454444480950121e-09
552	4209.3	7.604355736296474e-09
553	16971.5	1.9014748310229014e-08
554	5579.7	7.278112258643074e-09
555	6499.4	8.090388701387867e-09
556	18008.8	5.14864527213609e-08
557	3967.6	6.4953897484819505e-09
558	9568.0	8.625441575614932e-09
559	4454.8	7.025978012866215e-09
560	3700.6	7.623367599928116e-09
561	10463.9	8.235216933266054e-06
562	3818.2	7.254963325102595e-09
563	3720.1	7.909448449080195e-09
564	30252.1	0.0036659651916933073
565	30777.0	1.5393517417007307e-06
566	38790.8	6.716791940496225e-05
567	7778.4	8.999135660059639e-09
568	24865.5	4.676327660181673e-05
569	22244.7	2.0432794638321813e-07
570	19211.9	1.726616236854044e-08
571	10716.0	3.088640484832422e-08
572	20265.4	1.4484797813787055e-06
573	20433.6	0.00033660193236243884
574	29132.4	1.7423451013292172e-06
575	8279.2	7.635228641046122e-09
576	5841.3	8.337524291019633e-09
577	3787.1	8.495269354730705e-09
578	25309.0	1.008047185710349e-06
579	11538.8	7.72683285126044e-09
580	16388.8	1.8443847333069526e-07
581	30162.3	1.0943241828393496e-07
582	19315.6	1.0722535137164668e-06
583	14077.4	9.31123896241214e-09
584	4945.6	7.902582037688061e-09
585	17940.0	2.1514010891828374e-07
586	10479.5	8.498312373109923e-09
587	3823.3	8.176334320900815e-09
588	9062.7	8.081867926178402e-09
589	16303.9	1.4385753127804014e-06
590	14852.7	2.3876466325867816e-06
591	6806.1	8.567151839880482e-09
592	4270.9	7.795635071136868e-09
593	22618.9	3.2324863897106518e-06
594	9864.5	7.61221148254473e-09
595	6592.4	8.095439790755656e-09
596	31076.3	3.960735485877904e-06
597	17388.8	1.6518608087857683e-08
598	8131.8	7.498696235692963e-09
599	5492.7	7.543088962417426e-09
600	9249.4	5.488744960584569e-08
601	9956.7	1.7136917593542968e-07
602	5552.0	8.838964660598061e-09
603	13791.4	2.20051282502029e-07
604	4748.9	7.55058064231339e-09
605	5559.7	8.793355468459137e-09
606	4555.6	7.861682067530415e-09
607	15262.9	4.095536677592845e-08
608	9388.1	2.7774330835938e-07
609	9506.8	1.2748669298444968e-08
610	6828.6	7.556716515965246e-09
611	6275.0	8.553647299250072e-09
612	5596.9	8.591684593302415e-09
613	9194.1	2.232789043034313e-08
614	5101.1	8.112269584405801e-09
615	5132.4	8.198244509124722e-09
616	4433.5	8.960783957830647e-09
617	4670.2	8.767192747419368e-09
618	9087.9	2.0024255002656556e-08
619	9473.4	8.848021149529778e-09
620	4787.7	7.648233069912172e-09
621	4856.9	8.374401659389781e-09
622	5981.8	8.64220064809081e-09
623	10099.2	4.1454148806837584e-08
624	4745.2	8.827664847311294e-09
625	4488.4	8.490452703631421e-09
626	13869.6	2.6272586887897982e-08
627	4866.9	8.164794950026856e-09
628	5073.5	8.834297583573486e-09
629	9487.7	2.49650201966269e-08
630	6258.5	7.856543890736011e-09
631	4589.9	8.413032394579144e-09
632	13712.9	2.389749866454402e-07
633	4868.4	8.039525327466883e-09
634	5685.2	8.16006582813598e-09
635	10432.8	1.7698230254716616e-08
636	6327.5	7.94764817938595e-09
637	5694.3	8.794212959667007e-09
638	9526.6	2.2413603726877688e-08
639	10183.8	9.044277242990127e-09
640	4736.6	7.906435634010356e-09
641	4784.6	7.757878274136327e-09
642	9949.3	8.342651723280383e-09
643	9199.9	8.06488281077239e-09
644	13841.7	6.890575983025708e-07
645	9399.6	1.626148116326713e-08
646	4608.6	7.767886484642e-09
647	8859.9	1.7762492958316343e-08
648	9907.8	2.4566108688823747e-08
649	10696.6	1.1599009061484804e-08
650	3867.2	8.991433035283723e-09
651	3635.2	9.057772589915976e-09
652	3880.4	8.951503171963143e-09
653	3598.1	9.453746160017474e-09
654	3864.2	8.16123188837415e-09
655	3761.7	8.085606420391844e-09
656	3666.3	8.336880393755718e-09
657	4008.1	9.087173344278733e-09
658	3691.5	9.24035401820409e-09
659	3749.3	8.612849996150944e-09
660	4092.5	8.672855851652026e-09
661	3757.5	8.380460885120856e-09
662	4023.1	8.66291635938112e-09
663	3709.1	8.576826527422573e-09
664	3795.6	8.726849388173772e-09
665	3818.0	9.10174357747047e-09
666	3634.8	8.404980577043123e-09
667	3825.6	8.448512552208625e-09
668	3814.6	8.992637347355867e-09
669	4052.8	8.618842788832525e-09
670	3507.1	8.862047837686526e-09
671	3731.1	9.083045341952543e-09
672	3528.8	9.227903696020966e-09
673	3785.5	8.99439928512511e-09
674	3936.8	8.876513592033537e-09
675	3473.1	8.637367177935814e-09
676	3674.9	9.041148810632314e-09
677	4002.4	8.68433014264796e-09
678	3814.6	8.867956340522438e-09
679	3808.8	9.177285041720348e-09
680	3756.1	8.22661399361406e-09
681	3835.7	8.948877272938596e-09
682	3754.3	8.929065451637841e-09
683	3906.6	8.048842070090255e-09
684	3886.9	9.15898960951986e-09
685	3600.9	8.777966128548054e-09
686	3825.4	8.426468360854861e-09
687	3788.4	8.804796672656686e-09
688	3934.8	8.26546684048228e-09
689	3875.8	8.953721630868874e-09
690	3659.9	8.272215187772547e-09
691	3922.3	8.677446146199632e-09
692	3666.6	8.917891874344564e-09
693	3615.9	8.296535747168178e-09
694	3882.9	8.409226542707082e-09
695	3698.5	8.340229221454642e-09
696	3634.9	8.814757053119367e-09
697	3803.9	9.203607576439143e-09
698	3748.0	8.981899792112815e-09
699	3678.7	9.065076982188123e-09
700	47228.3	1.9899181145148837
701	50000.0	1.7909263027679754
702	49585.1	1.5919344923346226
703	45178.0	1.6914303978995335
704	50000.0	2.0894135161139986
705	50000.0	1.7909263027679228
706	42312.8	1.6914303988702604
707	47828.5	1.7373780832435302
708	46988.9	1.7909263032484126
709	50000.0	1.691430397058594
710	45116.8	1.6914355240805503
711	50000.0	1.5919344913492666
712	45541.3	1.1939508701010795
713	46463.9	1.4924385872518215
714	50000.0	1.9899181141865856
715	50000.0	1.492438585639961
716	50000.0	2.2884053275326646
717	45187.5	1.5919344921174075
718	50000.0	1.6914303970586009
719	45122.4	1.4924388515275564
720	49407.7	1.4924385861958214
721	46171.0	1.392942680803852
722	46962.1	1.3044611976750533
723	47199.0	1.515230719120442
724	49874.7	1.890422209411985
725	50000.0	2.1889099256052367
726	44731.3	1.3929426815618267
727	47809.9	1.798599325191709
728	46087.1	1.3929426806936118
729	47918.4	1.193950869380749
730	46934.1	1.2944636068839972
731	47915.1	1.2934467754814727
732	50000.0	1.4924385856399325
733	47129.9	2.188909422307977
734	45159.5	1.7909263035948868
735	50000.0	1.4924385856399354
736	50000.0	1.7909263027679188
737	47091.3	1.2952014827106262
738	46972.3	1.5919344920189427
739	48569.4	1.9413305988089866
740	50000.0	1.4924385856399347
741	42957.5	1.2934467747710803
742	50000.0	1.989917610404675
743	50000.0	1.6914303970585955
744	44682.6	1.6914303982227827
745	47328.7	2.089413517293459
746	50000.0	1.8904222084772466
747	49434.5	1.691430397810986
748	50000.0	1.89042220847725
749	41738.8	1.2934467765203173
750	50000.0	3.6818415221083653
751	50000.0	3.414619944365466
752	50000.0	1.4478193369628263
753	50000.0	3.7452935722384852
754	50000.0	5.8612031201739745
755	50000.0	3.8703346442041826
756	50000.0	2.0004415470244865
757	50000.0	2.455210799917958
758	50000.0	2.005017610316121
759	50000.0	2.839668202466776
760	50000.0	3.182634786653938
761	50000.0	3.7776230208226194
762	50000.0	2.5534179525317766
763	50000.0	5.146750636247949
764	50000.0	5.2070657039880786
765	50000.0	2.364376491491015
766	50000.0	3.6077231728749064
767	50000.0	4.656889020850697
768	50000.0	4.423380204799729
769	50000.0	3.6680865957666717
770	50000.0	6.2507718996318955
771	50000.0	4.072862346257587
772	50000.0	2.156327311741445
773	50000.0	2.2063673899637317
774	50000.0	4.015098738379687
775	50000.0	1.9142081850567325
776	50000.0	4.398693390110651
777	50000.0	2.3238059773933424
778	50000.0	3.655198732242417
779	50000.0	6.3786304286665825
780	50000.0	3.0413586815318188
781	50000.0	4.226548099435513
782	50000.0	4.509982040392107
783	50000.0	2.611117642981774
784	50000.0	3.3197063799715565
785	50000.0	4.529809201198242
786	50000.0	1.9289436978960528
787	50000.0	5.861989489741754
788	50000.0	1.5486623463103883
789	50000.0	2.602495469595259
790	50000.0	4.29599348743083
791	50000.0	2.4940789061165116
792	50000.0	1.6893241523416809
793	50000.0	2.6509374147185323
794	50000.0	3.383552791957881
795	50000.0	3.991620285811661
796	50000.0	4.448672278899033
797	50000.0	4.962844121103791
798	50000.0	5.411934261524145
799	50000.0	2.584388127246352
800	50000.0	5.349692703121671
801	50000.0	7.115472064924447
802	50000.0	3.107272136867764
803	50000.0	6.714143792256033
804	50000.0	11.795957071448282
805	50000.0	5.728505983256171
806	50000.0	5.203129233675943
807	50000.0	6.150526729444681
808	50000.0	7.335810634806689
809	50000.0	14.091165217944965
810	50000.0	7.644519603580768
811	50000.0	9.234531274626363
812	50000.0	9.98160987654045
813	50000.0	9.091982219987276
814	50000.0	9.484173159266767
815	50000.0	7.015812413120945
816	50000.0	15.02585658389429
817	50000.0	8.445626216732855
818	50000.0	8.906456357395296
819	50000.0	9.870083367700078
820	50000.0	6.58791246539643
821	50000.0	9.225304010605143
822	50000.0	6.712073368313879
823	50000.0	2.8553453534090134
824	50000.0	7.117695814317652
825	50000.0	7.408153680497968
826	50000.0	7.093160059752956
827	50000.0	3.4461004805960487
828	50000.0	6.551095190872951
829	50000.0	3.780136410007205
830	50000.0	5.534313850094721
831	50000.0	7.502783395304798
832	50000.0	4.657755133512062
833	50000.0	4.056522859954449
834	50000.0	2.3258263207966845
835	50000.0	3.296351487440839
836	50000.0	8.717286120869943
837	50000.0	4.716960640969361
838	50000.0	13.630446627541208
839	50000.0	3.156309051025572
840	50000.0	6.022509026807652
841	50000.0	5.346333435799411
842	50000.0	7.7303606363024455
843	50000.0	4.660703375695769
844	50000.0	6.07996572025038
845	50000.0	15.04245174842571
846	50000.0	9.022032438075167
847	50000.0	7.0328660055717425
848	50000.0	6.350815578699898
849	50000.0	6.608206372358201
850	50000.0	21.91050536421897
851	50000.0	26.757853351515216
852	50000.0	5.69197163134354
853	50000.0	26.738232889501496
854	50000.0	31.808308159663646
855	50000.0	19.93128220277449
856	50000.0	20.91928081794299
857	50000.0	26.903728841424073
858	50000.0	30.488398646480665
859	50000.0	52.15257944482147
860	50000.0	26.53097748657222
861	50000.0	35.09496410370081
862	50000.0	21.86699051182948
863	50000.0	26.09298431099029
864	50000.0	33.317444302782086
865	50000.0	21.438143271009555
866	50000.0	48.70026117918036
867	50000.0	25.323998997053017
868	50000.0	25.379020193136785
869	50000.0	21.401845009502267
870	50000.0	30.554170508838023
871	50000.0	34.45743895340672
872	50000.0	14.246974797763198
873	50000.0	12.550216250107457
874	50000.0	19.971644455410612
875	50000.0	16.931622856688982
876	50000.0	13.55285340382475
877	50000.0	9.907779034631053
878	50000.0	25.66874044225013
879	50000.0	12.82769489103364
880	50000.0	20.684889373956075
881	50000.0	28.75217245175247
882	50000.0	18.8819082200097
883	50000.0	11.944808598962855
884	50000.0	8.890267385877431
885	50000.0	11.996483758804024
886	50000.0	29.542188804545653
887	50000.0	18.167827982340544
888	50000.0	40.77271908207439
889	50000.0	14.628366319752644
890	50000.0	15.848094453687645
891	50000.0	22.980446273753977
892	50000.0	20.109822041365003
893	50000.0	17.535831176884297
894	50000.0	25.301051946388853
895	50000.0	47.45954472119256
896	50000.0	25.514429712548736
897	50000.0	23.679819456611188
898	50000.0	18.070092309729617
899	50000.0	21.484515007520226
900	50000.0	0.0752048770835266
901	50000.0	0.08119828109630571
902	50000.0	0.07327485067345663
903	50000.0	0.08784624567394098
904	50000.0	0.08764585834127221
905	50000.0	0.053806091176493355
906	48632.2	0.06814546399212258
907	50000.0	0.13322160429658253
908	45270.4	0.07689244050259596
909	50000.0	0.11493736284378837
910	50000.0	0.0788863880780907
911	50000.0	0.06372626958616881
912	50000.0	0.07962723058316161
913	50000.0	0.08584146349883656
914	50000.0	0.07787402250429469
915	49150.6	0.04984755489717525
916	50000.0	0.09244771133983871
917	50000.0	0.04956713609376919
918	50000.0	0.07124027800744681
919	46352.7	0.08211904150777123
920	50000.0	0.04908272799930611
921	50000.0	0.08910540601036399
922	50000.0	0.11578038064936251
923	47847.7	0.06399240846982793
924	50000.0	0.08677236492409328
925	50000.0	0.10730422830687729
926	50000.0	0.09875706883296206
927	50000.0	0.13927577663032925
928	50000.0	0.08891971069499043
929	50000.0	0.10707641096835072
930	50000.0	0.09225130216083918
931	50000.0	0.08079294964424974
932	50000.0	0.08094265159614818
933	50000.0	0.09183798128990439
934	50000.0	0.10613412302475958
935	46485.1	0.045949220375834446
936	50000.0	0.06303995146970447
937	50000.0	0.08562967020902512
938	50000.0	0.047072463870819446
939	50000.0	0.053459593651511206
940	50000.0	0.05639827582136352
941	50000.0	0.13060641639548204
942	50000.0	0.1121454490043579
943	50000.0	0.06316725695492327
944	50000.0	0.0815479976031929
945	49239.0	0.07595380833901615
946	45336.5	0.10364451716588104
947	50000.0	0.08161696731257209
948	50000.0	0.061165884476494806
949	50000.0	0.07880449871083303
950	50000.0	1.269431124835998
951	50000.0	1.073279334466854
952	50000.0	1.0960739040467786
953	50000.0	1.194492892378554
954	50000.0	1.1904093811095933
955	50000.0	1.054134521408363
956	50000.0	1.1897639108936588
957	50000.0	0.912215667974662
958	50000.0	1.0383506785356602
959	50000.0	0.9559763290318302
960	50000.0	0.9357636052625258
961	50000.0	0.981204286856063
962	50000.0	1.0370941640301634
963	49199.7	0.9136180191838236
964	50000.0	1.1811420039284668
965	50000.0	1.2443646424398307
966	50000.0	0.9308309888193935
967	50000.0	1.1098778155218534
968	50000.0	1.0146630116127724
969	50000.0	1.198315526322718
970	50000.0	0.9534218711766836
971	50000.0	1.0253835740915118
972	50000.0	1.1753889101790664
973	50000.0	1.1785500440476377
974	50000.0	1.1449295213162407
975	50000.0	0.938663048164836
976	50000.0	0.9614209921322605
977	50000.0	1.150097806562192
978	50000.0	1.2138440244336925
979	50000.0	1.030534430755843
980	50000.0	1.0226076625363438
981	50000.0	0.9650370065554096
982	46097.0	0.8923536006117982
983	50000.0	0.9294840329077305
984	50000.0	1.1253196308257913
985	50000.0	1.1051111948476011
986	50000.0	1.1501021521262307
987	50000.0	0.9089881338621364
988	50000.0	0.9238298951154528
989	50000.0	1.1015957440039805
990	50000.0	1.1331413870809
991	50000.0	1.2633862316335986
992	50000.0	1.1777059606524243
993	50000.0	1.0919723069102019
994	50000.0	1.1331413870809
995	50000.0	1.2197440808775155
996	50000.0	1.2040777314555173
997	50000.0	1.1062980628346908
998	50000.0	1.1302226502004566
999	50000.0	1.3024417991568895
1000	50000.0	2.4490054038458915
1001	50000.0	1.245255535304286
1002	45095.7	4.9969209236934455
1003	30327.5	2.8132930985972293
1004	45079.5	1.3271812932559217
1005	35288.5	1.832182984226374
1006	45061.0	2.3586171436445538
1007	45073.0	1.9332001515431478
1008	50000.0	2.569375257540649
1009	50000.0	4.6307384695804235
1010	44086.4	4.322538909259817
1011	50000.0	5.153960788499057
1012	50000.0	2.88537648383651
1013	50000.0	5.982239804401613
1014	46734.7	2.5344431821487547
1015	5617.6	0.27779884534346283
1016	45062.6	1.120729982764262
1017	20417.6	0.4314695634754995
1018	50000.0	3.15908680307751
1019	36145.8	3.1738500274685464
1020	50000.0	7.163925817189669
1021	50000.0	5.01000002077072
1022	29227.6	1.0432488297351872
1023	45084.6	0.8252319821265068
1024	50000.0	1.553800370120898
1025	15511.8	0.6218437928207123
1026	37449.9	3.7960164922891044
1027	15450.6	0.8445764594103796
1028	49725.4	6.7989922752119085
1029	5583.5	0.7856584562409419
1030	44341.9	3.1102848259214637
1031	50000.0	3.081062615165119
1032	50000.0	5.068400162295443
1033	34206.2	1.4931966882246157
1034	50000.0	1.8328545943718861
1035	574.6	4.956047098837191e-09
1036	549.6	1.8783849823084557e-09
1037	45093.8	3.2207033017759534
1038	20275.2	0.6694589524638391
1039	50000.0	3.93919136871732
1040	40238.4	1.6929355202710035
1041	41445.1	3.944886372735822
1042	50000.0	4.156655353596136
1043	45069.6	2.3317762883877213
1044	30256.5	0.9553710725781774
1045	50000.0	2.118634928020234
1046	40146.7	2.956284689419753
1047	50000.0	1.3206684700608224
1048	28886.5	2.3065932331549055
1049	50000.0	1.9464806549718467
1050	45072.9	2.223788861566791
1051	10891.9	0.39099977556974236
1052	50000.0	2.0841957380031233
1053	34609.9	1.0937812296984253
1054	50000.0	4.393220432135394
1055	29026.3	3.134234590308628
1056	50000.0	2.0031210747631745
1057	15803.3	1.994821340629283
1058	50000.0	1.0458930977840195
1059	50000.0	1.954998859523298
1060	45111.9	1.5076661641148166
1061	50000.0	5.756302626548207
1062	50000.0	1.1971136905243824
1063	50000.0	7.086575387987699
1064	50000.0	16.461945261418148
1065	49675.0	3.9664773883090816
1066	50000.0	2.003121074763184
1067	45146.3	2.1416238754923276
1068	50000.0	10.231514183820398
1069	45118.9	5.804472722579353
1070	15158.7	1.1333298306372175
1071	50000.0	3.4663836767440683
1072	35342.5	4.075191783170749
1073	37105.1	5.357399459038857
1074	50000.0	1.9565900180835811
1075	50000.0	5.462749536503473
1076	45111.5	11.12864232978492
1077	36999.0	7.740718326651793
1078	6864.2	5.071866522258547e-09
1079	30419.3	1.4837731773834073
1080	50000.0	7.980418118029147
1081	50000.0	1.6114059907798435
1082	50000.0	1.4466971636297419
1083	16400.3	0.3449803139424155
1084	50000.0	4.099227354950074
1085	49907.6	1.7249414273676993
1086	45152.2	1.8230538615971832
1087	50000.0	0.8181711060249114
1088	50000.0	0.6918569111917574
1089	30438.2	1.6483593838002606
1090	50000.0	2.2100139870300195
1091	30576.0	1.8315668192600227
1092	50000.0	4.815518483795809
1093	40225.1	0.6797997248650023
1094	47543.5	6.27573315663308
1095	20642.4	0.27674276717086105
1096	50000.0	2.003493102495475
1097	41206.1	4.949215765879765
1098	26434.1	0.8237800219482988
1099	50000.0	5.910504583713314
1100	50000.0	0.384618495091758
1101	50000.0	0.37083626855647334
1102	50000.0	0.26801998845071406
1103	50000.0	0.1454108601540868
1104	50000.0	0.35011797343281187
1105	50000.0	0.33307571490578775
1106	50000.0	0.16360684397460945
1107	50000.0	0.4228702923413806
1108	50000.0	0.2760548556891648
1109	50000.0	0.21138917964626214
1110	50000.0	0.3299250518738526
1111	50000.0	0.3741274380824328
1112	50000.0	0.3345179859938813
1113	50000.0	0.34249698601652756
1114	50000.0	0.35818616068155806
1115	50000.0	0.38167500537593824
1116	50000.0	0.2583913470197697
1117	50000.0	0.4203207720928296
1118	50000.0	0.25449323828454934
1119	50000.0	0.29221125536755405
1120	50000.0	0.43064991619411785
1121	50000.0	0.22118433690379558
1122	50000.0	0.3135387287087438
1123	50000.0	0.08669758959165125
1124	50000.0	0.3103987094315518
1125	50000.0	0.3943081179232565
1126	50000.0	0.23012332236253683
1127	50000.0	0.40517093893843387
1128	50000.0	0.2037414933949747
1129	50000.0	0.3498829688105768
1130	50000.0	0.28550947729376674
1131	50000.0	0.321874617574792
1132	50000.0	0.23129004159236916
1133	50000.0	0.3064314740393442
1134	50000.0	0.2416346518561284
1135	50000.0	0.4845478199348804
1136	50000.0	0.17913217561835254
1137	50000.0	0.1917470582845163
1138	50000.0	0.22069540559267736
1139	50000.0	0.26394287473233513
1140	50000.0	0.28905996548185564
1141	50000.0	0.5014048445890358
1142	50000.0	0.46470786425078686
1143	50000.0	0.3731473526814747
1144	50000.0	0.19029166493004623
1145	50000.0	0.38108106575852363
1146	50000.0	0.2967684316286491
1147	50000.0	0.36001115366645464
1148	50000.0	0.41492916587782813
1149	50000.0	0.491662150736534
1150	50000.0	5.701426426767227
1151	50000.0	6.423419153086544
1152	50000.0	5.493401829986542
1153	50000.0	3.2171533525073257
1154	50000.0	5.847497398405502
1155	50000.0	4.352216746222481
1156	50000.0	5.427672172261549
1157	50000.0	6.420887308735685
1158	50000.0	5.267357100940982
1159	50000.0	5.487654063486486
1160	50000.0	6.648137827897803
1161	50000.0	5.579243220257071
1162	50000.0	7.005822027211306
1163	50000.0	5.093450516904754
1164	50000.0	6.778800333864188
1165	50000.0	4.0973258687474345
1166	50000.0	3.3962779618827286
1167	50000.0	4.878218758332632
1168	50000.0	7.95853328539844
1169	50000.0	3.880764601706076
1170	50000.0	6.637305528100713
1171	50000.0	5.919008367250319
1172	50000.0	3.204180480824289
1173	50000.0	5.795076710290868
1174	50000.0	6.912125638287622
1175	50000.0	5.282265147444762
1176	50000.0	3.687344473453038
1177	50000.0	2.804731021988034
1178	50000.0	5.32366454260152
1179	50000.0	3.4057932469254766
1180	50000.0	6.511850641019119
1181	50000.0	6.147269460098858
1182	50000.0	2.1616937157314746
1183	50000.0	8.131304289398047
1184	50000.0	4.574841236410723
1185	50000.0	5.867298322874413
1186	50000.0	7.7779700916473065
1187	50000.0	7.274434283960534
1188	50000.0	5.298037456312863
1189	50000.0	5.393297772542033
1190	50000.0	4.851325604725416
1191	50000.0	6.564671126613412
1192	50000.0	3.939681852049813
1193	50000.0	6.443602067887855
1194	50000.0	7.020524142547174
1195	50000.0	6.014675152253413
1196	50000.0	4.947413242704841
1197	50000.0	4.777620086130521
1198	50000.0	6.624713877854485
1199	50000.0	5.410465415279887
