	0	1
0	1146.0	6.1958989945527516e-09
1	1096.8	8.470548578190404e-09
2	1167.6	7.723879652152692e-09
3	1155.6	8.172002360246685e-09
4	1111.2	5.908722732337039e-09
5	1142.4	6.669584878522578e-09
6	1106.4	6.388797648717403e-09
7	1070.4	6.729494506408305e-09
8	1126.8	8.226709541854935e-09
9	1137.6	6.658724107839775e-09
10	1110.0	6.742591439854388e-09
11	1160.4	6.869537551935464e-09
12	1140.0	6.917586972236407e-09
13	1112.4	6.758389552276594e-09
14	1122.0	7.176970083322428e-09
15	1178.4	7.034847016186045e-09
16	1114.8	6.858906069406835e-09
17	1156.8	6.825603268528198e-09
18	1176.0	6.5995513184019e-09
19	1093.2	7.3970788315624985e-09
20	1132.8	7.587278501758374e-09
21	1155.6	7.354881496169973e-09
22	1142.4	7.612417427886783e-09
23	1144.8	6.8344390099485016e-09
24	1084.8	7.098377574624029e-09
25	1122.0	7.083397252883191e-09
26	1153.2	7.316309785566799e-09
27	1123.2	7.414653271557737e-09
28	1162.8	6.9795995715242016e-09
29	1101.6	7.716711205959654e-09
30	1095.6	6.821344275340455e-09
31	1172.4	7.218207902227573e-09
32	1152.0	6.445960155686362e-09
33	1118.4	6.97696140153615e-09
34	1120.8	7.977766526474531e-09
35	1087.2	8.195630419269355e-09
36	1134.0	7.899612659653225e-09
37	1164.0	7.031275064977001e-09
38	1125.6	8.01047715483656e-09
39	1102.8	6.11992871301128e-09
40	1172.4	7.985260047952185e-09
41	1149.6	6.716099539632533e-09
42	1148.4	7.590213397133036e-09
43	1167.6	7.355299902591674e-09
44	1126.8	6.735259561671209e-09
45	1142.4	6.882702413108303e-09
46	1137.6	6.543605245948251e-09
47	1128.0	7.244440580582463e-09
48	1100.4	7.473143173007481e-09
49	1153.2	7.735480949741959e-09
50	1912.8	7.162649519808567e-09
51	1862.4	7.660611916412701e-09
52	1827.6	7.783623371851981e-09
53	1938.0	7.833819571923594e-09
54	1920.0	7.741221470188248e-09
55	1880.4	7.74554524459062e-09
56	1998.0	7.823756022248845e-09
57	1971.6	7.651561263129353e-09
58	1885.2	7.127742749151289e-09
59	1945.2	8.044497614723834e-09
60	1936.8	7.568022427073571e-09
61	1886.4	7.344834690331593e-09
62	1947.6	7.715991044195342e-09
63	1983.6	7.3223968648577835e-09
64	1974.0	8.148616430813195e-09
65	1983.6	7.478285088078308e-09
66	1970.4	6.7766541320242526e-09
67	1882.8	6.533300424643387e-09
68	1860.0	7.750914205461492e-09
69	1891.2	7.077180582227284e-09
70	1812.0	7.122415613466909e-09
71	1971.6	7.746426873529955e-09
72	1893.6	7.697044933746676e-09
73	1785.6	7.1416713812494135e-09
74	1977.6	7.70671368299234e-09
75	2019.6	7.50837394199042e-09
76	1989.6	7.566618101260008e-09
77	1939.2	5.722740238962407e-09
78	1977.6	7.744151738591776e-09
79	1936.8	7.215482063253805e-09
80	1890.0	7.366626155322452e-09
81	1940.4	7.841074943389778e-09
82	1866.0	8.35372768363903e-09
83	1908.0	7.703502390894627e-09
84	1966.8	7.218130293745312e-09
85	1897.2	5.8610411777545195e-09
86	1952.4	7.838869427940235e-09
87	1916.4	6.1773745290689076e-09
88	1837.2	7.692930558329512e-09
89	2029.2	7.947276669372943e-09
90	1809.6	6.99258438202088e-09
91	1942.8	6.680702860782512e-09
92	1956.0	6.335809081985002e-09
93	1858.8	6.93754307988894e-09
94	1914.0	7.134210892263131e-09
95	1932.0	7.671386947528083e-09
96	1904.4	7.045508973482589e-09
97	1786.8	8.555934085695633e-09
98	1904.4	6.940858177020817e-09
99	1914.0	7.423047328001066e-09
100	50000.0	4.178825683468568
101	50000.0	11.243004008986942
102	50000.0	6.865207912999831
103	50000.0	7.163695126345912
104	50000.0	9.073395673882853
105	50000.0	7.760668037148541
106	50000.0	8.995006085790378
107	50000.0	5.96974120776518
108	50000.0	7.462182843473933
109	50000.0	7.661174151110643
110	45157.2	8.158650149302245
111	50000.0	11.044026875629687
112	50000.0	11.259615212109454
113	50000.0	9.850077518463454
114	50000.0	7.821847303181345
115	50000.0	8.059147657301079
116	50000.0	8.912829848607066
117	50000.0	5.472268260304484
118	45132.0	5.173783067210821
119	50000.0	9.551582716467651
120	50000.0	5.273279476121088
121	50000.0	6.865207912999826
122	50000.0	7.760660443954956
123	50000.0	14.924339907509145
124	50000.0	4.477313238010314
125	50000.0	6.0526837982040345
126	50000.0	10.031197908781701
127	50000.0	6.467227317397776
128	50000.0	9.352598493698716
129	50000.0	6.865209428889363
130	50000.0	5.171329720938726
131	50000.0	7.263184450969291
132	50000.0	6.865207409217919
133	50000.0	13.829872208150476
134	50000.0	6.367730907906544
135	50000.0	13.327382590603648
136	50000.0	5.969747788851125
137	50000.0	6.069243694560454
138	50000.0	8.056131480678953
139	50000.0	13.332418560042086
140	50000.0	8.05915979361941
141	50000.0	5.372774878048505
142	50000.0	6.76571402696198
143	50000.0	7.16369512634594
144	50000.0	6.467218734535477
145	50000.0	5.671260071723139
146	50000.0	7.064201240308063
147	50000.0	6.15511222765385
148	50000.0	5.969749808522569
149	45141.6	10.498547395457312
150	50000.0	8.755628106349448
151	50000.0	9.949576959733799
152	50000.0	8.258151605038067
153	50000.0	6.36773343135989
154	50000.0	11.292942325126614
155	50000.0	12.834939008661916
156	50000.0	7.362690977107507
157	50000.0	10.745533081197657
158	50000.0	11.044028895301171
159	50000.0	9.750578058903443
160	50000.0	9.253105111442757
161	50000.0	15.528257270714073
162	50000.0	17.527908016642407
163	50000.0	11.541497803418936
164	50000.0	9.551591821006912
165	50000.0	10.44705396482711
166	50000.0	13.692745368338896
167	50000.0	7.561680265072764
168	50000.0	10.944516795640832
169	50000.0	16.018792836894484
170	50000.0	11.243020202937888
171	50000.0	13.658244944911075
172	50000.0	10.049074885114546
173	50000.0	12.13846615280707
174	50000.0	9.551592324788867
175	50000.0	8.415708329484064
176	50000.0	9.651078617633129
177	50000.0	6.566724235214733
178	50000.0	12.038965685683234
179	50000.0	10.049072865443096
180	50000.0	14.725333848188702
181	50000.0	14.300040134665593
182	50000.0	9.55159232478882
183	50000.0	14.327377617135369
184	50000.0	11.740494666288132
185	50000.0	16.516272383730772
186	50000.0	11.740493672470187
187	50000.0	7.16369714601735
188	50000.0	6.168741116159336
189	50000.0	12.23797774868547
190	50000.0	8.35764650318358
191	50000.0	11.09244072307122
192	50000.0	10.248058599557742
193	50000.0	9.750584136207511
194	50000.0	11.585168387622058
195	50000.0	8.357640929661448
196	50000.0	10.049065780575301
197	50000.0	10.011739116775185
198	50000.0	9.452098438750939
199	50000.0	14.158640076207067
200	123.6	0.0
201	130.8	0.0
202	128.4	0.0
203	118.8	0.0
204	120.0	0.0
205	122.4	0.0
206	129.6	0.0
207	120.0	0.0
208	136.8	0.0
209	118.8	0.0
210	114.0	0.0
211	116.4	0.0
212	141.6	0.0
213	130.8	0.0
214	142.8	0.0
215	132.0	0.0
216	118.8	0.0
217	123.6	0.0
218	126.0	0.0
219	120.0	0.0
220	111.6	0.0
221	128.4	0.0
222	126.0	0.0
223	122.4	0.0
224	112.8	0.0
225	123.6	0.0
226	141.6	0.0
227	120.0	0.0
228	128.4	0.0
229	142.8	0.0
230	123.6	0.0
231	121.2	0.0
232	129.6	0.0
233	140.4	0.0
234	128.4	0.0
235	118.8	0.0
236	130.8	0.0
237	141.6	0.0
238	132.0	0.0
239	122.4	0.0
240	128.4	0.0
241	136.8	0.0
242	118.8	0.0
243	120.0	0.0
244	124.8	0.0
245	126.0	0.0
246	122.4	0.0
247	136.8	0.0
248	135.6	0.0
249	114.0	0.0
250	1682.4	7.663136795953247e-10
251	1651.2	8.078603948796203e-10
252	1771.2	7.250975941705135e-10
253	1746.0	7.700129828441345e-10
254	1765.2	9.047315104531256e-10
255	1678.8	8.115250506290481e-10
256	1759.2	9.254231834206994e-10
257	1773.6	8.325992248145794e-10
258	1695.6	7.012236452442455e-10
259	1744.8	9.192087160837957e-10
260	1686.0	7.768306100882814e-10
261	1737.6	6.434632126936206e-10
262	1746.0	7.307506899303442e-10
263	1677.6	6.761834255635524e-10
264	1782.0	7.052047107369074e-10
265	1681.2	8.03557657604313e-10
266	1704.0	9.434797293631962e-10
267	1741.2	7.742690484999861e-10
268	1687.2	8.835663661342635e-10
269	1794.0	8.258563865976489e-10
270	1612.8	7.737832865617129e-10
271	1777.2	8.193872751150383e-10
272	1671.6	7.540112277170537e-10
273	1768.8	8.233699744484671e-10
274	1737.6	7.519702593453029e-10
275	1738.8	9.79914730025221e-10
276	1677.6	8.585761663756362e-10
277	1708.8	9.228561170107832e-10
278	1677.6	7.706600594390892e-10
279	1634.4	7.303465138231755e-10
280	1711.2	7.547185796773957e-10
281	1719.6	7.355248374078746e-10
282	1738.8	8.931429420649737e-10
283	1681.2	8.320813654637347e-10
284	1663.2	9.097832400242429e-10
285	1755.6	8.075701575025027e-10
286	1692.0	8.220213195462553e-10
287	1760.4	8.007551179964593e-10
288	1664.4	9.079451597572236e-10
289	1719.6	7.142518945506405e-10
290	1687.2	8.257298079146357e-10
291	1693.2	6.897112136047182e-10
292	1696.8	8.88865075578112e-10
293	1843.2	7.31948152059663e-10
294	1690.8	8.353825155562424e-10
295	1768.8	8.342727991005401e-10
296	1702.8	6.495732441416137e-10
297	1644.0	7.630847429532819e-10
298	1704.0	8.539217026205759e-10
299	1756.8	8.17075099674026e-10
300	23114.4	0.0
301	50000.0	93.0650925081307
302	50000.0	35.419614513783834
303	50000.0	3.8227378677695056
304	50000.0	21.773729531904056
305	50000.0	65.1621462304946
306	50000.0	54.14713432401966
307	16516.8	0.0
308	50000.0	22.698768244296474
309	50000.0	15.61845729763024
310	6008.0	0.0
311	50000.0	396.6733185158879
312	50000.0	128.24003291703508
313	19980.0	0.0
314	50000.0	311.0439264382047
315	5799.2	0.0
316	50000.0	29.29121424956396
317	39954.8	0.0
318	50000.0	43.24266159087237
319	50000.0	1000.0910928994474
320	50000.0	291.08007898604285
321	20428.4	0.0
322	4239.6	0.0
323	30942.0	0.0
324	50000.0	412.94136190228875
325	50000.0	217.16321009027237
326	50000.0	117.63418767857522
327	50000.0	53.52106142773374
328	50000.0	7.816149631146958
329	50000.0	72.72842603026659
330	5942.0	0.0
331	50000.0	14.650000006380697
332	17362.0	0.0
333	50000.0	10.271225576175407
334	50000.0	39.06000000239367
335	5810.0	0.0
336	50000.0	263.25644311469915
337	50000.0	14.2428099879212
338	50000.0	42.641401268985504
339	50000.0	2.45362510414853
340	21887.6	0.0
341	6230.0	0.0
342	50000.0	675.1162415851717
343	663.6	0.0
344	25345.6	0.0
345	4870.8	0.0
346	50000.0	56.92194758322894
347	50000.0	42.22901691822575
348	50000.0	45.84904570469741
349	28556.8	0.0
350	6810.8	0.39308395142585134
351	1944.0	8.636912305223794e-09
352	16470.0	1.1792518347913568
353	6815.6	0.39308394903418403
354	6728.0	0.39308394998145385
355	6779.6	0.3930839498272644
356	2065.2	7.2754581524137844e-09
357	1938.0	7.437894221226898e-09
358	2077.2	8.123449254932965e-09
359	11606.8	0.7861678929865337
360	6738.8	0.3930839491678699
361	6729.2	0.39308395049489325
362	1948.8	7.49156459829821e-09
363	11632.0	0.7861678929076402
364	1976.4	7.697187103383463e-09
365	11581.6	0.7861678926342874
366	16422.0	1.1792518357359683
367	2067.6	7.167956823156024e-09
368	6828.8	0.393083950201201
369	16329.6	1.1792518346302931
370	1892.4	8.14930414121756e-09
371	16417.2	1.17925183543082
372	26010.4	1.9654197211682398
373	2006.4	6.144769583953809e-09
374	6902.0	0.3930839504286262
375	2000.4	7.149039472154941e-09
376	1970.4	6.407612837825483e-09
377	11570.8	0.7861678924453488
378	1906.8	7.307632210207151e-09
379	1831.2	7.915221155167919e-09
380	1977.6	7.288854391301371e-09
381	1750.8	7.830214961876133e-09
382	6737.6	0.3930839501209963
383	6792.8	0.3930839509665731
384	1784.4	6.700351869901174e-09
385	2097.6	7.379277937235482e-09
386	6761.6	0.39308395044053335
387	16236.0	1.1792518353374923
388	25981.6	1.9654197196943848
389	6791.6	0.39308395046945316
390	30700.8	2.358503663444252
391	6854.0	0.39308395002510593
392	6741.2	0.3930839497937685
393	1929.6	7.88841519604009e-09
394	6802.4	0.393083950288479
395	1976.4	7.722135556359077e-09
396	2032.8	7.218161622204111e-09
397	21129.2	1.5723357777814582
398	6815.6	0.39308394872883595
399	1902.0	7.472369437615942e-09
400	6610.4	0.3930839504390816
401	1785.6	7.149104842289567e-09
402	1928.4	7.919285351182247e-09
403	6736.4	0.39308395038271404
404	1776.0	7.237095301499118e-09
405	1963.2	8.31270467085879e-09
406	1761.6	6.362604070024247e-09
407	1893.6	8.077678549962236e-09
408	6502.4	0.393083949254272
409	6660.8	0.39308395048930483
410	1778.4	6.665881641577304e-09
411	1980.0	6.8965036741558744e-09
412	1773.6	7.117123688918235e-09
413	6639.2	0.3930839489980363
414	1861.2	7.807042817872887e-09
415	11452.0	0.7861678925009425
416	6684.8	0.3930839500120825
417	6502.4	0.3930839502740946
418	6732.8	0.39308394914022
419	2050.8	8.096368898719268e-09
420	1755.6	7.690877796899916e-09
421	6544.4	0.39308395059680423
422	1851.6	7.373255968283335e-09
423	11518.0	0.7861678923210883
424	6736.4	0.3930839503381084
425	1926.0	6.704134370581928e-09
426	6742.4	0.393083949997802
427	6644.0	0.39308394942930514
428	6530.0	0.3930839496680418
429	1824.0	6.865992449271874e-09
430	1929.6	6.540186015386878e-09
431	1922.4	8.340893133746396e-09
432	1827.6	8.087696332132174e-09
433	1879.2	7.600745227575685e-09
434	1866.0	7.606170440339799e-09
435	1827.6	7.203735124695231e-09
436	6744.8	0.39308394978821776
437	1934.4	7.030185563164226e-09
438	1956.0	7.112571680795576e-09
439	1914.0	7.096261715104299e-09
440	2014.8	8.017840251355847e-09
441	1840.8	7.026457756951435e-09
442	1838.4	7.452815031201778e-09
443	6676.4	0.3930839507224838
444	16314.0	1.1792518357436976
445	2013.6	7.283110012999017e-09
446	6780.8	0.3930839502859139
447	1807.2	5.767925627770885e-09
448	6680.0	0.3930839501396486
449	1698.0	7.809485852553446e-09
450	1911.6	7.412341950089126e-09
451	1982.4	8.280769761575984e-09
452	1986.0	7.672422490039246e-09
453	1884.0	7.563391226173833e-09
454	2326.8	7.204151732078223e-09
455	1942.8	7.821159958956707e-09
456	1942.8	7.339716285102743e-09
457	2090.4	7.17800468438419e-09
458	1946.4	7.859130112215293e-09
459	1874.4	7.791552496744976e-09
460	1875.6	7.399458268758359e-09
461	2131.2	8.066371258208926e-09
462	1861.2	7.527590971599721e-09
463	1867.2	6.48021662918572e-09
464	1972.8	6.422825603457365e-09
465	1860.0	6.539615424160748e-09
466	1821.6	7.459527251179956e-09
467	1948.8	7.361272761049863e-09
468	1849.2	7.439241280102218e-09
469	2383.2	7.481977581965441e-09
470	1952.4	7.426238153799339e-09
471	1926.0	7.816319362072695e-09
472	1954.8	7.000505899855922e-09
473	1776.0	8.292925373015447e-09
474	1891.2	7.260581384727658e-09
475	2146.8	7.211539253379519e-09
476	1792.8	7.739893497889481e-09
477	2086.8	8.022427383197845e-09
478	1879.2	7.586516425318377e-09
479	2000.4	7.205159802914498e-09
480	2407.2	7.4337621294134325e-09
481	1938.0	7.0140055575215766e-09
482	2074.8	7.063449006297833e-09
483	1941.6	7.448733987955323e-09
484	2029.2	7.916042893017557e-09
485	1988.4	6.394636625448526e-09
486	1986.0	6.634968926395175e-09
487	1870.8	8.000343712004066e-09
488	2208.0	5.849120543241829e-09
489	1935.6	7.512532956505461e-09
490	1929.6	7.508030075255188e-09
491	2018.4	7.574412695049003e-09
492	2312.4	7.40480037716328e-09
493	2053.2	7.590835830887327e-09
494	2056.8	8.381795206306343e-09
495	1924.8	8.086435147502595e-09
496	1945.2	7.2475091846236766e-09
497	1977.6	7.822301856551575e-09
498	2029.2	7.299164736687492e-09
499	1894.8	8.151437240139176e-09
500	2130.0	7.468107117480193e-09
501	2095.2	8.298713518861832e-09
502	2019.6	7.49550986611865e-09
503	2072.4	7.46819953710497e-09
504	2025.6	7.696647872512338e-09
505	1957.2	7.713054349470607e-09
506	2023.2	7.030878724267245e-09
507	2012.4	6.485389663811196e-09
508	2077.2	7.2654302980714225e-09
509	1959.6	6.229941005145516e-09
510	2041.2	7.3088343275278904e-09
511	2470.8	7.062811757314183e-09
512	2060.4	7.186901925037128e-09
513	2089.2	7.923389466609559e-09
514	1995.6	7.32188185784617e-09
515	1998.0	7.075551325155333e-09
516	2014.8	7.610414637705777e-09
517	2073.6	8.228702701651127e-09
518	2083.2	6.99815373677494e-09
519	1998.0	7.3618330402215445e-09
520	2002.8	7.383474302080115e-09
521	1876.8	8.606383600011806e-09
522	1935.6	7.453015980383293e-09
523	1909.2	8.477496877609112e-09
524	2492.4	6.6609224642341944e-09
525	2020.8	7.369955389768284e-09
526	2344.8	7.625724894473714e-09
527	2038.8	7.089526555377284e-09
528	2066.4	6.8572835180271135e-09
529	3031.2	7.616104106866388e-09
530	1966.8	7.51515653507254e-09
531	1984.8	7.927951147038882e-09
532	2047.2	6.6745671657216466e-09
533	2054.4	6.959081476699327e-09
534	2016.0	7.57808931629411e-09
535	2032.8	7.702564242692485e-09
536	2006.4	8.271249164925913e-09
537	2014.8	6.5548139515705555e-09
538	2144.4	7.003679506445029e-09
539	3519.6	7.353476928549641e-09
540	1995.6	7.165553164460382e-09
541	2384.4	5.693650982710587e-09
542	2296.8	7.39346251809247e-09
543	2649.6	8.37603181052171e-09
544	2742.0	6.099729866982604e-09
545	2035.2	7.182878967450958e-09
546	2502.0	7.57641793972711e-09
547	2007.6	6.793759879385719e-09
548	1987.2	8.0491335408759e-09
549	2019.6	8.083292886272868e-09
550	4916.4	7.960884548155978e-09
551	4102.8	6.931980679901724e-09
552	3558.0	8.233814299149954e-09
553	4300.8	7.952503848061863e-09
554	4197.6	7.636424583748374e-09
555	2860.8	5.738049427368984e-09
556	4725.6	6.9085665524288264e-09
557	3058.8	6.671075677919332e-09
558	5028.0	8.034151477847898e-09
559	2004.0	7.349758387304402e-09
560	2510.4	6.162365199697035e-09
561	3870.0	7.744903665263941e-09
562	2761.2	7.515506457981752e-09
563	2360.4	6.229245335962436e-09
564	6450.0	7.493493049092544e-09
565	6720.0	7.217497778444673e-09
566	5510.4	7.486241690435278e-09
567	3699.6	5.953715307044891e-09
568	4614.0	7.828436308888232e-09
569	5359.2	8.435974212068241e-09
570	4130.4	6.9326010417819575e-09
571	3760.8	6.638025158641097e-09
572	4386.0	7.576893769568654e-09
573	6030.0	8.0386049925922e-09
574	5077.2	8.360446802824824e-09
575	3559.2	7.057638558125549e-09
576	2876.4	7.8049178105807e-09
577	2415.6	8.054963230393385e-09
578	6271.2	7.3885146818854824e-09
579	3337.2	6.813981945616502e-09
580	3956.4	7.1650596825253074e-09
581	5155.2	7.709901852807658e-09
582	4494.0	7.493010579611867e-09
583	4114.8	7.755679395058533e-09
584	2668.8	6.4954958971285936e-09
585	4251.6	7.621537406953818e-09
586	4402.8	6.872844752399511e-09
587	3169.2	7.64603322342094e-09
588	4725.6	7.0082115236716065e-09
589	4512.0	7.093458074547768e-09
590	4514.4	8.292249773436265e-09
591	3415.2	6.919854839856791e-09
592	2488.8	7.013169309876926e-09
593	5649.6	7.405675113097021e-09
594	3589.2	6.878153967044211e-09
595	3225.6	7.169961435173148e-09
596	5089.2	7.363541744775844e-09
597	3751.2	6.526108162952197e-09
598	3249.6	6.24894069693696e-09
599	2666.4	7.020367552409761e-09
600	2412.0	8.834906784912731e-09
601	2456.4	8.322273871321959e-09
602	2422.8	7.928438406362962e-09
603	2498.4	8.756224331556362e-09
604	2378.4	7.828677075868423e-09
605	2408.4	8.249287852647259e-09
606	2385.6	7.768102878295467e-09
607	2350.8	7.514004042690692e-09
608	2460.0	8.205951602221333e-09
609	2407.2	7.827512357073079e-09
610	2467.2	7.158626165258961e-09
611	2502.0	7.688542793395883e-09
612	2425.2	7.950925830142791e-09
613	2342.4	8.946252147370118e-09
614	2469.6	8.462263597380137e-09
615	2466.0	8.299294985815178e-09
616	2348.4	8.153548883890887e-09
617	2329.2	8.53020780945227e-09
618	2365.2	8.630501717714215e-09
619	2439.6	8.062827289231103e-09
620	2418.0	8.096530195719624e-09
621	2377.2	7.866999694980819e-09
622	2354.4	7.710501759809218e-09
623	2428.8	7.910820477389653e-09
624	2416.8	8.618192979294612e-09
625	2404.8	7.475171587095054e-09
626	2419.2	8.068257701623748e-09
627	2466.0	7.591717767214254e-09
628	2392.8	7.1259683418434535e-09
629	2445.6	7.353661802666241e-09
630	2556.0	8.27564408265455e-09
631	2432.4	6.8051863598304305e-09
632	2422.8	8.120769530574139e-09
633	2401.2	8.606982747523842e-09
634	2424.0	7.934946191376181e-09
635	2444.4	8.332270864484115e-09
636	2314.8	8.06877705974966e-09
637	2356.8	8.392307249380044e-09
638	2482.8	7.60084214809521e-09
639	2478.0	6.856015710715446e-09
640	2379.6	7.951055957231506e-09
641	2428.8	8.432695617422122e-09
642	2421.6	7.4404817354119615e-09
643	2401.2	8.532265313320652e-09
644	2445.6	8.444060533419543e-09
645	2484.0	7.660147132039616e-09
646	2458.8	6.9377569511569875e-09
647	2368.8	8.068149838555237e-09
648	2509.2	7.699872846428821e-09
649	2420.4	8.02223140876668e-09
650	1549.2	6.789236925139173e-09
651	1471.2	7.579399768433171e-09
652	1533.6	7.0453008817580945e-09
653	1482.0	8.391632318920274e-09
654	1552.8	7.97488588320005e-09
655	1554.0	7.3025489107469615e-09
656	1491.6	6.863177558292414e-09
657	1470.0	7.883730466569121e-09
658	1551.6	7.199766332950527e-09
659	1540.8	7.746512645505105e-09
660	1562.4	6.7196982679646785e-09
661	1458.0	7.89363424656537e-09
662	1573.2	6.766604938787121e-09
663	1611.6	7.970722687792968e-09
664	1519.2	8.184697596767811e-09
665	1495.2	7.310481989628353e-09
666	1582.8	6.797906500880537e-09
667	1569.6	7.683471094455438e-09
668	1561.2	7.130587060625317e-09
669	1628.4	6.334733425705507e-09
670	1520.4	7.73391791228083e-09
671	1485.6	7.478147460135501e-09
672	1510.8	7.84999421697822e-09
673	1477.2	6.659508644996688e-09
674	1546.8	7.57190283984002e-09
675	1527.6	7.4269756206401975e-09
676	1479.6	8.262218117452755e-09
677	1510.8	7.098954128846853e-09
678	1472.4	7.840569768258409e-09
679	1598.4	7.298365548457665e-09
680	1414.8	7.91545018157766e-09
681	1488.0	7.833921618214098e-09
682	1525.2	7.4258374826253294e-09
683	1580.4	7.741447471104101e-09
684	1570.8	8.441274375677529e-09
685	1488.0	6.908724827713411e-09
686	1506.0	8.426814631047464e-09
687	1539.6	7.050480347850057e-09
688	1556.4	8.064763858343e-09
689	1512.0	8.40611119350273e-09
690	1521.6	7.799988502889489e-09
691	1566.0	7.992906707236447e-09
692	1551.6	7.097942532020275e-09
693	1537.2	7.264850241297441e-09
694	1546.8	8.11720575700864e-09
695	1461.6	7.598954892739753e-09
696	1538.4	7.199963410552734e-09
697	1404.0	7.776853564890407e-09
698	1644.0	7.926043315941711e-09
699	1471.2	7.789158378190235e-09
700	50000.0	5.34585315452416
701	50000.0	4.5890849751902865
702	50000.0	7.561679761290854
703	50000.0	7.561678749183223
704	50000.0	6.566718679982303
705	50000.0	7.561680265072766
706	50000.0	3.5517208136712397
707	50000.0	8.152739471837094
708	50000.0	6.168741619941239
709	50000.0	9.949570378647831
710	45675.6	8.457137362604753
711	50000.0	5.07428766470243
712	50000.0	6.069245714231933
713	50000.0	7.163695630127828
714	50000.0	6.168739600269797
715	50000.0	6.566724235214764
716	50000.0	7.26318495475121
717	50000.0	8.158653175875392
718	50000.0	10.62042807688984
719	50000.0	5.6712620913945955
720	50000.0	7.661175158674472
721	50000.0	9.054111280352647
722	50000.0	6.069245714231911
723	50000.0	5.671261079286952
724	50000.0	4.974783662017613
725	45801.6	7.064201241056298
726	50000.0	6.544387408864516
727	50000.0	6.168739600269797
728	50000.0	9.253101575881763
729	50000.0	8.158655195546835
730	50000.0	7.4621803200205665
731	50000.0	8.755621525263546
732	50000.0	8.954617898096663
733	50000.0	4.8752963570656735
734	50000.0	5.472268764086403
735	50000.0	9.45208983799355
736	50000.0	8.214075365834363
737	50000.0	5.273279979903023
738	50000.0	5.173781550740365
739	50000.0	14.375759956868942
740	50000.0	7.959661364456723
741	50000.0	7.661166054135199
742	50000.0	9.949575443844232
743	50000.0	10.049063252578083
744	50000.0	6.405715796120904
745	45489.6	7.06419770511266
746	50000.0	14.022870788683672
747	50000.0	7.263189516165703
748	50000.0	9.551585743702876
749	50000.0	8.855115411301393
750	50000.0	3.3696258859832056
751	50000.0	4.295028521678956
752	50000.0	1.7690832957370854
753	50000.0	4.163595503797739
754	50000.0	5.052002896373323
755	50000.0	4.791718089283303
756	50000.0	3.550267788934214
757	50000.0	2.463951720330931
758	50000.0	2.058572310253257
759	50000.0	2.644370822527603
760	50000.0	3.716269396434856
761	50000.0	2.6290839942946174
762	50000.0	2.1285958303329666
763	50000.0	3.5908940079055243
764	50000.0	5.392339311936537
765	50000.0	3.1989182297162153
766	50000.0	2.770129557251716
767	50000.0	5.302864151584767
768	50000.0	3.453197248319172
769	50000.0	3.2873985056368724
770	50000.0	4.764657230586734
771	50000.0	3.6322816658635104
772	50000.0	1.8618858328921433
773	50000.0	2.27483371546111
774	50000.0	4.348264462957831
775	50000.0	1.9688222444938912
776	50000.0	5.05902072485916
777	50000.0	2.3975177937333756
778	50000.0	3.1952411587011165
779	50000.0	5.34409389326043
780	50000.0	3.1027856558633764
781	50000.0	4.792697674910005
782	50000.0	3.020030933601908
783	50000.0	2.9126902405976893
784	50000.0	3.17390151077809
785	50000.0	4.042148212456454
786	50000.0	1.8159103762496678
787	50000.0	4.66638343201684
788	50000.0	2.98622801173056
789	50000.0	4.423733965084409
790	50000.0	4.06214671997719
791	50000.0	1.5801597873002113
792	50000.0	2.201607501890533
793	50000.0	1.5953756644466481
794	50000.0	1.5251639167202302
795	50000.0	2.9061349150575313
796	50000.0	5.48654709326057
797	50000.0	5.411414435273487
798	50000.0	5.4914087966929905
799	50000.0	2.7228285241738255
800	50000.0	5.371415519933208
801	50000.0	7.442517774316895
802	50000.0	3.2947161983733055
803	50000.0	6.6547318737356305
804	50000.0	11.193436364874618
805	50000.0	5.8827295109993365
806	50000.0	5.278667320437235
807	50000.0	6.109689654576966
808	50000.0	7.055910561127409
809	50000.0	14.541203994817021
810	50000.0	7.754134815354925
811	50000.0	9.165593086463845
812	50000.0	9.722757184579196
813	50000.0	9.6138034699467
814	50000.0	9.492166696034262
815	50000.0	7.384032595863294
816	50000.0	15.121662311304203
817	50000.0	8.295747538327115
818	50000.0	8.667597024343014
819	50000.0	10.094554121663048
820	50000.0	6.652648679121073
821	50000.0	9.243313649348233
822	50000.0	7.111947110988551
823	50000.0	2.7562368587353747
824	50000.0	6.897230013638792
825	50000.0	7.408153711682421
826	50000.0	7.4710713439745415
827	50000.0	3.404165098244974
828	50000.0	6.553349099888919
829	50000.0	4.0192486665830875
830	50000.0	5.530987752650591
831	50000.0	7.800025053664794
832	50000.0	4.829839861123916
833	50000.0	4.515210215467276
834	50000.0	2.310566566486505
835	50000.0	3.29635150581921
836	50000.0	8.966277663719989
837	50000.0	4.485747902347418
838	50000.0	13.509337428990984
839	50000.0	3.1320827615273847
840	50000.0	6.05665491476623
841	50000.0	5.240045391798331
842	50000.0	7.856834515277096
843	50000.0	4.680685164991316
844	50000.0	6.079965717878147
845	50000.0	14.054488320160905
846	50000.0	9.054118557604642
847	50000.0	7.013603054700392
848	50000.0	6.577424028914142
849	50000.0	6.689678761157137
850	50000.0	21.679166515106317
851	50000.0	28.05352132362998
852	50000.0	7.404895813680082
853	50000.0	27.018865847272384
854	50000.0	32.26451425137266
855	50000.0	20.08980398112581
856	50000.0	21.248533656412167
857	50000.0	27.75632560204923
858	50000.0	29.57398006279174
859	50000.0	52.36994950069213
860	50000.0	26.99536551091261
861	50000.0	36.42197378175016
862	50000.0	22.14410559589586
863	50000.0	25.86224214959672
864	50000.0	34.600787222613626
865	50000.0	21.057726540647646
866	50000.0	48.61061043464651
867	50000.0	24.11965820780761
868	50000.0	26.07345745627152
869	50000.0	19.88538785720877
870	50000.0	30.18459381538425
871	50000.0	35.46839001613567
872	50000.0	14.852237821062829
873	50000.0	13.058861918259899
874	50000.0	19.577027902917855
875	50000.0	16.722742478742372
876	50000.0	15.137529854761052
877	50000.0	10.294785304199795
878	50000.0	26.464218170199263
879	50000.0	12.7424300570481
880	50000.0	20.191687296877692
881	50000.0	28.391963715918916
882	50000.0	19.759726429042367
883	50000.0	11.664891303752823
884	50000.0	9.43705871542048
885	50000.0	11.84002902796217
886	50000.0	30.10144952415343
887	50000.0	18.430108508570584
888	50000.0	37.96998261280524
889	50000.0	14.243052810678668
890	50000.0	17.70831534008933
891	50000.0	22.17127532274322
892	50000.0	19.754317113367314
893	50000.0	17.67916484367165
894	50000.0	24.872014440115983
895	50000.0	46.14694810662388
896	50000.0	26.96652062982297
897	50000.0	24.50774859315075
898	50000.0	17.84883474803855
899	50000.0	21.46408697040628
900	50000.0	0.32677441783149613
901	50000.0	0.25134728387023236
902	50000.0	0.2277684407182674
903	50000.0	0.2827517131787053
904	50000.0	0.1808753981234533
905	50000.0	0.27708101460208445
906	45278.4	0.2436939238940372
907	50000.0	0.36786582177594573
908	50000.0	0.18098644844177675
909	50000.0	0.31266616799123986
910	50000.0	0.34052223118025166
911	50000.0	0.324730743891986
912	50000.0	0.369474557902563
913	50000.0	0.25741753905889836
914	50000.0	0.3764457294374143
915	50000.0	0.39331633080862966
916	50000.0	0.26574248080173657
917	50000.0	0.21533898202466287
918	50000.0	0.4089464129530155
919	50000.0	0.2061306530883133
920	50000.0	0.39653592727376863
921	50000.0	0.2491755012727772
922	50000.0	0.3544340936656301
923	50000.0	0.3292875701374415
924	50000.0	0.3771130362660774
925	50000.0	0.26409791502847907
926	50000.0	0.28733003600814994
927	50000.0	0.18412755296446318
928	50000.0	0.18791219486832117
929	50000.0	0.3816052764816991
930	50000.0	0.32228241376355216
931	50000.0	0.18560616084033513
932	50000.0	0.18604238505119497
933	50000.0	0.28530879557430566
934	50000.0	0.2713755577087335
935	50000.0	0.3978022266622213
936	50000.0	0.3683513670943066
937	50000.0	0.2835806497037627
938	50000.0	0.3139363313347861
939	50000.0	0.23622806445281946
940	50000.0	0.2972256997669193
941	50000.0	0.23264910600981298
942	50000.0	0.3084343740415411
943	50000.0	0.20454287505861934
944	50000.0	0.2967785965164598
945	50000.0	0.23164235048592002
946	50000.0	0.33523187033753177
947	50000.0	0.21120495594717587
948	50000.0	0.298044338026447
949	50000.0	0.31046163154490697
950	50000.0	1.2340433018436436
951	50000.0	1.156288057730023
952	50000.0	1.344258558448876
953	50000.0	1.5792486023449315
954	50000.0	1.4489481125281656
955	50000.0	1.43709710292311
956	50000.0	1.4017397882498737
957	50000.0	1.610819273795697
958	50000.0	1.7490744308812467
959	50000.0	1.3542204937654563
960	50000.0	1.192757239229231
961	46176.0	1.5410569195804944
962	50000.0	1.1430208202980592
963	50000.0	1.2318309501804132
964	50000.0	1.535804522170404
965	50000.0	1.5152451476390563
966	50000.0	1.4252788213082133
967	50000.0	1.6055273057755972
968	50000.0	1.7490744308812467
969	45116.4	1.3226363400985561
970	50000.0	1.184435553111165
971	50000.0	1.3344939292872604
972	50000.0	1.492412797812152
973	50000.0	1.3384363285558074
974	45116.4	1.4269939055401877
975	50000.0	1.4292374747972738
976	50000.0	1.4722141315111703
977	50000.0	1.3265881981674592
978	50000.0	1.3566379887771312
979	50000.0	1.4656105849562648
980	50000.0	1.2349066723428646
981	50000.0	1.354672603758689
982	50000.0	1.432157855938511
983	50000.0	1.2602625904211213
984	50000.0	1.416536148795353
985	50000.0	1.614827297395652
986	50000.0	1.1252413957644662
987	50000.0	1.5081678756834895
988	50000.0	1.4026669224930925
989	50000.0	1.2349066723428583
990	50000.0	1.4529218285415761
991	50000.0	0.9592602958518036
992	50000.0	1.133357958733109
993	50000.0	1.587185650209591
994	50000.0	1.4529218285415761
995	50000.0	1.5793292759828357
996	50000.0	1.5674455976671708
997	50000.0	1.5121346890644365
998	50000.0	1.3186618619381765
999	50000.0	1.3081979515220794
1000	50000.0	1.5693640337503276
1001	50000.0	1.245255535304286
1002	45078.0	5.925858985999345
1003	45068.4	4.240129731336685
1004	50000.0	1.3145040313612488
1005	45054.0	2.7477079631122643
1006	50000.0	2.9233925690121327
1007	40135.6	1.665993372534659
1008	50000.0	2.704555677292215
1009	50000.0	4.8062091087478604
1010	39785.6	5.920532936812742
1011	45088.0	4.129519600304795
1012	50000.0	1.9526398974473882
1013	50000.0	2.739210527042818
1014	47060.4	2.291576416905336
1015	637.2	5.217743757350031e-09
1016	35198.0	0.8716788760166286
1017	30271.2	4.577118140585801
1018	50000.0	1.7992435037600043
1019	40127.2	3.7531482603246538
1020	50000.0	7.856584531404772
1021	45069.6	4.631495781243961
1022	25454.0	2.906198179058578
1023	50000.0	1.5029394297011296
1024	50000.0	1.5173014923227661
1025	30249.6	1.2533363729745484
1026	40145.2	8.340167426624623
1027	25298.8	2.6129383675272884
1028	50000.0	7.377112011665176
1029	15426.0	0.3735766630490179
1030	40135.6	3.868074482751326
1031	50000.0	1.2715542627643517
1032	50000.0	5.173517228223081
1033	40288.4	3.975169472809553
1034	50000.0	3.231187106261094
1035	5595.2	0.3169805628663355
1036	550.8	5.467041219073931e-09
1037	50000.0	7.308987843176707
1038	20380.4	1.609151436465146
1039	50000.0	5.511867642775239
1040	50000.0	1.6812506030177983
1041	46807.2	8.840016306477969
1042	40779.2	4.193403899036639
1043	50000.0	2.4784406910611345
1044	25301.2	0.8999023535499733
1045	50000.0	2.118634928020234
1046	38573.6	2.6820388743158334
1047	50000.0	1.245255535304307
1048	48053.6	2.6590666139145944
1049	50000.0	1.79008588368301
1050	45090.0	5.541126432165325
1051	660.0	4.724457241745809e-09
1052	50000.0	2.5269928430331174
1053	30283.2	1.1729993171511637
1054	50000.0	7.271629193626575
1055	36969.2	3.358614989671305
1056	50000.0	3.3143852383345918
1057	20423.6	3.3499880809342484
1058	50000.0	4.096621963307147
1059	35237.6	1.3684992025279938
1060	20445.2	0.8455544340122133
1061	49960.8	5.54469509482182
1062	50000.0	1.5760562750238447
1063	50000.0	11.125618450408204
1064	50000.0	28.26300629647151
1065	20494.4	1.0927734065362364
1066	50000.0	1.349834139435249
1067	50000.0	2.5905477300896895
1068	45078.0	4.766718026814985
1069	45094.8	8.734896637417098
1070	20400.8	4.450247382962981
1071	50000.0	2.392882493327231
1072	15508.8	1.5188212405579962
1073	22504.8	4.375452462195233
1074	50000.0	4.0541252391293385
1075	50000.0	6.392762791663416
1076	45116.4	12.38181740671208
1077	40129.6	11.667873224000495
1078	5666.0	0.8742750572020691
1079	10570.0	0.3909997767882879
1080	46016.8	5.668296958331359
1081	40107.2	1.6792730631794672
1082	40148.8	1.4013318396910153
1083	2149.2	4.857860019447995e-09
1084	50000.0	1.4513332387509787
1085	40162.0	3.3981230064318497
1086	45075.6	1.7594989739394749
1087	50000.0	1.1289449657155632
1088	50000.0	0.6918569111917574
1089	45067.2	8.011661001095513
1090	50000.0	2.5905477300897632
1091	10616.8	1.1817475411767928
1092	50000.0	5.062737456429821
1093	50000.0	0.6918569111917693
1094	50000.0	5.051428850882638
1095	10595.2	0.13837138506574914
1096	46575.6	2.1954125788675123
1097	50000.0	7.271629193626576
1098	10558.0	1.0125474954809146
1099	50000.0	7.861666437016664
1100	50000.0	0.5664454526925999
1101	50000.0	0.5615358238061436
1102	50000.0	0.6406849725534992
1103	50000.0	0.2030175155925043
1104	50000.0	0.63409950646572
1105	50000.0	0.46267683893548667
1106	50000.0	0.2316740742591556
1107	50000.0	0.5122815035162485
1108	50000.0	0.4114317917124272
1109	50000.0	0.29371800667718506
1110	50000.0	0.3338168015632813
1111	50000.0	0.689957304433068
1112	50000.0	0.3796825411274872
1113	50000.0	0.552696610264084
1114	50000.0	0.49163750104961607
1115	50000.0	0.5467903811589208
1116	50000.0	0.2918057537197477
1117	50000.0	0.5895362675562177
1118	50000.0	0.5929673785459434
1119	50000.0	0.3717011714134303
1120	50000.0	0.7000935400101966
1121	50000.0	0.7483631152750887
1122	50000.0	0.3526012899919445
1123	50000.0	0.5261254900820319
1124	50000.0	0.5800088718838534
1125	50000.0	0.22167354391958538
1126	50000.0	0.15674862900275563
1127	50000.0	0.22595274659826167
1128	50000.0	0.7586261078314814
1129	50000.0	0.9200315914799772
1130	50000.0	0.6946574099055336
1131	50000.0	0.7158906387636518
1132	50000.0	0.3344822523400104
1133	50000.0	0.5809797187974688
1134	50000.0	0.5701187280799594
1135	50000.0	0.4011772620882921
1136	50000.0	0.6742388814145363
1137	50000.0	0.44182137553645984
1138	50000.0	0.7139775185321652
1139	50000.0	0.5850090484752225
1140	50000.0	0.4223778929016245
1141	50000.0	0.3674356080665571
1142	50000.0	0.45598545539540075
1143	50000.0	0.48463965916005136
1144	50000.0	0.5495172541731788
1145	50000.0	0.5738218287718795
1146	50000.0	0.2978610233740496
1147	50000.0	0.358778635674034
1148	50000.0	0.36061913801752443
1149	50000.0	0.4479931202709678
1150	50000.0	14.439360982059643
1151	50000.0	12.772157340236847
1152	50000.0	12.656954710806271
1153	50000.0	7.1408320052018315
1154	50000.0	13.277628622240428
1155	50000.0	8.008350571425245
1156	50000.0	9.817833947660471
1157	50000.0	15.446065143718986
1158	50000.0	8.21758241959083
1159	50000.0	14.005351389398632
1160	50000.0	14.173625651811836
1161	50000.0	10.373661964692289
1162	50000.0	12.900008453496707
1163	50000.0	9.964031109126484
1164	50000.0	6.133194896644288
1165	50000.0	6.8180734818104485
1166	50000.0	9.679467222465789
1167	50000.0	8.864552624007095
1168	50000.0	15.906144471943184
1169	50000.0	10.05286851968127
1170	50000.0	14.147963940380947
1171	50000.0	9.771050635920197
1172	50000.0	7.865129389298455
1173	50000.0	13.504331299219137
1174	50000.0	14.648012863918837
1175	50000.0	11.564974941325284
1176	50000.0	12.150016117364563
1177	50000.0	6.696001033167333
1178	50000.0	10.783381832220787
1179	50000.0	5.5308917380643745
1180	50000.0	14.079735670731782
1181	50000.0	10.466853986134259
1182	50000.0	8.895662472639632
1183	50000.0	15.003828849085172
1184	50000.0	9.802502749001956
1185	50000.0	11.482455801634197
1186	50000.0	14.807071740387514
1187	50000.0	13.374148308739308
1188	50000.0	9.7373433665271
1189	50000.0	9.77728829627262
1190	50000.0	10.584209695084084
1191	50000.0	16.174330250183854
1192	50000.0	9.405518692754333
1193	50000.0	14.13359378207142
1194	50000.0	14.77887911190785
1195	50000.0	12.90094018632485
1196	50000.0	9.865624223843056
1197	50000.0	9.322709317423685
1198	50000.0	12.016128284527259
1199	50000.0	6.7680931584588935
