	0	1
0	50000.0	0.04847951622210593
1	50000.0	0.07709757276978355
2	50000.0	0.015699407265330007
3	50000.0	0.029822780697567913
4	50000.0	0.02945065946553302
5	50000.0	0.050175408400534624
6	50000.0	0.05334122778191801
7	50000.0	0.045437533663489064
8	50000.0	0.042651907766035474
9	50000.0	0.04166703071843634
10	50000.0	0.061537435843078095
11	50000.0	0.028935870620970434
12	50000.0	0.04278925575466292
13	50000.0	0.03921927121957196
14	50000.0	0.0732330835013086
15	50000.0	0.03293685535947613
16	50000.0	0.07412671078359011
17	50000.0	0.05389638136460898
18	50000.0	0.047241873258004455
19	50000.0	0.09846125911468726
20	50000.0	0.042257913995567935
21	50000.0	0.03283460175747091
22	50000.0	0.03454745480204763
23	50000.0	0.03651752235345655
24	50000.0	0.0730425534416797
25	50000.0	0.08554019215069006
26	50000.0	0.03386973817892382
27	50000.0	0.04472914148003348
28	50000.0	0.05451851905910841
29	50000.0	0.03516580890597233
30	50000.0	0.05543005230935573
31	50000.0	0.04749426756702564
32	50000.0	0.04846412315567297
33	50000.0	0.04388929417318016
34	50000.0	0.03664460260741344
35	50000.0	0.06199337902018308
36	50000.0	0.056552598965188175
37	50000.0	0.044659176852545605
38	50000.0	0.08837554727656036
39	50000.0	0.04433674113096464
40	50000.0	0.029429627659749873
41	50000.0	0.03325210992019188
42	50000.0	0.04806302816900928
43	50000.0	0.029665171483046326
44	50000.0	0.043296643747006536
45	50000.0	0.029571075720410067
46	50000.0	0.047895435913363205
47	50000.0	0.04218257578776276
48	50000.0	0.07614148330941643
49	50000.0	0.03339980304129363
50	50000.0	430.738740247038
51	50000.0	664.6951354091566
52	50000.0	500.5175272922337
53	50000.0	331.6515826773898
54	50000.0	339.7789661568125
55	50000.0	585.774321850135
56	50000.0	233.97475111212742
57	50000.0	422.8304875213677
58	50000.0	302.0357260315711
59	50000.0	600.6263086494334
60	50000.0	339.0248583543955
61	50000.0	558.0718469838356
62	50000.0	401.41483221511805
63	50000.0	974.6675064033628
64	50000.0	988.1420894944544
65	50000.0	1094.1960985081357
66	50000.0	266.9960567369919
67	50000.0	471.64845832432337
68	50000.0	263.4847256225288
69	50000.0	484.1238856372214
70	50000.0	579.5169470102813
71	50000.0	290.9964858795098
72	50000.0	424.223376932203
73	50000.0	335.1480819471818
74	50000.0	664.2717909863105
75	50000.0	1662.803183669043
76	50000.0	761.5808271836743
77	50000.0	1288.3332681632
78	50000.0	394.4016524515524
79	50000.0	704.7902099090358
80	50000.0	1846.920799585442
81	50000.0	897.3064458496607
82	50000.0	276.38177962860635
83	50000.0	1114.82769235938
84	50000.0	305.4172883995519
85	50000.0	413.2713682078157
86	50000.0	710.1927944177506
87	50000.0	234.14878641405585
88	50000.0	949.1818113231884
89	50000.0	685.4068661867334
90	50000.0	152.48944881526805
91	50000.0	751.4380864533974
92	50000.0	434.18774844541394
93	50000.0	583.9058530200937
94	50000.0	736.6099988944279
95	50000.0	478.7556069055437
96	50000.0	335.41093022587773
97	50000.0	828.3112690679794
98	50000.0	451.14983089309715
99	50000.0	779.5641795026464
100	50000.0	2.20691481228791
101	50000.0	3.1032214111407406
102	50000.0	2.7106744991965743
103	50000.0	1.933228969905016
104	50000.0	2.550245399591746
105	50000.0	2.379296955604935
106	50000.0	3.6847350625112414
107	50000.0	2.393081254723087
108	50000.0	2.378393278088283
109	50000.0	3.402601547971204
110	50000.0	3.068125584099566
111	50000.0	3.1704106563539987
112	50000.0	3.119288043492138
113	50000.0	2.6362553476154114
114	50000.0	2.699182403929639
115	50000.0	2.966404658365687
116	50000.0	2.1306032255436405
117	50000.0	2.630121574954069
118	50000.0	3.754806646165739
119	50000.0	2.743663330730089
120	50000.0	2.6413461802479214
121	50000.0	2.738716710541042
122	50000.0	2.537698033500833
123	50000.0	3.1295534612217066
124	50000.0	2.9968710138969636
125	50000.0	2.6153416115168366
126	50000.0	2.835819297872329
127	50000.0	2.7900093706671845
128	50000.0	2.8510599999723167
129	50000.0	3.950229426223234
130	50000.0	3.1201975848994996
131	50000.0	3.1156966468589893
132	50000.0	3.0970135800437086
133	50000.0	3.27151871328728
134	50000.0	2.282677509225725
135	50000.0	2.566966927291422
136	50000.0	2.2873211024828226
137	50000.0	4.1692693222370485
138	50000.0	2.094890703314575
139	50000.0	3.002157465875989
140	50000.0	2.1226682100411076
141	50000.0	3.057161077043299
142	50000.0	2.9056770124436304
143	50000.0	3.1265064483229588
144	50000.0	2.7627133384973375
145	50000.0	2.7868660107740917
146	50000.0	2.9997888642251747
147	50000.0	2.8195398535553
148	50000.0	3.7057489647551676
149	50000.0	2.845304736215105
150	50000.0	5.41387473562932
151	50000.0	4.991623744349238
152	50000.0	5.283782785349428
153	50000.0	5.246381477722966
154	50000.0	5.332827299172978
155	50000.0	5.152773719774764
156	50000.0	6.055818848282078
157	50000.0	6.059581785927217
158	50000.0	6.5612206608194255
159	50000.0	5.000535372194257
160	50000.0	6.216303162956161
161	50000.0	5.620964826038843
162	50000.0	5.162001187942707
163	50000.0	5.58702827827371
164	50000.0	5.8594768318488395
165	50000.0	5.497831542141195
166	50000.0	6.25277156152911
167	50000.0	6.031496662075059
168	50000.0	5.101702272881927
169	50000.0	6.643996182888314
170	50000.0	6.8322322417905355
171	50000.0	4.486414234174983
172	50000.0	5.435456442116495
173	50000.0	5.681336493428028
174	50000.0	5.646348548432956
175	50000.0	5.1027561302547
176	50000.0	5.962154319510136
177	50000.0	5.772972611411698
178	50000.0	4.951846646947027
179	50000.0	5.015123367904711
180	50000.0	6.9657172166780414
181	50000.0	5.12451894416464
182	50000.0	5.75470114619217
183	50000.0	5.75210702565677
184	50000.0	6.7962830204712095
185	50000.0	4.814476271404333
186	50000.0	6.520048887863877
187	50000.0	5.9070601759681045
188	50000.0	4.113466255671273
189	50000.0	5.178792158175911
190	50000.0	4.985466866494826
191	50000.0	5.542865919431505
192	50000.0	4.965354066826013
193	50000.0	5.7813418372573855
194	50000.0	6.21332027435632
195	50000.0	5.451370869050075
196	50000.0	6.648535517048707
197	50000.0	5.864144204649547
198	50000.0	5.48966358624171
199	50000.0	5.0684849040763815
200	3286.8	0.0
201	2017.2	0.0
202	6511.2	0.0
203	4387.2	0.0
204	5468.4	0.0
205	2624.8	0.0
206	5034.4	0.0
207	5649.6	0.0
208	4504.8	0.0
209	6022.0	0.0
210	4330.4	0.0
211	1446.0	0.0
212	5322.2	0.0
213	2017.2	0.0
214	3092.4	0.0
215	5510.6	0.0
216	4387.2	0.0
217	3286.8	0.0
218	3162.0	0.0
219	5649.6	0.0
220	2463.6	0.0
221	8118.0	0.0
222	3162.0	0.0
223	5568.2	0.0
224	2736.0	0.0
225	3171.0	0.0
226	3507.2	0.0
227	5649.6	0.0
228	8118.0	0.0
229	3092.4	0.0
230	3171.0	0.0
231	2547.6	0.0
232	5034.4	0.0
233	5135.4	0.0
234	8118.0	0.0
235	5746.8	0.0
236	2809.2	0.0
237	5325.8	0.0
238	5510.6	0.0
239	5568.2	0.0
240	6511.2	0.0
241	4504.8	0.0
242	6022.0	0.0
243	5468.4	0.0
244	2068.8	0.0
245	3162.0	0.0
246	5568.2	0.0
247	4504.8	0.0
248	3418.8	0.0
249	4330.4	0.0
250	50000.0	0.0620028179607733
251	50000.0	0.04629264514204633
252	50000.0	0.1595029319948788
253	50000.0	0.06301764214651466
254	46683.6	0.13392877393590732
255	50000.0	0.06300816816170783
256	50000.0	0.10671026950291777
257	50000.0	0.12299712133390714
258	50000.0	0.044100361231112224
259	50000.0	0.037857452946265094
260	50000.0	0.05087966920757462
261	50000.0	0.0838689889982902
262	50000.0	0.12168862941704059
263	50000.0	0.10979440304073032
264	50000.0	0.2021159807949803
265	46357.2	0.07816873455940747
266	50000.0	0.0520940633386344
267	50000.0	0.10874808574175547
268	50000.0	0.1133518303505093
269	50000.0	0.10279394921948781
270	50000.0	0.08262437442529191
271	50000.0	0.20309080509872604
272	50000.0	0.10545310782276304
273	50000.0	0.0527849017477663
274	50000.0	0.04167502029266668
275	50000.0	0.02924729485751525
276	50000.0	0.18985295724499257
277	50000.0	0.07010079686270614
278	50000.0	0.11565334350730001
279	50000.0	0.09747476647671166
280	50000.0	0.05754888694544208
281	50000.0	0.07245784358330323
282	50000.0	0.4540020325064128
283	50000.0	0.05488255922501776
284	50000.0	0.206996200654432
285	50000.0	0.09641972459651936
286	50000.0	0.059464887590998536
287	50000.0	0.06615322061471438
288	50000.0	0.1292551513177529
289	50000.0	0.07894608094501163
290	50000.0	0.165687674569379
291	50000.0	0.11144136905596505
292	50000.0	0.09179826840461783
293	50000.0	0.08185724415125736
294	50000.0	0.09629768929092139
295	50000.0	0.06837725910081702
296	50000.0	0.09110468004867275
297	50000.0	0.11387287802838635
298	46731.6	0.1320852537320008
299	50000.0	0.12860444370495627
300	50000.0	0.0
301	50000.0	93.5941056562541
302	50000.0	35.72350074108048
303	50000.0	4.749850034890722
304	50000.0	22.05858172339127
305	50000.0	65.56389776748165
306	50000.0	54.72684446325535
307	50000.0	0.0
308	50000.0	22.912501177914788
309	50000.0	16.935276733308264
310	50000.0	0.0
311	50000.0	397.0226762050905
312	50000.0	129.0929775278639
313	50000.0	0.0
314	50000.0	311.634838194739
315	50000.0	0.0
316	50000.0	29.845244532943262
317	50000.0	0.0
318	50000.0	43.412534517993016
319	50000.0	1000.6717363188707
320	50000.0	291.87136180653033
321	50000.0	0.0
322	50000.0	0.0
323	50000.0	0.0
324	50000.0	413.2676388437643
325	50000.0	217.66988670874588
326	50000.0	119.102733239352
327	50000.0	53.85706234009645
328	50000.0	8.189235579398467
329	50000.0	73.36013474522088
330	50000.0	0.0
331	50000.0	15.320808830188364
332	50000.0	0.0
333	50000.0	11.596382788810535
334	50000.0	39.97786950446769
335	50000.0	0.0
336	50000.0	264.45878944161615
337	50000.0	14.740420473223637
338	50000.0	43.08960430742624
339	50000.0	2.9775156627308506
340	50000.0	0.0
341	50000.0	0.0
342	50000.0	675.7194092058292
343	50000.0	0.0
344	50000.0	0.0
345	50000.0	0.0
346	50000.0	57.405487949595475
347	50000.0	42.847263649137616
348	50000.0	46.70557921436854
349	50000.0	0.0
350	50000.0	2.8230760899259657
351	50000.0	3.7729423466074374
352	50000.0	3.405911939204702
353	50000.0	3.3940140589838044
354	50000.0	3.7156951230025896
355	50000.0	3.9687861540752514
356	50000.0	4.362127502100249
357	50000.0	3.836706380735875
358	50000.0	2.6420285930668017
359	50000.0	3.897165229364165
360	50000.0	3.9661679830849885
361	50000.0	2.5672301544683482
362	50000.0	3.4294917850378033
363	50000.0	4.110352244697988
364	50000.0	3.8413549014850026
365	50000.0	3.6038687715387723
366	50000.0	3.7465478744626153
367	50000.0	2.7248168991767985
368	50000.0	3.3011874491449418
369	50000.0	4.211465702638336
370	50000.0	3.51145757888142
371	50000.0	4.776518661212339
372	50000.0	3.1124753693744607
373	50000.0	3.3381214506802293
374	50000.0	3.7392206152419476
375	50000.0	3.539572404728637
376	50000.0	3.329476530876346
377	50000.0	3.7695992263495164
378	50000.0	3.304269249881783
379	50000.0	3.838567782153343
380	50000.0	4.035142697576726
381	50000.0	3.6107144095782253
382	50000.0	3.6169815409889132
383	50000.0	3.6864316190797446
384	50000.0	4.120924981392979
385	50000.0	3.656150044905605
386	50000.0	3.531616067417967
387	50000.0	4.399665086213295
388	50000.0	3.831597584905473
389	50000.0	3.4813369559714737
390	50000.0	2.9553418189759753
391	50000.0	3.5237865078677912
392	50000.0	4.432867898761696
393	50000.0	3.5877041958040032
394	50000.0	2.5962171375701137
395	50000.0	4.236399267878257
396	50000.0	3.5454269732732713
397	50000.0	4.73336501147446
398	50000.0	3.380736476741067
399	50000.0	3.520291672238861
400	50000.0	2.6069285546960037
401	50000.0	2.4456791448799096
402	50000.0	3.0123810376952864
403	50000.0	3.274524276203516
404	50000.0	2.986005801775113
405	50000.0	2.984508397914128
406	50000.0	3.019357355329376
407	50000.0	2.751432359793462
408	50000.0	2.8153337446345086
409	50000.0	2.739285031023414
410	50000.0	2.2559579308774427
411	50000.0	3.045812774653429
412	50000.0	3.0417208804186346
413	50000.0	2.9454779146286354
414	50000.0	2.905810176270226
415	50000.0	3.2625735847626727
416	50000.0	2.6154304347001065
417	50000.0	2.753665947345702
418	50000.0	3.0486558101131225
419	50000.0	2.79991217001968
420	50000.0	2.845310818105284
421	50000.0	2.6724622291938083
422	50000.0	3.275937819288592
423	50000.0	2.7614049057266516
424	50000.0	3.0083825568988294
425	50000.0	2.9587053645149393
426	50000.0	3.0166762278216774
427	50000.0	2.8162012981778983
428	50000.0	2.144430905307827
429	50000.0	3.0069610025464417
430	50000.0	3.0500180535187997
431	50000.0	2.7089866140972534
432	50000.0	2.5903381754616643
433	50000.0	3.142572875780574
434	50000.0	2.9560879875302186
435	50000.0	3.0245336357577943
436	50000.0	3.1763649576358937
437	50000.0	2.830216386866748
438	50000.0	2.861224292878376
439	50000.0	2.8464600303069183
440	50000.0	3.279423369957596
441	50000.0	2.8178953698445097
442	50000.0	3.0680637888201563
443	50000.0	3.1203093870900696
444	50000.0	3.1958436059383044
445	50000.0	3.021408914496528
446	50000.0	2.474263583563089
447	50000.0	2.99660773682706
448	50000.0	2.6075355927461166
449	50000.0	2.6365619658749906
450	50000.0	508.43059121610474
451	50000.0	1180.9279697884265
452	50000.0	602.492079062928
453	50000.0	621.5885645817659
454	50000.0	719.4387882309235
455	50000.0	847.1962792450292
456	50000.0	677.2710377913544
457	50000.0	627.2526364782317
458	50000.0	793.7708776235226
459	50000.0	2062.1917197664106
460	50000.0	1804.7820074048534
461	50000.0	1444.2435626559547
462	50000.0	398.08577666743247
463	50000.0	639.4747619230685
464	50000.0	747.7794546767473
465	50000.0	949.3933536805513
466	50000.0	307.91750029050127
467	50000.0	381.00249537558875
468	50000.0	1294.6751109855088
469	50000.0	951.5735783360603
470	50000.0	864.3135716998243
471	50000.0	874.0558994066756
472	50000.0	801.0027351021857
473	50000.0	639.5648992024915
474	50000.0	1067.7358001921107
475	50000.0	771.8231775268473
476	50000.0	571.2782507642768
477	50000.0	300.52623180704734
478	50000.0	827.8158699486164
479	50000.0	694.7776052665313
480	50000.0	334.8943466853965
481	50000.0	1329.979849632898
482	50000.0	437.43731468350614
483	50000.0	1033.1452865210981
484	50000.0	524.9316422338558
485	50000.0	1142.099210932945
486	50000.0	1366.0947762292003
487	50000.0	428.1107823297724
488	50000.0	371.2419336329599
489	50000.0	1176.5666453474928
490	50000.0	320.3552706073015
491	50000.0	444.4679771399209
492	50000.0	1131.0198101255141
493	50000.0	919.3751690097403
494	50000.0	309.9215102571767
495	50000.0	761.7046637275478
496	50000.0	1078.4242519992863
497	50000.0	530.9630201793017
498	50000.0	781.1159846445762
499	50000.0	681.4597605854234
500	50000.0	6.0885875827217575
501	50000.0	10.83654688200778
502	50000.0	13.844180778885555
503	50000.0	8.155523097540609
504	50000.0	12.036205336256867
505	50000.0	12.302627781820206
506	50000.0	13.220334651838673
507	50000.0	6.565423219181386
508	50000.0	27.39449728509829
509	50000.0	16.578875039036244
510	50000.0	5.538262015143458
511	50000.0	10.823723873352673
512	50000.0	10.307884864167796
513	50000.0	7.839199733463691
514	50000.0	7.673221671681918
515	50000.0	7.893092661975585
516	50000.0	10.708670645980314
517	50000.0	7.662587549256642
518	50000.0	7.375628079486207
519	50000.0	17.502873630611784
520	50000.0	15.54399518247465
521	50000.0	3.8542539759650536
522	50000.0	8.7976232796416
523	50000.0	10.53211903656297
524	50000.0	6.99294842370638
525	50000.0	4.453163168798774
526	50000.0	7.152905403346201
527	50000.0	11.871170655700814
528	50000.0	4.951478108904091
529	50000.0	5.762858513053778
530	50000.0	6.711645359994199
531	50000.0	15.854258278660925
532	50000.0	18.8936641786645
533	50000.0	13.209689175261866
534	50000.0	14.024849537793077
535	50000.0	6.266307423089188
536	50000.0	11.715342790529517
537	50000.0	12.75452530659268
538	50000.0	13.350742797299143
539	50000.0	5.695983121706689
540	50000.0	20.592145549623208
541	50000.0	5.107877003614336
542	50000.0	2.8334781429126785
543	50000.0	8.326068631156367
544	50000.0	10.359366216756051
545	50000.0	16.00682124440341
546	50000.0	6.836963245609057
547	50000.0	9.873880659863346
548	50000.0	4.117788324665472
549	50000.0	6.456346201847245
550	50000.0	11964.620075911133
551	50000.0	5224.232669429904
552	50000.0	13225.827398020145
553	50000.0	6702.114730036471
554	50000.0	11362.98214351727
555	50000.0	11996.500001312637
556	50000.0	3777.63310147543
557	50000.0	6198.191040910753
558	50000.0	8118.174344726174
559	50000.0	7313.215211647881
560	50000.0	9338.532893471956
561	50000.0	7948.581755817644
562	50000.0	15991.366435840968
563	50000.0	6688.468524989641
564	50000.0	6029.673132315668
565	50000.0	11688.94329235908
566	50000.0	11946.520703129909
567	50000.0	7036.0602276735035
568	50000.0	8341.45014091371
569	50000.0	14853.701314303316
570	50000.0	17116.47952300209
571	50000.0	8372.358918308031
572	50000.0	8076.472145109964
573	50000.0	15928.479569095472
574	50000.0	12342.30461446046
575	50000.0	14275.992442701467
576	50000.0	8098.494160297845
577	50000.0	8275.793689687824
578	50000.0	12581.916844267467
579	50000.0	8967.76338018178
580	50000.0	12145.107579544705
581	50000.0	13835.68736113119
582	50000.0	22474.05679389304
583	50000.0	8065.911406928557
584	50000.0	16856.116663496094
585	50000.0	18871.054851477475
586	50000.0	18194.556289288514
587	50000.0	12554.31337340031
588	50000.0	13667.661390243797
589	50000.0	3756.158682741967
590	50000.0	14267.978589447015
591	50000.0	16787.46364289466
592	50000.0	6631.6066370583085
593	50000.0	12086.350365085618
594	50000.0	13473.428980487215
595	50000.0	9816.739664033492
596	50000.0	10226.166054674497
597	50000.0	7621.986788484877
598	50000.0	14581.545407248766
599	50000.0	7432.18614526274
600	50000.0	39.26638186608397
601	50000.0	28.470398053924434
602	50000.0	22.870467794038085
603	50000.0	19.997143049842272
604	50000.0	43.34070998910303
605	50000.0	36.60865618877632
606	50000.0	33.75394161044605
607	50000.0	35.91699828636617
608	50000.0	34.45542062021722
609	50000.0	38.25022102641988
610	50000.0	20.591526850523394
611	50000.0	46.81765551716036
612	50000.0	29.82307815291736
613	50000.0	36.75425242731861
614	50000.0	35.56240286792226
615	50000.0	28.440284807118694
616	50000.0	38.28615507718038
617	50000.0	45.49665440564486
618	50000.0	23.89030201245091
619	50000.0	34.19269586011193
620	50000.0	32.924271717719634
621	50000.0	39.936869093622114
622	50000.0	26.38419958926114
623	50000.0	40.42656551537125
624	50000.0	24.144161688912423
625	50000.0	36.888491742229384
626	50000.0	42.382324087518114
627	50000.0	27.94413204971635
628	50000.0	41.290333631999296
629	50000.0	22.545606745853522
630	50000.0	17.942791305583476
631	50000.0	43.27086987806199
632	50000.0	40.91700564926905
633	50000.0	21.128955863766002
634	50000.0	39.92418922323059
635	50000.0	22.34431697847036
636	50000.0	38.71067916454696
637	50000.0	38.114124481963586
638	50000.0	36.08691321510345
639	50000.0	37.12033722816721
640	50000.0	29.280026630194804
641	50000.0	28.763583651097555
642	50000.0	22.742571327761432
643	50000.0	38.88415512990413
644	50000.0	25.11607150293839
645	50000.0	33.259494864966484
646	50000.0	22.445517738763904
647	50000.0	36.80059890267648
648	50000.0	20.924348747777604
649	50000.0	29.780191557075362
650	50000.0	0.05393078893764904
651	50000.0	0.08290936492413033
652	50000.0	0.0486120533975559
653	50000.0	0.06692208891385043
654	50000.0	0.054629031393041635
655	50000.0	0.04540880991644649
656	50000.0	0.09303696029974842
657	50000.0	0.07054823866253952
658	50000.0	0.06256243563027718
659	50000.0	0.0786372315870154
660	50000.0	0.036637356282045425
661	50000.0	0.07026288769586975
662	50000.0	0.03695765177220522
663	50000.0	0.04189747780174426
664	50000.0	0.07288525745823664
665	50000.0	0.09487822779236549
666	50000.0	0.0631954449293051
667	50000.0	0.048986703249938694
668	50000.0	0.08308808275566656
669	50000.0	0.026188314834767117
670	50000.0	0.09724217051494187
671	50000.0	0.08032371034818256
672	50000.0	0.05171012854615683
673	50000.0	0.04905551620317754
674	50000.0	0.08330271256238593
675	50000.0	0.06907969292010585
676	50000.0	0.07823220727759984
677	50000.0	0.05062670088349479
678	50000.0	0.07711218767581858
679	50000.0	0.08136012918481604
680	50000.0	0.07570240291715359
681	50000.0	0.06129056680734857
682	50000.0	0.05542118223914323
683	50000.0	0.14238953925305037
684	50000.0	0.05739803709824452
685	50000.0	0.06884616853533007
686	50000.0	0.08131257671789724
687	50000.0	0.07158304587477368
688	50000.0	0.0821920802435602
689	50000.0	0.07601169661581086
690	50000.0	0.05412304404067432
691	50000.0	0.05609103397504395
692	50000.0	0.08186010446631715
693	50000.0	0.043211267471165396
694	50000.0	0.053291281480556583
695	50000.0	0.07881183281588708
696	50000.0	0.05524036151074897
697	50000.0	0.10941927422272016
698	50000.0	0.05583706504713496
699	50000.0	0.09114481851491868
700	50000.0	3.5708987034240365
701	50000.0	1.8323358748945888
702	50000.0	4.062378133098523
703	50000.0	4.071101959725824
704	50000.0	3.7217382675557404
705	50000.0	2.1944538652767602
706	50000.0	2.261809153005588
707	50000.0	3.309342298766172
708	50000.0	2.958692628427904
709	50000.0	2.6590149294470473
710	50000.0	4.015495724553231
711	50000.0	1.9836527293047461
712	50000.0	2.653769909142691
713	50000.0	2.383528319985161
714	50000.0	4.626595864149074
715	50000.0	2.892078527275597
716	50000.0	2.8123514886400445
717	50000.0	2.596268782472753
718	50000.0	2.9509973433207373
719	50000.0	2.2523139988344014
720	50000.0	3.2500013108283112
721	50000.0	3.1519475673305606
722	50000.0	2.7159081048829843
723	50000.0	2.0260678228643143
724	50000.0	2.6888399355652766
725	50000.0	2.5866289029429224
726	50000.0	2.364323325099123
727	50000.0	5.002782017809081
728	50000.0	2.6502298044435624
729	50000.0	3.321657914604883
730	50000.0	3.573335491410924
731	50000.0	4.109533703266851
732	50000.0	3.0255599197771708
733	50000.0	2.0415572745180457
734	50000.0	2.600843406919421
735	50000.0	2.3990071176890355
736	50000.0	3.117473054475581
737	50000.0	2.774317177586526
738	50000.0	2.29108137742264
739	50000.0	2.282990218334252
740	50000.0	3.648172697329082
741	50000.0	2.2570428758070196
742	50000.0	4.10277558635468
743	50000.0	2.9334598250160058
744	50000.0	2.750260697101294
745	50000.0	3.453231021336147
746	50000.0	2.686283828076968
747	50000.0	2.3248964142417443
748	50000.0	3.2531783147757025
749	50000.0	1.872630373644732
750	50000.0	3.362322713748971
751	50000.0	4.481307122446546
752	50000.0	3.5970099043899557
753	50000.0	3.9664201100140675
754	50000.0	5.9949392703023365
755	50000.0	5.202864352852846
756	50000.0	3.1395416982917963
757	50000.0	1.975182914285007
758	50000.0	3.8403074577354737
759	50000.0	4.594202007388587
760	50000.0	3.566030751378104
761	50000.0	3.932071080944516
762	50000.0	3.356912633190005
763	50000.0	5.143019549121894
764	50000.0	6.028574465196243
765	50000.0	2.571848101550479
766	50000.0	3.5935185968862284
767	50000.0	5.3517437536224834
768	50000.0	4.654297223721625
769	50000.0	4.653215681654058
770	50000.0	5.882727285660162
771	50000.0	4.846439325078974
772	50000.0	4.268263329366823
773	50000.0	1.8816479703611713
774	50000.0	4.488802320067988
775	50000.0	2.305658653872527
776	50000.0	4.7503896793555125
777	50000.0	2.8419222914829128
778	50000.0	4.709707696403671
779	50000.0	6.4516447365080065
780	50000.0	2.8385150352994635
781	50000.0	4.942919725240929
782	50000.0	4.839540804242402
783	50000.0	3.644125920715267
784	50000.0	4.008407743582767
785	50000.0	5.413030881050028
786	50000.0	2.426448625442406
787	50000.0	4.636683883971623
788	50000.0	4.640346644255468
789	50000.0	3.420986263364063
790	50000.0	3.885907558286199
791	50000.0	4.273704153194876
792	50000.0	2.956967408009425
793	50000.0	1.838260250759149
794	50000.0	4.890902925647208
795	50000.0	4.553218313339471
796	50000.0	5.3978786007549235
797	50000.0	5.571256477847545
798	50000.0	5.958978801473198
799	50000.0	2.975840567003152
800	50000.0	5.454348095700202
801	50000.0	7.175181245175949
802	50000.0	3.450230389800082
803	50000.0	6.776798575705877
804	50000.0	11.200360077991089
805	50000.0	5.798981582288808
806	50000.0	5.349455609760742
807	50000.0	6.28236240051774
808	50000.0	7.228590902312009
809	50000.0	13.725023458063953
810	50000.0	7.7761058256557565
811	50000.0	9.398361392964343
812	50000.0	9.797821144155135
813	50000.0	9.118392038760083
814	50000.0	9.793388678327393
815	50000.0	7.0741210911595145
816	50000.0	15.307062991957773
817	50000.0	8.325410206600631
818	50000.0	9.015726475138335
819	50000.0	10.189996582562987
820	50000.0	6.370570732345791
821	50000.0	9.292109667288699
822	50000.0	7.4056764339275745
823	50000.0	2.773238712800452
824	50000.0	7.374805008739536
825	50000.0	7.424819165965902
826	50000.0	7.808337854896268
827	50000.0	3.569403159860953
828	50000.0	6.756322743720007
829	50000.0	4.246780837193884
830	50000.0	5.54049410011916
831	50000.0	7.477003463826357
832	50000.0	4.75798716020012
833	50000.0	4.367211619339509
834	50000.0	2.742140833881326
835	50000.0	3.380051266247263
836	50000.0	8.942807034665721
837	50000.0	4.661652412110987
838	50000.0	13.93147627590137
839	50000.0	3.207833254893231
840	50000.0	6.107994348981538
841	50000.0	5.440696877405101
842	50000.0	7.914276150934708
843	50000.0	4.752673212957992
844	50000.0	6.130859694163542
845	50000.0	14.374629057163933
846	50000.0	8.959426230393404
847	50000.0	7.189216468040952
848	50000.0	6.567427481951782
849	50000.0	6.764203938671299
850	50000.0	22.357531971085308
851	50000.0	27.62335187906063
852	50000.0	5.564028837113464
853	50000.0	26.213068311017672
854	50000.0	32.51617050013567
855	50000.0	20.480606703968352
856	50000.0	21.573208467944404
857	50000.0	26.991563331086304
858	50000.0	30.61446699026937
859	50000.0	46.663830991583566
860	50000.0	26.43719103657937
861	50000.0	35.72794712131209
862	50000.0	20.95977750173247
863	50000.0	26.89131580626911
864	50000.0	33.315473636803716
865	50000.0	20.978170777144562
866	50000.0	48.955158664966845
867	50000.0	25.04351476151
868	50000.0	25.031365942459615
869	50000.0	20.481642090230316
870	50000.0	30.335071121370778
871	50000.0	35.974767656284484
872	50000.0	13.82891546493122
873	50000.0	12.885218234161837
874	50000.0	19.829212200584102
875	50000.0	16.36241331565953
876	50000.0	14.893138925092279
877	50000.0	9.84723217173457
878	50000.0	24.953137268147856
879	50000.0	12.215240355277903
880	50000.0	21.184486332212717
881	50000.0	28.09306432820792
882	50000.0	19.916809322913423
883	50000.0	11.119691496002243
884	50000.0	8.986082506666238
885	50000.0	12.20720959088827
886	50000.0	28.658382737564118
887	50000.0	18.440338388917436
888	50000.0	42.60243658545133
889	50000.0	14.555500662367162
890	50000.0	17.33359555461663
891	50000.0	23.427369261299596
892	50000.0	19.798519351910052
893	50000.0	18.18329490593621
894	50000.0	25.95341974725587
895	50000.0	45.612729936239944
896	50000.0	26.17691117614953
897	50000.0	23.135629471038843
898	50000.0	19.484321044070803
899	50000.0	21.16407311249393
900	50000.0	0.10175846488844283
901	50000.0	0.1393128991479257
902	50000.0	0.13339281601333558
903	50000.0	0.0795960054225846
904	50000.0	0.13403356733981972
905	50000.0	0.10558552632937897
906	50000.0	0.113272249495553
907	50000.0	0.1390479488453277
908	50000.0	0.1182155113584054
909	50000.0	0.10944714922278394
910	50000.0	0.14553215387103863
911	50000.0	0.09100565140326307
912	50000.0	0.11749855080865731
913	50000.0	0.1060802294950653
914	50000.0	0.1126038117873005
915	50000.0	0.1351372656126534
916	50000.0	0.0859542949020538
917	50000.0	0.10211901820965341
918	50000.0	0.11918166101573427
919	50000.0	0.14481853443513196
920	50000.0	0.12795318625918953
921	50000.0	0.08963455581459918
922	50000.0	0.12314735628873023
923	50000.0	0.0877699313864854
924	50000.0	0.13793848815535786
925	50000.0	0.1446122305097255
926	50000.0	0.11356909324735245
927	50000.0	0.060880439007110355
928	50000.0	0.07281993941826315
929	50000.0	0.13317657859695356
930	50000.0	0.12302868067452052
931	50000.0	0.0961922712866361
932	50000.0	0.09189787425333336
933	50000.0	0.13161278541868385
934	50000.0	0.09047928607736218
935	50000.0	0.061369595637889775
936	50000.0	0.09656211364360204
937	50000.0	0.11515766740371944
938	50000.0	0.12080809560662349
939	50000.0	0.1430023776359386
940	50000.0	0.14044593616258272
941	50000.0	0.1669201367244458
942	50000.0	0.1718230549641655
943	50000.0	0.10735603069304175
944	50000.0	0.10159136021819962
945	50000.0	0.14093495483593035
946	50000.0	0.11796892450170446
947	50000.0	0.13952599493917273
948	50000.0	0.11346890184015486
949	50000.0	0.10085044002965642
950	50000.0	1.60388997783162
951	50000.0	1.60388997783162
952	50000.0	1.418878858014357
953	50000.0	1.4534785228379141
954	50000.0	1.5251838520441954
955	50000.0	1.5033891201155059
956	50000.0	1.3812803390354058
957	50000.0	1.4357218944315902
958	50000.0	1.3490456052744244
959	50000.0	1.5465892577130096
960	50000.0	1.3812803390354058
961	50000.0	1.3938317279078718
962	50000.0	1.5465892577130096
963	50000.0	1.5465892577130096
964	50000.0	1.4534785228379141
965	50000.0	1.4234783922281204
966	50000.0	1.2581502272557326
967	50000.0	1.4534785228379141
968	50000.0	1.3490456052744244
969	50000.0	1.4354829065950157
970	50000.0	1.4461308234641193
971	50000.0	1.418878858014357
972	50000.0	1.3343257977803404
973	50000.0	1.4204173091223282
974	50000.0	1.4354829065950157
975	50000.0	1.1790638045676018
976	50000.0	1.5251838520441954
977	50000.0	1.1790638045676018
978	50000.0	1.4534785228379141
979	50000.0	1.4730140125595474
980	50000.0	1.5647599114573072
981	50000.0	1.1790638045676018
982	50000.0	1.5033891201155059
983	50000.0	1.1790638045676018
984	50000.0	1.4234783922281204
985	50000.0	1.4263484528065415
986	50000.0	1.337744330361134
987	50000.0	1.4688660993929519
988	50000.0	1.418878858014357
989	50000.0	1.5647599114573072
990	50000.0	1.4492526543278788
991	50000.0	1.337744330361134
992	50000.0	1.441533365038966
993	50000.0	1.4263484528065415
994	50000.0	1.4492526543278788
995	50000.0	1.4357218944315902
996	50000.0	1.5360468684626694
997	50000.0	1.5251838520441954
998	50000.0	1.3721250309570163
999	50000.0	1.3432875280936263
1000	50000.0	0.822879057231529
1001	50000.0	0.9731709660921227
1002	50000.0	0.8822597725257172
1003	50000.0	1.3203544137752583
1004	50000.0	0.8289346566057466
1005	50000.0	0.0296785184811919
1006	50000.0	0.7082957542843509
1007	50000.0	0.2558624811946596
1008	50000.0	0.7085202454356213
1009	50000.0	1.5636909676240687
1010	50000.0	0.4020045220574258
1011	50000.0	1.3449494635302581
1012	50000.0	1.4029962869547992
1013	50000.0	1.0406807757187988
1014	50000.0	0.5697423357138635
1015	50000.0	0.001328233488178011
1016	50000.0	0.7522815960056
1017	50000.0	0.04355713975006677
1018	50000.0	1.957632968625178
1019	50000.0	1.0549208656536737
1020	50000.0	0.7222582327072539
1021	50000.0	1.2587273484366197
1022	50000.0	0.011878894421589103
1023	50000.0	0.5245920083517129
1024	50000.0	0.9447664071594313
1025	50000.0	0.0006013959106974636
1026	50000.0	0.34201773792313384
1027	50000.0	0.0005392254675144393
1028	50000.0	1.6196452228218388
1029	50000.0	0.001578231929904703
1030	50000.0	0.00191546316913121
1031	50000.0	1.0005983566025498
1032	50000.0	1.1252835728262813
1033	50000.0	0.0007650422096559109
1034	50000.0	0.7334826288364705
1035	50000.0	0.01434425005743743
1036	50000.0	9.066213695408277e-05
1037	50000.0	1.0536496442983125
1038	50000.0	0.005198447432188342
1039	50000.0	0.6744717005676867
1040	50000.0	0.335503203835258
1041	50000.0	0.1541115310531222
1042	50000.0	1.5676541200058682
1043	50000.0	0.6307240032440621
1044	50000.0	0.0030844460379592944
1045	50000.0	1.923489454941637
1046	50000.0	0.0050668466606668214
1047	50000.0	0.5052898473962688
1048	50000.0	0.0038438676548051462
1049	50000.0	1.6030931374709403
1050	50000.0	0.41480010945898627
1051	50000.0	0.0037142628755690217
1052	50000.0	0.7904531122697762
1053	50000.0	0.2539840779310397
1054	50000.0	1.3341042401886554
1055	50000.0	0.7341564044772588
1056	50000.0	0.7116059763849758
1057	50000.0	0.04706095773780821
1058	50000.0	0.579976601745596
1059	50000.0	0.12293165589625787
1060	50000.0	0.1398320338937727
1061	50000.0	1.5748676269114277
1062	50000.0	0.33267038275142347
1063	50000.0	0.8626326620211927
1064	50000.0	4.165583638605094
1065	50000.0	0.5423112218953902
1066	50000.0	0.6620099060758564
1067	50000.0	2.1639280868848085
1068	50000.0	1.1242713619029385
1069	50000.0	0.7773446737341054
1070	50000.0	0.04033577670056555
1071	50000.0	0.5228340530787399
1072	50000.0	0.6506032962107634
1073	50000.0	0.9237119273710611
1074	50000.0	1.52626186519705
1075	50000.0	1.1695010703330102
1076	50000.0	1.785761012247919
1077	50000.0	0.44470740379525964
1078	50000.0	0.013533445577917438
1079	50000.0	0.07478338085962823
1080	50000.0	1.2873073970927928
1081	50000.0	0.3209812018995061
1082	50000.0	0.1670488067932524
1083	50000.0	0.06739704226160269
1084	50000.0	0.8594977070203669
1085	50000.0	0.24847249808671573
1086	50000.0	1.6821081913094111
1087	50000.0	0.7609968121665581
1088	50000.0	0.6785162911000141
1089	50000.0	0.6463302183759826
1090	50000.0	2.3845125838306194
1091	50000.0	0.19444121142524645
1092	50000.0	2.702994669057184
1093	50000.0	0.3116611477112639
1094	50000.0	1.7659947968494762
1095	50000.0	0.29344522341197254
1096	50000.0	1.0085401299274384
1097	50000.0	0.5257074918916912
1098	50000.0	0.017427447973978195
1099	50000.0	1.8349595827071288
1100	50000.0	1.051972015799318
1101	50000.0	1.2302977943118318
1102	50000.0	1.1461295121647905
1103	50000.0	1.0352225977135816
1104	50000.0	0.9482477437973003
1105	50000.0	1.073989239184135
1106	50000.0	0.9844419391924257
1107	50000.0	0.8996715150269864
1108	50000.0	0.9108706154955015
1109	50000.0	0.8852320682131201
1110	50000.0	0.9021869780160838
1111	50000.0	0.9750238100283445
1112	50000.0	0.9100971904271369
1113	50000.0	0.8944346064610432
1114	50000.0	0.966612297095263
1115	50000.0	1.0975426259222096
1116	50000.0	0.9942225004272638
1117	50000.0	1.1151480698340501
1118	50000.0	1.086970222030729
1119	50000.0	1.0119055126684242
1120	50000.0	1.1065510936043936
1121	50000.0	1.0149141834100166
1122	50000.0	1.067570037834463
1123	50000.0	0.7625204760634008
1124	50000.0	0.7989082705539594
1125	50000.0	1.117141729170774
1126	50000.0	0.9522321026248376
1127	50000.0	1.1529813296546465
1128	50000.0	0.9259257702797685
1129	50000.0	0.8823679187110327
1130	50000.0	0.9495491152838718
1131	50000.0	0.818628121932
1132	50000.0	0.9041882291392829
1133	50000.0	0.9875351105206628
1134	50000.0	1.2112326648798297
1135	50000.0	0.9576434682102928
1136	50000.0	1.0017939488398038
1137	50000.0	1.0109748143077302
1138	50000.0	1.1312010798144345
1139	50000.0	0.9500627658113995
1140	50000.0	0.9221621552900812
1141	50000.0	0.9044597959208867
1142	50000.0	1.0333564434767037
1143	50000.0	0.9385149907127394
1144	50000.0	1.0655431143221277
1145	50000.0	0.8280474994986167
1146	50000.0	1.1220654159683296
1147	50000.0	1.1060832009604662
1148	50000.0	0.8670918291391876
1149	50000.0	1.0922467203162203
1150	50000.0	5.132396788574942
1151	50000.0	4.496895196320563
1152	50000.0	6.6034908656319065
1153	50000.0	3.697342344252033
1154	50000.0	5.193540942468976
1155	50000.0	3.0841316471676308
1156	50000.0	3.23486429519906
1157	50000.0	7.334250202806521
1158	50000.0	3.5630567380245552
1159	50000.0	5.722805988160797
1160	50000.0	4.43448220143206
1161	50000.0	4.63376905590344
1162	50000.0	7.748213733781341
1163	50000.0	3.750532258668483
1164	50000.0	3.5014489447978883
1165	50000.0	3.0856010527422866
1166	50000.0	3.0797821126125773
1167	50000.0	3.3809377884522993
1168	50000.0	6.397136943936564
1169	50000.0	3.383855325141795
1170	50000.0	4.416392097729582
1171	50000.0	3.53882037405439
1172	50000.0	3.0010410786968764
1173	50000.0	5.498011345332744
1174	50000.0	7.4173228335834525
1175	50000.0	5.881200518735565
1176	50000.0	3.220283609613354
1177	50000.0	3.1145443244742537
1178	50000.0	3.539941796715322
1179	50000.0	2.9238671632460522
1180	50000.0	7.952644467253809
1181	50000.0	5.9859792742990106
1182	50000.0	2.8128400255732884
1183	50000.0	8.03394949550908
1184	50000.0	2.9001284893937154
1185	50000.0	5.454128321651771
1186	50000.0	8.5061832313807
1187	50000.0	8.052838892222717
1188	50000.0	3.8856237787078767
1189	50000.0	3.1198067330922425
1190	50000.0	3.5020604820988077
1191	50000.0	6.991549558551601
1192	50000.0	3.7800382748603765
1193	50000.0	4.7607878137685535
1194	50000.0	8.80222307877005
1195	50000.0	3.538317317124821
1196	50000.0	3.6437724152810818
1197	50000.0	3.4224671830344384
1198	50000.0	7.708565977236418
1199	50000.0	3.737081703333183
