	0	1
0	2949.6	7.93728853545932e-09
1	2955.6	8.248818479000885e-09
2	3163.2	7.718346948127446e-09
3	3009.6	8.151615712507422e-09
4	3072.0	8.465183968406292e-09
5	2806.8	7.901197753832353e-09
6	3007.2	7.392965327902827e-09
7	2816.4	7.4409926660577714e-09
8	2982.0	7.584893325410895e-09
9	3006.0	7.437919863121947e-09
10	3037.2	7.824187611207177e-09
11	2954.4	8.609933222402825e-09
12	3133.2	7.691387511885304e-09
13	3019.2	7.392825016468866e-09
14	2895.6	8.790559774854253e-09
15	3022.8	8.542790295735542e-09
16	3001.2	7.484865358945277e-09
17	2911.2	8.52341220943811e-09
18	3110.4	8.585315647881598e-09
19	2935.2	8.20708933593724e-09
20	2918.4	8.858670948323161e-09
21	2948.4	8.874812600876519e-09
22	3046.8	7.85040888669395e-09
23	3039.6	8.099144489197695e-09
24	2907.6	7.921008588775026e-09
25	2926.8	8.128506482627163e-09
26	2992.8	8.130855803108831e-09
27	2925.6	7.939316450005497e-09
28	3030.0	8.599330518385314e-09
29	2876.4	8.320417020539174e-09
30	2742.0	8.301024412917815e-09
31	2996.4	7.554868287891484e-09
32	3027.6	7.618961503343103e-09
33	3043.2	8.49477362370093e-09
34	2888.4	8.736076559585983e-09
35	2878.8	7.563870055012364e-09
36	2973.6	8.174382192404572e-09
37	3018.0	7.816548441212813e-09
38	2954.4	8.105467522749085e-09
39	2985.6	7.9978498179031e-09
40	3032.4	6.851399475466041e-09
41	2949.6	7.92479870837946e-09
42	2989.2	8.413402820961607e-09
43	3159.6	7.759888424585297e-09
44	2967.6	8.669548455662925e-09
45	2956.8	7.63049253407009e-09
46	2997.6	8.2742312511876e-09
47	2918.4	7.799006364280274e-09
48	2874.0	7.426344507864204e-09
49	3030.0	8.00560297486182e-09
50	27223.6	2.0322314103371156e-08
51	14008.0	1.387853111537414e-08
52	18042.0	2.5146008531749723e-08
53	40859.2	5.360861957922108e-08
54	31796.4	4.1776408382494616e-08
55	8842.4	9.457652584677432e-09
56	22625.6	3.121397558390225e-08
57	13684.0	1.2514125488705652e-08
58	27490.0	8.826273863494473e-08
59	22678.4	0.0025540064697441404
60	22634.0	2.447734510800541e-08
61	31747.2	5.614725859265198e-08
62	22610.0	3.184537543972628e-08
63	22595.6	1.4260403739462457e-08
64	18084.0	1.1380786495189812e-08
65	13805.2	2.1647901773235335e-08
66	22660.4	2.1608959148069643e-08
67	13379.2	2.1235319184576434e-08
68	18417.6	3.76441515519388e-08
69	31766.4	0.05940192760429326
70	32084.4	7.083298786959612e-08
71	18064.8	3.9843584566286374e-08
72	8642.0	8.043376977587443e-09
73	27198.4	1.6677593088773346e-08
74	13808.8	1.3146228553234251e-08
75	4830.0	7.167044627365388e-09
76	17961.6	1.151121878227868e-07
77	8859.2	1.970423041178363e-08
78	27458.8	3.630772446960328e-08
79	9238.4	9.281890590716345e-09
80	13453.6	1.2434038052595056e-08
81	8950.4	2.192805709521039e-08
82	17996.4	3.841484228832159e-08
83	13680.4	1.2275292471371057e-08
84	18379.2	1.7557341443920428e-08
85	8866.4	9.572723394540393e-09
86	13362.4	1.237951167581387e-08
87	18165.6	1.2802431989111492e-08
88	18038.4	4.589061606283716e-08
89	8836.4	1.0757820854547516e-08
90	8830.4	8.690649146573849e-09
91	17842.8	9.531676292950874e-09
92	36626.0	2.618947020989082e-08
93	9960.8	9.330263130468674e-09
94	27102.4	1.2322614937483779e-08
95	8858.0	8.462443288677155e-09
96	32503.2	4.2458157188345415e-08
97	9278.0	1.9374060932479644e-08
98	18370.8	1.5215499300783422e-08
99	13462.0	1.5281839637237904e-08
100	50000.0	1.8999733614070855
101	50000.0	3.5700890501413296
102	50000.0	1.8803306652247074
103	50000.0	2.019695905202369
104	50000.0	1.1129607268944226
105	50000.0	1.1798634078736325
106	50000.0	1.5699548209741079
107	50000.0	2.754122876556422
108	50000.0	2.1447940573889803
109	50000.0	1.4167966666494143
110	50000.0	1.7601914415584416
111	50000.0	1.6582848066522593
112	50000.0	4.4850603775122595
113	50000.0	2.6400022911423355
114	50000.0	1.22174801280075
115	50000.0	2.2895615922534587
116	50000.0	1.437355999508359
117	45403.2	0.8006597244968839
118	50000.0	2.2374831951997907
119	50000.0	1.8273802898705338
120	50000.0	2.120779243252291
121	50000.0	1.3750727395686504
122	50000.0	2.678930543689828
123	50000.0	3.1556726562762103
124	45402.0	1.0933003079904875
125	50000.0	0.9221295147569373
126	50000.0	1.979004721179389
127	50000.0	1.5142137486296499
128	50000.0	2.628489596002767
129	50000.0	1.4510955756835926
130	50000.0	1.2628293728002444
131	50000.0	2.0683298966809915
132	50000.0	2.217264547952648
133	50000.0	3.802628123165396
134	50000.0	2.2419025001534845
135	50000.0	4.191954663215565
136	50000.0	2.0184424784324735
137	50000.0	1.9331621452705339
138	50000.0	1.6645881383743941
139	50000.0	6.250115130530683
140	50000.0	1.4414957069318368
141	50000.0	2.2166081716319175
142	50000.0	1.8257398841397752
143	50000.0	0.9918171077652511
144	50000.0	1.5655463561122853
145	50000.0	1.4803186187057726
146	45392.4	1.2211607824943669
147	50000.0	1.1579805388922684
148	50000.0	1.5437751124013164
149	50000.0	2.5388131062119714
150	50000.0	5.476635170446627
151	50000.0	4.955629904602924
152	50000.0	4.4707722239139684
153	50000.0	4.286410584636625
154	50000.0	4.878994264953866
155	50000.0	5.285827505217167
156	50000.0	4.20777595420441
157	50000.0	3.3295985618412893
158	50000.0	5.230926917874307
159	50000.0	4.839134748216409
160	50000.0	5.730140544045193
161	50000.0	5.6309155742182115
162	50000.0	6.42373478753355
163	50000.0	6.088233523485687
164	50000.0	4.643904408520623
165	50000.0	5.666979467961398
166	50000.0	5.489237882126355
167	50000.0	4.208984996218689
168	50000.0	3.8598916644686008
169	50000.0	5.225715041145888
170	50000.0	4.6478848467365514
171	50000.0	4.09014758460906
172	50000.0	5.033714589770443
173	50000.0	5.251900914832167
174	50000.0	3.8161632365726526
175	50000.0	3.5363051872635074
176	50000.0	4.427603707770669
177	50000.0	4.209656812050852
178	50000.0	5.06866258184969
179	50000.0	4.864599275925976
180	50000.0	4.326636165828218
181	50000.0	4.224628162212252
182	50000.0	5.343536260038035
183	50000.0	5.803529134151128
184	50000.0	4.777828683251713
185	50000.0	5.639617368951165
186	50000.0	4.964184773517175
187	50000.0	3.8207246115072175
188	50000.0	2.4139383207979463
189	50000.0	5.983467423720479
190	50000.0	4.2701074970076665
191	50000.0	4.6916803842067765
192	50000.0	5.565829117226845
193	50000.0	4.7870835842731765
194	50000.0	4.093442270562504
195	50000.0	4.300579760201757
196	50000.0	5.2436667850589345
197	50000.0	3.9182836424104637
198	50000.0	4.32128114476181
199	50000.0	4.418342860763987
200	2254.8	0.0
201	213.6	0.0
202	578.4	0.0
203	3862.8	0.0
204	1304.4	0.0
205	1917.6	0.0
206	1304.4	0.0
207	1304.4	0.0
208	108.0	0.0
209	2559.6	0.0
210	2112.0	0.0
211	5606.4	0.0
212	1690.8	0.0
213	213.6	0.0
214	144.0	0.0
215	1153.2	0.0
216	3862.8	0.0
217	2254.8	0.0
218	1228.8	0.0
219	1304.4	0.0
220	2622.0	0.0
221	1872.0	0.0
222	1228.8	0.0
223	2893.2	0.0
224	782.4	0.0
225	537.6	0.0
226	2790.0	0.0
227	1304.4	0.0
228	1872.0	0.0
229	144.0	0.0
230	537.6	0.0
231	2024.4	0.0
232	1304.4	0.0
233	2317.2	0.0
234	1872.0	0.0
235	414.0	0.0
236	1588.8	0.0
237	1690.8	0.0
238	1153.2	0.0
239	2893.2	0.0
240	578.4	0.0
241	108.0	0.0
242	2559.6	0.0
243	1304.4	0.0
244	1128.0	0.0
245	1228.8	0.0
246	2893.2	0.0
247	108.0	0.0
248	633.6	0.0
249	2112.0	0.0
250	50000.0	1.3102934800863406e-06
251	50000.0	6.664646447369764e-07
252	50000.0	1.5449604241564405e-06
253	50000.0	1.0001860263295165e-06
254	50000.0	1.5166315687650126e-06
255	50000.0	3.2092340105219206e-06
256	50000.0	8.700756605090059e-07
257	50000.0	6.318407244887466e-07
258	50000.0	1.3914236372829423e-06
259	50000.0	3.7587651289855966e-07
260	50000.0	1.1464190709673352e-06
261	50000.0	1.195812917874796e-06
262	50000.0	1.7302732799045667e-06
263	50000.0	6.11281075857532e-07
264	50000.0	6.979445412125229e-07
265	45510.0	7.101668427390097e-07
266	50000.0	5.891126004306145e-07
267	50000.0	7.066510574572165e-07
268	50000.0	2.9921797056880714e-06
269	50000.0	4.529404430099104e-07
270	50000.0	3.5951108132525946e-07
271	50000.0	3.685616008282454e-07
272	50000.0	9.361842777373572e-08
273	50000.0	1.2579460480571243e-06
274	50000.0	4.068816747143477e-06
275	50000.0	1.4619240572138117e-06
276	50000.0	5.053603486433425e-07
277	50000.0	7.292286802133394e-07
278	50000.0	6.331246695918562e-07
279	50000.0	7.677667279782002e-07
280	50000.0	1.4668926765784083e-06
281	50000.0	1.618611430636667e-06
282	50000.0	8.151180638496672e-07
283	50000.0	5.409057735566507e-07
284	50000.0	7.247582774058793e-07
285	50000.0	7.409273353629199e-07
286	50000.0	4.4463228306360693e-07
287	50000.0	1.8549324781305529e-06
288	50000.0	3.3428529953937767e-07
289	50000.0	1.02461186228867e-06
290	50000.0	2.976615183599906e-06
291	50000.0	2.137281038321184e-06
292	50000.0	4.610490585199854e-07
293	50000.0	2.305143512891354e-06
294	50000.0	4.207804676582631e-07
295	50000.0	1.5143406114049166e-06
296	50000.0	8.686520051907127e-07
297	50000.0	1.1449667101871665e-06
298	50000.0	6.423549493869196e-07
299	50000.0	7.833325588173487e-07
300	2456.4	0.0
301	50000.0	92.94000000303544
302	50000.0	35.35000000390506
303	50000.0	3.8200000061280655
304	50000.0	21.75000000434796
305	50000.0	64.79000000491264
306	50000.0	54.07000000455274
307	1432.8	0.0
308	50000.0	22.63000000564285
309	50000.0	15.540000004698351
310	1740.0	0.0
311	50000.0	396.0400000064107
312	50000.0	128.1100000052631
313	2283.6	0.0
314	50000.0	311.01000000497527
315	2457.6	0.0
316	50000.0	29.260000004403434
317	3086.4	0.0
318	50000.0	43.19000000651211
319	50000.0	1000.0000000036547
320	50000.0	290.9700000050867
321	1629.6	0.0
322	1693.2	0.0
323	1624.8	0.0
324	50000.0	412.9200000051046
325	50000.0	216.9400000064269
326	50000.0	117.50000000622686
327	50000.0	53.48000000454979
328	50000.0	7.780000003924533
329	50000.0	72.60000000412683
330	1452.0	0.0
331	50000.0	14.650000002997128
332	1918.8	0.0
333	50000.0	10.210000005457022
334	50000.0	39.06000000660937
335	1710.0	0.0
336	50000.0	263.2000000039456
337	50000.0	14.140000005844204
338	50000.0	42.42000000605272
339	50000.0	2.350000005984543
340	1501.2	0.0
341	2307.6	0.0
342	50000.0	675.0100000044246
343	1608.0	0.0
344	1995.6	0.0
345	1317.6	0.0
346	50000.0	56.81000000480763
347	50000.0	42.09000000377201
348	50000.0	45.790000005505085
349	1837.2	0.0
350	50000.0	2.7757201779003846e-08
351	17810.4	1.0861970093476753e-08
352	36227.6	0.3299771716900778
353	27348.4	0.11481110047782347
354	31630.8	1.3188934690549229e-08
355	26975.2	1.6112496182517255e-08
356	31594.8	2.1591382886503753e-08
357	26994.4	1.2737159128720582e-08
358	50000.0	4.121496819348097e-08
359	13172.8	1.0324454954253848e-08
360	27002.8	1.8789332150816017e-08
361	13121.2	9.150800166575368e-09
362	27000.4	1.069377600218049e-08
363	36182.0	1.4874028379508679e-08
364	36203.6	2.7651501845153525e-08
365	13201.6	8.691779906597591e-09
366	31642.8	1.831276996501629e-08
367	40825.6	2.995228007106838e-08
368	45388.8	2.3117940054491502e-08
369	13183.6	1.5069206445650437e-08
370	31576.8	1.8211360375631798e-08
371	17858.4	1.1325437797711407e-08
372	31578.0	1.9723864244001103e-08
373	17712.0	9.384410646460775e-09
374	36150.8	1.6225375317686045e-08
375	17737.2	8.438326837870753e-09
376	27001.6	1.8673268970834777e-08
377	31611.6	4.259013178235364e-08
378	31588.8	1.4698983654571022e-08
379	3930.0	7.4030700355789086e-09
380	8552.0	8.293730588668042e-09
381	17761.2	9.782192822828974e-09
382	31585.2	3.5374953612646985e-08
383	36220.4	1.770314236060955e-08
384	22426.4	2.2802921093568004e-08
385	22341.2	1.003732828314779e-08
386	31641.6	2.1035522217180846e-08
387	36184.4	1.5797615464339647e-08
388	36212.0	0.03483817267075729
389	27040.0	3.5944539577161134e-08
390	40807.6	1.767589050465222e-08
391	13147.6	9.1172936367822e-09
392	36209.6	1.2916324853753836e-08
393	8511.2	8.422314956543344e-09
394	22449.2	2.1157929154816398e-08
395	13171.6	1.2219393722576469e-08
396	27014.8	1.5677083319233525e-08
397	22403.6	1.1561487873206649e-08
398	17842.8	1.0900491333710612e-08
399	31582.8	2.810472374035138e-08
400	3889.2	7.85161329762878e-09
401	3949.2	8.216547691068415e-09
402	4012.8	7.708847560942916e-09
403	3997.2	7.883697875525037e-09
404	3901.2	7.749837787235734e-09
405	8628.8	8.80887278252114e-09
406	4068.0	8.040283301915665e-09
407	3948.0	8.46924114501708e-09
408	4179.6	7.103443649329096e-09
409	3998.4	8.09703624246997e-09
410	8486.0	8.418886740628534e-09
411	8537.6	1.052724848437197e-08
412	4012.8	7.0927246183227405e-09
413	4298.4	7.545863944126342e-09
414	3958.8	8.037049807662623e-09
415	4075.2	8.322236679232909e-09
416	17664.0	9.656312480295806e-09
417	4030.8	7.419867545243063e-09
418	3902.4	8.195824765750739e-09
419	4004.4	8.577883151454422e-09
420	3968.4	8.47298879089728e-09
421	3964.8	7.981845603394659e-09
422	3992.4	7.578124804377414e-09
423	4086.0	7.905964535178158e-09
424	3976.8	8.162510566779526e-09
425	3939.6	8.241678663798593e-09
426	3914.4	8.334196980292138e-09
427	13188.4	8.931632483881377e-09
428	4040.4	8.72521879007282e-09
429	4048.8	7.182583923275725e-09
430	8546.0	1.0599739373273598e-08
431	3969.6	8.256792701298707e-09
432	3933.6	8.150657945159776e-09
433	3950.4	7.599501382134126e-09
434	4004.4	7.988534723981798e-09
435	4060.8	7.884748209212674e-09
436	3908.4	8.314678296112194e-09
437	4012.8	8.413904908551925e-09
438	8523.2	9.489005766387814e-09
439	4020.0	8.042059406087918e-09
440	4086.0	7.182628971982271e-09
441	3848.4	7.810089622480076e-09
442	3841.2	8.219413715803911e-09
443	8558.0	2.0904181987363498e-08
444	4064.4	8.122923011901516e-09
445	4012.8	8.712273818045868e-09
446	4083.6	7.503400924836301e-09
447	4059.6	8.148570967278159e-09
448	22286.0	1.2684306054250266e-08
449	4002.0	7.502555885806729e-09
450	13268.8	1.6061747158185167e-08
451	4191.6	6.8585574408363525e-09
452	4080.0	8.122579684040066e-09
453	40787.2	2.0486697791516442e-08
454	13408.0	1.0454411773247817e-08
455	17853.6	1.0679648907927617e-08
456	13240.0	8.348094472982605e-09
457	31640.4	2.0999810788463562e-08
458	36215.6	2.6385231071380143e-08
459	31599.6	1.4258680151701223e-08
460	4117.2	7.664284781647605e-09
461	13342.0	8.870153997108541e-09
462	4066.8	7.456945674605553e-09
463	17932.8	1.1746456436774506e-08
464	4027.2	8.807602306024754e-09
465	8728.4	7.65145361901017e-09
466	8709.2	8.981151284031152e-09
467	27082.0	1.5282852117313588e-08
468	22404.8	1.51098525796616e-08
469	4128.0	7.021594552209095e-09
470	13164.4	9.613858244037058e-09
471	4016.4	8.222805865999985e-09
472	45402.0	3.707447294152305e-08
473	4059.6	7.051200677488947e-09
474	50000.0	3.49367374146857e-08
475	4196.4	8.118791862527202e-09
476	13300.0	9.20144878299469e-09
477	4383.6	7.73557903311758e-09
478	4110.0	7.456023348171442e-09
479	8811.2	9.529957007834346e-09
480	13408.0	6.152895030933288e-07
481	13303.6	8.766960063291652e-09
482	4042.8	7.175967107022722e-09
483	4063.2	7.255017759070474e-09
484	4111.2	7.272962365925169e-09
485	4052.4	7.095515234068805e-09
486	22458.8	2.4504488586009073e-08
487	4054.8	7.046207595919026e-09
488	4326.0	7.480228995267662e-09
489	4158.0	7.666512480511862e-09
490	4080.0	7.208220404373617e-09
491	4209.6	7.57110465333746e-09
492	4272.0	8.109265940021813e-09
493	4128.0	8.000661994703705e-09
494	4254.0	8.364116990537695e-09
495	4039.2	7.065818513851713e-09
496	4891.2	7.83695899797917e-09
497	4174.8	7.762987882052258e-09
498	4167.6	7.709102971430208e-09
499	4186.8	7.141305154647513e-09
500	3675.6	8.32725769411955e-09
501	3535.2	7.659910337028497e-09
502	8211.2	7.913390668668207e-09
503	3666.0	8.259818351478283e-09
504	3470.4	8.017742506803797e-09
505	3464.4	7.458142672403584e-09
506	3604.8	7.87229762180477e-09
507	3639.6	7.168726733160698e-09
508	3664.8	7.651489609109061e-09
509	8202.8	9.42573240951964e-09
510	22184.0	1.0655182493504067e-08
511	3819.6	7.899116488861152e-09
512	3525.6	7.4058638509436144e-09
513	3595.2	7.542986101787622e-09
514	3646.8	8.398190842824268e-09
515	3798.0	8.72055950596477e-09
516	8230.4	8.860774496347362e-09
517	3504.0	8.538188836440925e-09
518	3604.8	8.580888726957469e-09
519	3494.4	7.283978787555672e-09
520	8099.6	9.768211000866246e-09
521	3478.8	8.107425025260161e-09
522	3411.6	8.159561666878629e-09
523	3512.4	7.685284752084238e-09
524	8290.4	8.653992828141618e-09
525	3722.4	7.575534583247212e-09
526	3706.8	8.562058780672293e-09
527	8262.8	9.290491366826378e-09
528	8186.0	1.0168665940034118e-08
529	8249.6	1.1577450598238896e-08
530	3540.0	8.36709445275866e-09
531	8165.6	8.422156653244964e-09
532	3552.0	8.001963919317967e-09
533	3579.6	8.404615381377886e-09
534	8318.0	8.477678349686288e-09
535	3603.6	8.087183648816681e-09
536	3484.8	8.094205315429455e-09
537	3465.6	8.479717870044868e-09
538	3620.4	7.267891036066462e-09
539	3540.0	8.15311161733755e-09
540	3562.8	8.29175802599594e-09
541	8238.8	9.145714864445178e-09
542	3350.4	7.726940988169646e-09
543	3576.0	7.843604586169939e-09
544	3633.6	9.059162110288366e-09
545	8613.2	1.0476351422286593e-08
546	3855.6	7.762197631008659e-09
547	3476.4	8.660335139307003e-09
548	3393.6	8.254623004805334e-09
549	3614.4	8.934222786805717e-09
550	36542.0	3.809140830243212e-05
551	36503.6	1.0304822506574707e-06
552	13679.2	4.106934224121695e-05
553	50000.0	0.00035844883520287017
554	4596.0	5.160734771473786e-09
555	4693.2	7.016020094986516e-09
556	50000.0	7.712729439533978e-05
557	4734.0	7.687338805746961e-09
558	50000.0	0.0024849077072503323
559	9275.6	1.8886888749860427e-08
560	4610.4	6.816269810437707e-09
561	9252.8	7.682178393789976e-09
562	9113.6	1.596343993919065e-08
563	4557.6	8.269028590926736e-09
564	50000.0	0.0003269639855810409
565	50000.0	0.004909640998346537
566	50000.0	0.0006177612393660697
567	50000.0	0.0003576657765157209
568	50000.0	0.0010201636960100904
569	45526.8	0.0038767536732410035
570	50000.0	0.003023230992694624
571	50000.0	3.402061389330157e-05
572	50000.0	0.0026775225513115154
573	50000.0	0.00023642991185175247
574	50000.0	0.000819412784883355
575	50000.0	8.238199328806324e-06
576	18322.8	5.600158359781291e-06
577	13554.4	1.1737267396314032e-08
578	50000.0	0.02300040699307042
579	50000.0	7.2839725878446e-05
580	4617.6	6.6002330328674635e-09
581	50000.0	0.00022193561499228012
582	50000.0	0.0002891133652346186
583	50000.0	0.00036879401200539633
584	14285.2	1.0848231671739346e-08
585	50000.0	0.00019422134405405804
586	50000.0	0.0011655593857714472
587	4736.4	5.889704131058217e-09
588	36528.8	5.617991510740282e-05
589	50000.0	0.0002995595109695917
590	18528.0	1.7561572465700884e-05
591	14011.6	3.263026950023524e-08
592	4701.6	6.522884880161671e-09
593	50000.0	0.00796375968125734
594	18541.2	8.582119567940532e-08
595	50000.0	0.0015532383693345243
596	50000.0	0.0005114153010769376
597	45516.0	0.012534662489415418
598	45510.0	3.978068898001507e-06
599	4803.6	6.930320360960738e-09
600	41148.4	9.639417908027255e-07
601	50000.0	1.724536158521119e-06
602	50000.0	3.0426520474668692e-06
603	50000.0	3.0565502243954695e-06
604	50000.0	4.5771150824246737e-07
605	41156.8	2.605049545112705e-07
606	50000.0	1.3200767881410947e-06
607	50000.0	6.699437413118051e-07
608	50000.0	1.9577735586052602e-06
609	50000.0	1.3110279793578756e-06
610	50000.0	2.0030360421252883e-06
611	50000.0	3.5966208706465305e-07
612	50000.0	3.761087472193842e-07
613	45568.8	3.638294601338598e-07
614	50000.0	1.1603718725459665e-06
615	50000.0	1.281454182081296e-06
616	45570.0	2.8494334058159675e-07
617	50000.0	2.9703772894415977e-06
618	45571.2	4.821347239034659e-07
619	50000.0	7.123567344484577e-07
620	50000.0	4.1833177182909045e-06
621	45573.6	2.12237499398023e-07
622	45565.2	1.7134480312379638e-06
623	50000.0	2.4835602297428613e-06
624	50000.0	2.4804239488607067e-06
625	45573.6	6.078720752212221e-07
626	50000.0	1.1417705077836656e-06
627	50000.0	1.4431874742898762e-06
628	45579.6	2.2766255775983368e-07
629	50000.0	2.7825304368201023e-06
630	50000.0	7.749156569064978e-07
631	50000.0	3.284421677627759e-06
632	50000.0	5.287840834217734e-07
633	50000.0	6.617643168697685e-07
634	45565.2	5.871202536426936e-07
635	50000.0	1.6333902763785195e-06
636	50000.0	3.5826561464545214e-07
637	50000.0	6.216378834705845e-07
638	50000.0	1.7629584720776666e-06
639	50000.0	4.135220554268244e-07
640	50000.0	7.160627272791478e-07
641	50000.0	4.6300480774958104e-07
642	45556.8	4.587614138091206e-07
643	50000.0	8.874115836740729e-07
644	45584.4	6.661053731071807e-07
645	50000.0	2.991274045461532e-06
646	50000.0	1.0530078256890548e-06
647	50000.0	4.811116223306613e-07
648	50000.0	1.4239513406767547e-06
649	50000.0	1.15959407882712e-06
650	3544.8	7.92706930576137e-09
651	3577.2	8.345660177774348e-09
652	3516.0	8.460391812314549e-09
653	3421.2	8.133511412449338e-09
654	3415.2	7.608982223560474e-09
655	3544.8	6.89280147506527e-09
656	3469.2	7.657013208684865e-09
657	3465.6	6.838348849423464e-09
658	3562.8	7.577579975562588e-09
659	3453.6	8.183591333524832e-09
660	3560.4	7.189241530662356e-09
661	3542.4	7.387307726794675e-09
662	3372.0	6.7927213243699424e-09
663	3511.2	8.522580380797665e-09
664	3547.2	7.241104261328814e-09
665	3493.2	8.18346711101598e-09
666	3740.4	7.283673822292938e-09
667	3765.6	8.014759106124808e-09
668	3496.8	6.92611436830835e-09
669	3702.0	8.036687415094297e-09
670	3420.0	7.706986236404465e-09
671	3417.6	7.427540003621295e-09
672	3400.8	8.096113715862136e-09
673	3495.6	7.517171492109907e-09
674	3627.6	8.02339091602378e-09
675	3565.2	7.653939782882358e-09
676	3501.6	8.524333865764167e-09
677	3633.6	6.871072953927487e-09
678	3484.8	8.080620796028758e-09
679	3494.4	8.517376371719201e-09
680	3324.0	7.339991241501628e-09
681	3428.4	8.068429053624327e-09
682	3553.2	7.069620455200204e-09
683	3584.4	8.092843262318422e-09
684	3525.6	7.166869439665957e-09
685	3397.2	7.844737923111034e-09
686	3484.8	8.643240619931242e-09
687	3615.6	7.178812482722608e-09
688	3446.4	8.888062518045876e-09
689	3466.8	7.920603758086675e-09
690	3352.8	7.795512132007301e-09
691	3590.4	7.859281764922609e-09
692	3463.2	7.920693169567082e-09
693	3556.8	7.691507863582636e-09
694	3590.4	7.539440897958059e-09
695	3418.8	8.072164307317995e-09
696	3628.8	7.244785333471861e-09
697	3518.4	8.567391698656006e-09
698	3681.6	6.980751830626204e-09
699	3483.6	8.378884482535307e-09
700	50000.0	0.8296958373665785
701	50000.0	0.32970130983785867
702	50000.0	0.37052300544912536
703	50000.0	1.1528823266172286
704	50000.0	0.9748688604764212
705	50000.0	1.3074930445076156
706	50000.0	0.20719333960569458
707	50000.0	0.5619349664468551
708	50000.0	1.255643506262432
709	50000.0	1.0875490819045848
710	50000.0	0.2893984483544726
711	50000.0	0.1462617222828535
712	45399.6	0.1387542007881953
713	50000.0	1.821561292970219
714	50000.0	0.1686399616786421
715	50000.0	0.44862679946236755
716	50000.0	0.3869969264858617
717	50000.0	0.4286153879333498
718	45376.8	1.692930519162609
719	50000.0	0.39125206160673076
720	50000.0	1.3840207912479066
721	50000.0	0.3912859366571007
722	45402.0	0.338381340375771
723	50000.0	0.2043603068966422
724	50000.0	1.0248706474672977
725	45343.2	0.6966901757291931
726	50000.0	1.6825609768328433
727	50000.0	0.4383821911589654
728	50000.0	1.1915108748595622
729	45396.0	0.9100516660034808
730	50000.0	0.3242400474792552
731	50000.0	1.7735877759379934
732	50000.0	0.6688658194866548
733	45367.2	0.4505926644949053
734	50000.0	0.678663447656953
735	50000.0	1.1215518565523621
736	50000.0	0.6585416062708151
737	50000.0	0.40099212358821035
738	50000.0	0.3383329031356645
739	50000.0	2.755064451199018
740	50000.0	0.9294814954927257
741	50000.0	0.44942617977752414
742	50000.0	0.8151008484065244
743	50000.0	0.9200940149818309
744	50000.0	0.6360178294152126
745	45363.6	1.4249803513451862
746	50000.0	2.3196844397758047
747	50000.0	0.6901092385470415
748	50000.0	1.7820422428951885
749	50000.0	0.7672496634154047
750	50000.0	2.7034486196640435
751	50000.0	3.1342330029576053
752	50000.0	2.548646352219108
753	50000.0	3.800194328845346
754	50000.0	5.122699027211861
755	50000.0	4.662771077613092
756	50000.0	2.8503999871586014
757	50000.0	2.281316300650217
758	50000.0	2.4013097279991213
759	50000.0	4.708706847309371
760	50000.0	2.3925823040067256
761	50000.0	3.010130701212219
762	50000.0	2.1814085158783056
763	50000.0	4.620093700383737
764	50000.0	5.003153496004748
765	50000.0	2.1857128307534035
766	50000.0	3.0793447031452432
767	50000.0	4.3333570205920875
768	50000.0	4.154340959044571
769	50000.0	4.342077999029924
770	50000.0	5.36841579113622
771	50000.0	2.45029637974156
772	50000.0	3.001650599279666
773	50000.0	2.003623405922801
774	50000.0	4.432398510022527
775	50000.0	2.2676069963809042
776	50000.0	4.533397770904444
777	50000.0	2.6281107153220704
778	50000.0	3.420276585021578
779	50000.0	4.874799734169973
780	50000.0	2.061792250048052
781	50000.0	5.525941082455129
782	50000.0	4.6437273251621125
783	50000.0	2.739297929761306
784	50000.0	3.001820562549967
785	50000.0	4.340939563003047
786	50000.0	3.276828766863898
787	50000.0	4.420268532732386
788	50000.0	4.344536484003007
789	50000.0	3.25879141434905
790	50000.0	4.527112531917515
791	50000.0	3.531053004095088
792	50000.0	2.906147185152684
793	50000.0	1.7309684699475703
794	50000.0	2.2837425823554276
795	50000.0	3.090630772504272
796	50000.0	4.435648621762562
797	50000.0	5.828464573128736
798	50000.0	4.6577614154192934
799	50000.0	3.150936540074891
800	50000.0	5.349689432988426
801	50000.0	7.190601226001606
802	50000.0	3.095102446673783
803	50000.0	6.7141403009365295
804	50000.0	10.24399119041314
805	50000.0	5.7285147631180635
806	50000.0	5.203129182628473
807	50000.0	6.150607243859418
808	50000.0	7.194100318830396
809	50000.0	14.000430098725777
810	50000.0	7.644728586786192
811	50000.0	9.236049691960448
812	50000.0	10.14878378576033
813	50000.0	9.092008153043874
814	50000.0	9.484178970960738
815	50000.0	7.042883781163861
816	50000.0	14.772844109133615
817	50000.0	8.803406228234321
818	50000.0	8.976462384238777
819	50000.0	10.296492685803573
820	50000.0	6.614153239774735
821	50000.0	9.226595913105584
822	50000.0	7.1572629877882274
823	50000.0	2.1289624488634304
824	50000.0	7.353469556610934
825	50000.0	7.4081537225631875
826	50000.0	6.9845594989375
827	50000.0	3.4460973267622967
828	50000.0	6.57416773345592
829	50000.0	4.109085743124018
830	50000.0	5.534313079331748
831	50000.0	7.502770584979475
832	50000.0	4.626351968575636
833	50000.0	4.061560498634899
834	50000.0	2.318229365562658
835	50000.0	3.296352772740339
836	50000.0	9.03381381764588
837	50000.0	4.771958516678845
838	50000.0	13.890090314733513
839	50000.0	3.182917404620542
840	50000.0	6.022465709527184
841	50000.0	5.34631294044515
842	50000.0	7.8307928902596045
843	50000.0	4.6607100008335305
844	50000.0	6.0799660167005944
845	50000.0	14.83662192621124
846	50000.0	8.788874065163913
847	50000.0	7.080358882654409
848	50000.0	6.297729859190909
849	50000.0	6.6082088224646
850	50000.0	22.24755894892111
851	50000.0	27.135692609091556
852	50000.0	4.530196399961866
853	50000.0	25.978982319788194
854	50000.0	31.773806296549235
855	50000.0	19.991567424178516
856	50000.0	20.574170256749376
857	50000.0	26.628191531022924
858	50000.0	29.858115552103698
859	50000.0	53.0805438488243
860	50000.0	25.8984634073812
861	50000.0	35.37105908830736
862	50000.0	20.50053065421187
863	50000.0	24.74653601845964
864	50000.0	33.30568670016227
865	50000.0	21.613547272797376
866	50000.0	45.92054398745441
867	50000.0	23.462286054596852
868	50000.0	23.18260026422384
869	50000.0	20.155400498922198
870	50000.0	28.37478934665565
871	50000.0	35.469205227228805
872	50000.0	14.108475526957289
873	50000.0	11.770216591599226
874	50000.0	17.389110356125734
875	50000.0	16.207306242391354
876	50000.0	13.126794701551699
877	50000.0	9.988804478351181
878	50000.0	24.776103790929188
879	50000.0	11.865583866790631
880	50000.0	20.462182683952467
881	50000.0	27.931951164107346
882	50000.0	16.911869389775198
883	50000.0	11.412622476576143
884	50000.0	8.577670439694916
885	50000.0	11.265191370012374
886	50000.0	27.919028240593313
887	50000.0	18.284766217650436
888	50000.0	38.56039536125504
889	50000.0	13.690320739995311
890	50000.0	9.644027355244187
891	50000.0	22.775075204138854
892	50000.0	19.342348951393227
893	50000.0	16.88067194549384
894	50000.0	25.606610832838573
895	50000.0	44.7521980636872
896	50000.0	24.88990266120555
897	50000.0	23.161849889323793
898	50000.0	18.95878088577882
899	50000.0	20.385403698882808
900	50000.0	0.04497146397187031
901	50000.0	0.07107644650673403
902	50000.0	0.05312575472429195
903	50000.0	0.022313967750268126
904	50000.0	0.052419113814756814
905	50000.0	0.05075008901879716
906	45259.2	0.02704447099363403
907	45225.6	0.03354120670212524
908	50000.0	0.044413544814011274
909	50000.0	0.028463213791222054
910	45968.4	0.039325263895300645
911	50000.0	0.07931167958892046
912	50000.0	0.05311371824620999
913	50000.0	0.07990712684188139
914	45296.4	0.04906335840918121
915	50000.0	0.05645018148031102
916	50000.0	0.05957028143814895
917	50000.0	0.01953396172796058
918	50000.0	0.05495532229207019
919	50000.0	0.07655226080273181
920	50000.0	0.07435924411474168
921	50000.0	0.07578789499946659
922	50000.0	0.06905205455279387
923	50000.0	0.03419280615999813
924	50000.0	0.05598310792821994
925	50000.0	0.050821276660435365
926	50000.0	0.05469562507625749
927	50000.0	0.06371553168868083
928	50000.0	0.04194091582398851
929	50000.0	0.07782159539397
930	50000.0	0.05887678714162359
931	50000.0	0.0370651584677395
932	50000.0	0.05484309522389737
933	50000.0	0.047907897319421446
934	50000.0	0.03826898128930214
935	49555.2	0.028216834545021108
936	50000.0	0.03841195282069219
937	50000.0	0.02797880453594299
938	45710.4	0.04140258051328001
939	50000.0	0.08372201317365846
940	50000.0	0.05562594418751754
941	50000.0	0.06681546157013987
942	50000.0	0.06648581442512694
943	50000.0	0.04887607249057844
944	45252.0	0.03805322623132934
945	50000.0	0.04194195516540215
946	50000.0	0.09212947949711214
947	50000.0	0.031552182400118055
948	50000.0	0.05580865131795924
949	50000.0	0.052833936677096995
950	50000.0	1.2550559635296896
951	50000.0	1.2550559635296896
952	50000.0	1.2891790107848866
953	50000.0	1.3670185249078168
954	50000.0	1.2301856054342257
955	50000.0	1.2763209300303786
956	50000.0	1.2569307346604717
957	50000.0	1.4125453294306503
958	50000.0	1.2573968216150004
959	50000.0	1.360838219428242
960	50000.0	1.2662332508495706
961	50000.0	1.343867854500279
962	50000.0	1.360838219428242
963	50000.0	1.360838219428242
964	50000.0	1.4174124683451814
965	50000.0	1.456022049535596
966	50000.0	1.3746516466631693
967	50000.0	1.4046809351964398
968	50000.0	1.2573968216150004
969	50000.0	1.3639292483925705
970	50000.0	1.3717885729544608
971	50000.0	1.2891790107848828
972	50000.0	1.2709730774008015
973	50000.0	1.2273306839165075
974	50000.0	1.3639292483925705
975	50000.0	1.159803555370441
976	50000.0	1.2942958991000537
977	50000.0	1.1740241888892553
978	50000.0	1.426128189199686
979	50000.0	1.179018921598796
980	50000.0	1.3778829597584057
981	50000.0	1.1538648562118794
982	50000.0	1.2763209300303786
983	50000.0	1.1740241888892553
984	50000.0	1.456022049535596
985	50000.0	1.4247059037271756
986	50000.0	1.3997530054368164
987	50000.0	1.3154208791982374
988	50000.0	1.2891790107848835
989	50000.0	1.3724870847180524
990	50000.0	1.5224458076889085
991	50000.0	1.4303986685888568
992	50000.0	1.3722910627423792
993	50000.0	1.4247059037271756
994	50000.0	1.5224458076889085
995	50000.0	1.4125453294306503
996	50000.0	1.4467341325978502
997	50000.0	1.3668035948106971
998	50000.0	1.3164622293932744
999	50000.0	1.4774792682228508
1000	50000.0	0.7322979899475379
1001	50000.0	1.2452746008022486
1002	50000.0	6.490290168729908
1003	50000.0	5.9456698659059715
1004	50000.0	1.245843783649661
1005	45181.2	2.6429783252138854
1006	50000.0	2.6193124485081922
1007	45813.6	0.8928732660762977
1008	50000.0	2.7045556980698757
1009	50000.0	2.446645491033709
1010	45165.6	5.800905693269558
1011	50000.0	4.397444380379089
1012	50000.0	1.6981922373947937
1013	50000.0	3.128740811547892
1014	50000.0	1.9435358128027862
1015	2383.2	5.989431660565701e-09
1016	50000.0	1.2452555364638624
1017	7078.4	3.3706800391209196e-07
1018	50000.0	1.937812270081531
1019	45174.0	4.736523303955117
1020	50000.0	6.208978283832003
1021	50000.0	5.937886341311051
1022	40928.8	5.274428549316982
1023	50000.0	0.691856911373314
1024	50000.0	1.0614761781693924
1025	8476.4	1.421704437122664e-07
1026	40979.2	3.965909533815065
1027	5812.8	6.064832590429869e-09
1028	50000.0	5.512366059069798
1029	35853.6	0.3736591892235853
1030	45181.2	3.1804312721829318
1031	50000.0	0.6925423232315293
1032	50000.0	2.8549638495502903
1033	50000.0	1.593752124299027
1034	50000.0	1.9324713989447393
1035	6580.4	1.841534298506476e-05
1036	1606.8	6.4145875653882485e-09
1037	50000.0	3.1492902824109885
1038	16080.4	3.491912374227601e-06
1039	50000.0	4.892525454951793
1040	50000.0	1.2887185975140645
1041	40348.0	5.923461095385073
1042	50000.0	4.162256386206435
1043	50000.0	1.945644566032864
1044	21846.0	1.1156074370341044e-06
1045	50000.0	2.118638726137236
1046	40968.4	1.9994711318808818
1047	50000.0	1.2453032407815183
1048	50000.0	4.267260963877979
1049	50000.0	1.9094804897823408
1050	45224.4	8.088405394298068
1051	8259.6	5.656075340729982e-09
1052	50000.0	2.39990272378538
1053	32790.0	0.19550159887381613
1054	50000.0	7.031406109393037
1055	35482.4	2.776260502477489
1056	50000.0	0.6942537049057368
1057	27215.2	3.3697637727331325e-08
1058	50000.0	5.678542232367997
1059	50000.0	1.9549988596412216
1060	21058.4	0.19578711079528932
1061	50000.0	7.24553623607284
1062	50000.0	0.9452125181138824
1063	50000.0	11.125618450524664
1064	50000.0	24.583010924403222
1065	50000.0	1.3162682976856268
1066	50000.0	0.6930488196554652
1067	50000.0	2.5905477302188737
1068	50000.0	10.931765119897502
1069	50000.0	9.165180337497187
1070	28324.8	1.1125622193114055
1071	50000.0	1.9550338598139994
1072	45322.0	1.4468302242612971
1073	50000.0	13.892554637324793
1074	50000.0	2.529115688803214
1075	50000.0	2.9385909652279194
1076	45170.4	11.171629439195707
1077	49380.0	11.746202815348749
1078	20991.2	2.5925341437728365e-05
1079	23747.2	0.19565607883397335
1080	50000.0	8.165888164257268
1081	45200.4	1.1989736762612804
1082	50000.0	0.6219426517565958
1083	39000.4	0.2199695574326975
1084	50000.0	0.8839002280502475
1085	45186.0	1.7595043013362077
1086	50000.0	1.9549988595563792
1087	50000.0	0.6918569120633695
1088	50000.0	0.691856911491849
1089	43034.8	0.19552838733217068
1090	50000.0	2.5905477311053424
1091	18936.0	0.11223053824205134
1092	50000.0	4.078524203946979
1093	40184.0	0.4151615539933092
1094	50000.0	6.200532474261375
1095	41194.0	5.49757246674177e-07
1096	50000.0	0.696179985701315
1097	50000.0	7.271629193797665
1098	37132.0	0.018195317731701084
1099	50000.0	8.338475526324007
1100	50000.0	0.10556252543991203
1101	50000.0	0.05759467518658986
1102	50000.0	0.11683262098886094
1103	50000.0	0.08260756828457501
1104	50000.0	0.14659877186036754
1105	50000.0	0.12799382099440668
1106	50000.0	0.24099255191567467
1107	50000.0	0.1426161475596696
1108	50000.0	0.2167728064119256
1109	50000.0	0.13771650317785517
1110	50000.0	0.2993272265998799
1111	50000.0	0.19313822260008062
1112	50000.0	0.22525920419057233
1113	50000.0	0.14278540831293565
1114	50000.0	0.17555399590042278
1115	50000.0	0.13316690599589595
1116	50000.0	0.19990206422974854
1117	50000.0	0.11421741097861422
1118	50000.0	0.18296860321998915
1119	50000.0	0.11237085626365362
1120	50000.0	0.10393972723890807
1121	50000.0	0.10610615826564496
1122	50000.0	0.11010748104719048
1123	50000.0	0.09592275609330878
1124	50000.0	0.04998316975322992
1125	50000.0	0.061887648860750745
1126	50000.0	0.16563426046327717
1127	50000.0	0.1034608728250161
1128	50000.0	0.16631694246224354
1129	50000.0	0.23604324567339816
1130	50000.0	0.06695486777674751
1131	50000.0	0.07796321964876812
1132	50000.0	0.27306381565121907
1133	50000.0	0.16657444718996933
1134	50000.0	0.12545270733226682
1135	50000.0	0.10281160199124581
1136	50000.0	0.22498947695887858
1137	50000.0	0.12070119109114061
1138	50000.0	0.07606377541098093
1139	50000.0	0.2101309344811181
1140	50000.0	0.05214945971711691
1141	50000.0	0.19775198112429962
1142	50000.0	0.17795313524827314
1143	50000.0	0.196038267978577
1144	50000.0	0.15169725761597136
1145	50000.0	0.27524970321508796
1146	50000.0	0.09587291721028401
1147	50000.0	0.25461357398955375
1148	50000.0	0.09169850677217911
1149	50000.0	0.06311090582412952
1150	50000.0	6.710229671276747
1151	50000.0	4.634680549848158
1152	50000.0	4.569630563634289
1153	50000.0	1.590681116990766
1154	50000.0	7.169884825803176
1155	50000.0	1.600651608320873
1156	50000.0	3.367566890339485
1157	50000.0	8.083830338486592
1158	50000.0	2.9630754728889825
1159	50000.0	7.2824209444214985
1160	50000.0	4.064112667566299
1161	50000.0	5.319982036639793
1162	50000.0	8.64911665827322
1163	50000.0	2.369149922340438
1164	50000.0	3.056898359764397
1165	50000.0	2.1966285906348073
1166	50000.0	2.112570319761207
1167	50000.0	1.6020444622209453
1168	50000.0	6.609199035979925
1169	50000.0	4.539839274267999
1170	50000.0	4.825772721202812
1171	50000.0	5.088297665971188
1172	50000.0	1.5068122253947
1173	50000.0	6.2697995047597495
1174	50000.0	7.063091540857317
1175	50000.0	5.270874104994425
1176	50000.0	1.3156364014494357
1177	50000.0	1.1492085356683184
1178	50000.0	2.969035922669636
1179	50000.0	1.019353923026901
1180	50000.0	8.315552530417888
1181	50000.0	7.237499634834639
1182	50000.0	1.9034746216411194
1183	50000.0	9.469239739250494
1184	50000.0	1.4098843071404186
1185	50000.0	5.163761157510262
1186	50000.0	8.091259425435256
1187	50000.0	7.769713122908347
1188	50000.0	2.3702422997713777
1189	50000.0	2.4120972458669216
1190	50000.0	3.855636191056793
1191	50000.0	4.177001304633828
1192	50000.0	1.4082071519707222
1193	50000.0	4.9171356908956785
1194	50000.0	8.598014600662825
1195	50000.0	2.2649501880173846
1196	50000.0	2.3836057008898335
1197	50000.0	1.717356559875603
1198	50000.0	9.084094501342507
1199	50000.0	3.12672012918936
