	0	1
0	1074.0	7.520824897356854e-09
1	1039.2	6.557062427695837e-09
2	1120.8	6.889704932043281e-09
3	1131.6	7.293469245142059e-09
4	1094.4	7.508267308556978e-09
5	1083.6	7.524933542933635e-09
6	1071.6	7.192010014211857e-09
7	1032.0	7.099614790663814e-09
8	1075.2	6.548372145127563e-09
9	1102.8	6.3606528045745305e-09
10	1093.2	7.168812342972525e-09
11	1092.0	7.639257250690208e-09
12	1064.4	8.320987626301814e-09
13	1057.2	8.43007173112839e-09
14	1057.2	8.249547254824872e-09
15	1134.0	7.06197337160418e-09
16	1040.4	7.365366034471918e-09
17	1098.0	6.764738174379698e-09
18	1087.2	7.1124996607388e-09
19	1075.2	7.604513893382406e-09
20	1082.4	7.580162476249575e-09
21	1080.0	7.216918259668964e-09
22	1111.2	7.645009418717939e-09
23	1069.2	6.895277154238652e-09
24	1051.2	7.035956287048542e-09
25	1084.8	7.9283307963304e-09
26	1088.4	7.762146596074154e-09
27	1054.8	7.394202357623779e-09
28	1117.2	7.819357877258891e-09
29	1063.2	6.375648681804127e-09
30	1035.6	6.416544050310325e-09
31	1083.6	8.322083260111754e-09
32	1096.8	7.624783406112677e-09
33	1078.8	8.131495666058344e-09
34	1054.8	7.60393325651509e-09
35	1029.6	6.616621633796707e-09
36	1078.8	7.941862080657261e-09
37	1100.4	6.962799961272494e-09
38	1075.2	7.501040214738345e-09
39	1084.8	7.818123383620233e-09
40	1125.6	7.861657940272135e-09
41	1095.6	7.562588770311035e-09
42	1096.8	7.0401061972750764e-09
43	1101.6	7.3299203343863956e-09
44	1092.0	6.9888475005795094e-09
45	1117.2	6.9212400148733815e-09
46	1105.2	6.9677224688148574e-09
47	1060.8	8.57975584378803e-09
48	1042.8	7.576542647321855e-09
49	1118.4	7.280676160453324e-09
50	2377.2	8.494107542230124e-09
51	2134.8	7.578382373910237e-09
52	1980.0	6.730982205051006e-09
53	2246.4	7.924850343657162e-09
54	2262.0	7.376114562080116e-09
55	2365.2	8.105369665430718e-09
56	2118.0	7.91116561580947e-09
57	2263.2	5.936470502630446e-09
58	2208.0	7.039776593658488e-09
59	2289.6	6.955756577072029e-09
60	2114.4	8.01024290582319e-09
61	2296.8	7.063894652857899e-09
62	2235.6	7.91451496927897e-09
63	2233.2	6.675779154398088e-09
64	2176.8	8.043755441198958e-09
65	2238.0	8.153347267014802e-09
66	2259.6	6.4874322745621325e-09
67	2119.2	6.3764378169161025e-09
68	2307.6	6.441305930747334e-09
69	2176.8	7.102941514070676e-09
70	2157.6	7.717370762473752e-09
71	2242.8	7.904530547616465e-09
72	2210.4	7.842854131547866e-09
73	2091.6	7.129953731673788e-09
74	2251.2	6.597082249421272e-09
75	2361.6	8.422444201559318e-09
76	2354.4	7.892436434049537e-09
77	2446.8	7.067699983211609e-09
78	2259.6	6.377701497872109e-09
79	2233.2	7.885404909439913e-09
80	2217.6	7.896720923885083e-09
81	2217.6	7.611221031561262e-09
82	2139.6	7.74436735512957e-09
83	2050.8	6.797478830622163e-09
84	2293.2	7.596573569152948e-09
85	2175.6	7.757740314886883e-09
86	2230.8	7.399210760326831e-09
87	2298.0	7.035906701255201e-09
88	2083.2	6.1897415795802226e-09
89	2694.0	7.634803876505689e-09
90	2086.8	7.62448059983059e-09
91	2196.0	6.362373373646835e-09
92	2420.4	6.955786857252825e-09
93	2302.8	6.797291410389591e-09
94	2088.0	7.642904313915099e-09
95	2217.6	7.580674550315055e-09
96	2173.2	8.431918321144446e-09
97	2122.8	7.785327798183574e-09
98	2184.0	7.78386238610113e-09
99	2137.2	6.957787619920331e-09
100	50000.0	7.064201744089931
101	50000.0	11.640990681893037
102	50000.0	4.676303533539391
103	50000.0	7.064197200965137
104	50000.0	6.666218121252612
105	50000.0	8.357642967622605
106	50000.0	7.565926536836207
107	50000.0	7.56167469155063
108	45138.0	6.168739600729383
109	50000.0	7.661171627657291
110	50000.0	8.15865014864014
111	50000.0	8.457136853660481
112	50000.0	8.915308033985893
113	50000.0	8.15865469176492
114	45154.8	8.059154243361077
115	50000.0	10.134308678528692
116	50000.0	11.24299585667888
117	50000.0	6.467228329505406
118	50000.0	9.352580710235955
119	50000.0	9.05410924239152
120	50000.0	6.268233990089579
121	50000.0	3.7808429056087767
122	50000.0	8.158649136532494
123	50000.0	18.605672774252294
124	50000.0	6.76570794965794
125	50000.0	6.1687401040516905
126	50000.0	12.536451309823615
127	50000.0	4.3778178360828495
128	50000.0	10.569508886163678
129	50000.0	5.472270783757834
130	50000.0	5.173782054522217
131	50000.0	6.666218121252612
132	50000.0	8.95461081322881
133	50000.0	14.924335346094647
134	50000.0	4.47731374179218
135	50000.0	10.845024947564095
136	50000.0	7.860164446639762
137	50000.0	7.263195071398125
138	50000.0	7.9596573251138425
139	50000.0	13.520779650770558
140	50000.0	7.263193555508591
141	50000.0	6.367731411688442
142	50000.0	11.589200746543858
143	50000.0	8.855124012058806
144	50000.0	5.1737840741936605
145	50000.0	5.27327997990299
146	50000.0	7.959661364456764
147	50000.0	5.671260575505051
148	50000.0	4.278321930373513
149	50000.0	10.166957126063402
150	50000.0	12.038983917595342
151	50000.0	12.508454901740667
152	50000.0	10.347560582571088
153	50000.0	10.049071349553568
154	50000.0	11.83998146291433
155	50000.0	12.237974213124474
156	50000.0	13.431896682288675
157	50000.0	10.049060207053115
158	50000.0	8.059157773948005
159	50000.0	18.108184553036295
160	50000.0	12.11134014973872
161	50000.0	10.347556524938494
162	50000.0	18.10820082060952
163	50000.0	13.232924669460363
164	50000.0	10.347558562899636
165	50000.0	12.735444637131852
166	50000.0	13.431917492986653
167	50000.0	6.666218625034527
168	50000.0	17.013737234215995
169	50000.0	12.829321300616954
170	50000.0	13.332410948558792
171	50000.0	10.148562190066482
172	50000.0	17.809674323619753
173	50000.0	14.801087750128193
174	50000.0	10.507754801549613
175	50000.0	8.258151101256155
176	50000.0	10.148565235591443
177	50000.0	8.457140389221466
178	50000.0	13.232928223311045
179	50000.0	12.934427270388909
180	50000.0	7.362690977107457
181	50000.0	14.0288736877667
182	50000.0	18.705159538842917
183	50000.0	13.25356289605472
184	50000.0	9.950629948518934
185	50000.0	14.42687303735247
186	50000.0	16.31724635386483
187	50000.0	13.431909396011168
188	50000.0	6.46722933706923
189	50000.0	11.00725030516686
190	50000.0	8.809500196082219
191	50000.0	12.038974286440624
192	50000.0	13.332427160799478
193	50000.0	6.566723223107127
194	50000.0	13.033923176098238
195	50000.0	12.635947197243244
196	50000.0	11.835423977781513
197	50000.0	10.500227190103415
198	50000.0	8.855125527948315
199	50000.0	13.431913453643762
200	123.6	0.0
201	108.0	0.0
202	105.6	0.0
203	136.8	0.0
204	132.0	0.0
205	111.6	0.0
206	111.6	0.0
207	132.0	0.0
208	108.0	0.0
209	139.2	0.0
210	116.4	0.0
211	120.0	0.0
212	120.0	0.0
213	108.0	0.0
214	114.0	0.0
215	117.6	0.0
216	136.8	0.0
217	123.6	0.0
218	116.4	0.0
219	132.0	0.0
220	146.4	0.0
221	136.8	0.0
222	116.4	0.0
223	123.6	0.0
224	148.8	0.0
225	122.4	0.0
226	139.2	0.0
227	132.0	0.0
228	136.8	0.0
229	114.0	0.0
230	122.4	0.0
231	122.4	0.0
232	111.6	0.0
233	127.2	0.0
234	136.8	0.0
235	141.6	0.0
236	122.4	0.0
237	120.0	0.0
238	117.6	0.0
239	123.6	0.0
240	105.6	0.0
241	108.0	0.0
242	139.2	0.0
243	132.0	0.0
244	141.6	0.0
245	116.4	0.0
246	123.6	0.0
247	108.0	0.0
248	132.0	0.0
249	116.4	0.0
250	1740.0	8.391479619107506e-10
251	1689.6	6.496163689541935e-10
252	1713.6	9.014196685946753e-10
253	1718.4	9.058406594950049e-10
254	1767.6	7.423391543410158e-10
255	1773.6	9.154990463045488e-10
256	1837.2	7.820172232390497e-10
257	1729.2	8.363624576775783e-10
258	1736.4	8.306592289801239e-10
259	1707.6	8.653533971766762e-10
260	1674.0	8.883437190299333e-10
261	1676.4	8.314613710576686e-10
262	1790.4	6.485499699555019e-10
263	1700.4	7.930000558540232e-10
264	1719.6	8.67492471235664e-10
265	1729.2	9.10477676081068e-10
266	1761.6	7.956480457728615e-10
267	1724.4	8.925716204327159e-10
268	1708.8	9.057437952184519e-10
269	1722.0	8.295817502132703e-10
270	1629.6	7.617674737096174e-10
271	1734.0	7.982706286369116e-10
272	1698.0	7.686223663805736e-10
273	1794.0	8.841062201681092e-10
274	1690.8	6.913473423337872e-10
275	1686.0	8.571253244085658e-10
276	1671.6	8.512333942831168e-10
277	1689.6	7.762993258167165e-10
278	1677.6	7.698123842895893e-10
279	1680.0	8.899269331966321e-10
280	1701.6	8.856359456180106e-10
281	1702.8	7.788370925833807e-10
282	1792.8	8.216148495879466e-10
283	1722.0	9.812179266139247e-10
284	1695.6	7.659370972166895e-10
285	1648.8	9.067813631378414e-10
286	1734.0	8.897194375762443e-10
287	1674.0	1.0148655664972521e-09
288	1711.2	7.992215397581416e-10
289	1750.8	7.91626853502475e-10
290	1644.0	9.17096520249304e-10
291	1731.6	9.377566991258015e-10
292	1647.6	8.879851894507781e-10
293	1767.6	8.918724004421282e-10
294	1666.8	8.514682395184777e-10
295	1728.0	8.806057342140398e-10
296	1680.0	8.138144050503079e-10
297	1725.6	6.887453862415463e-10
298	1705.2	9.422259388108858e-10
299	1744.8	8.026581313147855e-10
300	25356.4	0.0
301	50000.0	93.31321611812422
302	50000.0	35.51042001333406
303	50000.0	4.3869918033460635
304	50000.0	21.792129297610636
305	50000.0	65.30732731031486
306	50000.0	54.2727621514771
307	20988.8	0.0
308	50000.0	22.7800269251778
309	50000.0	16.07028031829379
310	30268.8	0.0
311	50000.0	396.7360228508162
312	50000.0	129.50883860282926
313	37620.8	0.0
314	50000.0	311.1475376282725
315	30260.4	0.0
316	50000.0	29.39505223822859
317	46448.4	0.0
318	50000.0	43.55864847610847
319	50000.0	1000.0758116210123
320	50000.0	291.04916926457037
321	40159.6	0.0
322	27883.6	0.0
323	40148.8	0.0
324	50000.0	412.92000000364624
325	50000.0	217.337044165274
326	50000.0	118.21817742896444
327	50000.0	54.03591290699334
328	50000.0	8.030259632660552
329	50000.0	72.79199056710934
330	21016.8	0.0
331	50000.0	14.718746899708645
332	45054.0	0.0
333	50000.0	10.881211874578558
334	50000.0	39.320212956441296
335	29678.8	0.0
336	50000.0	263.3798711446969
337	50000.0	14.505111865998307
338	50000.0	42.52265048885223
339	50000.0	2.7377425175062386
340	25379.2	0.0
341	35181.2	0.0
342	50000.0	675.1416481962656
343	15471.6	0.0
344	30262.8	0.0
345	20759.6	0.0
346	50000.0	57.02695683942028
347	50000.0	42.22496821521572
348	50000.0	45.80615363203001
349	38396.4	0.0
350	6837.2	0.39308395089754056
351	6791.6	0.39308394953644554
352	6921.2	0.3930839501747917
353	2113.2	7.26447559916115e-09
354	21231.2	1.5723357778441032
355	2102.4	8.074646377934495e-09
356	2234.4	6.108022138205227e-09
357	1804.8	7.384915459169947e-09
358	11592.4	0.7861678919928219
359	2119.2	7.172497488762586e-09
360	2248.8	8.026304519089783e-09
361	6663.2	0.39308394937033303
362	6770.0	0.3930839490568626
363	7014.8	0.39308394883257936
364	6749.6	0.3930839489044691
365	11617.6	0.786167893056573
366	11809.6	0.7861678931943922
367	6906.8	0.39308395046526
368	2222.4	7.353992550443365e-09
369	25972.0	1.9654197202797363
370	6840.8	0.39308394947001585
371	30673.2	2.3585036631708323
372	16429.2	1.1792518363803932
373	6857.6	0.39308395067068175
374	6904.4	0.3930839499714053
375	2150.4	8.06000061669357e-09
376	1993.2	7.955491828374587e-09
377	6956.0	0.3930839488841509
378	2095.2	6.908711199547203e-09
379	6815.6	0.39308394913373956
380	2217.6	6.281511033860219e-09
381	6642.8	0.39308395035260385
382	25981.6	1.9654197209703572
383	6869.6	0.39308394997311324
384	6928.4	0.3930839493424726
385	6860.0	0.3930839489263349
386	6887.6	0.3930839500500311
387	25921.6	1.9654197208057327
388	6789.2	0.3930839487610591
389	6902.0	0.3930839501445217
390	30681.6	2.3585036627503517
391	2020.8	6.775096592868755e-09
392	1920.0	7.587241993985479e-09
393	11664.4	0.7861678933237206
394	6777.2	0.39308394932903445
395	6891.2	0.39308394914571226
396	2206.8	7.711493732240061e-09
397	6908.0	0.39308395007413566
398	1942.8	6.8329169753857394e-09
399	6838.4	0.39308395060755824
400	1952.4	7.1587362028936946e-09
401	1904.4	8.675887794274031e-09
402	1905.6	8.208772791636065e-09
403	1910.4	7.507586201713227e-09
404	1894.8	7.824110929200536e-09
405	2025.6	7.164014961699158e-09
406	1974.0	5.403346981059003e-09
407	6602.0	0.3930839501045296
408	1882.8	7.742201545039639e-09
409	6633.2	0.3930839499788227
410	1980.0	6.822823732488383e-09
411	16398.0	1.1792518344983753
412	1976.4	6.684994773099724e-09
413	1930.8	6.920185984342932e-09
414	6744.8	0.39308394906553906
415	6848.0	0.39308394967535476
416	1915.2	8.295274603547497e-09
417	6927.2	0.39308395080010045
418	2013.6	7.085900655492843e-09
419	6840.8	0.39308395006726604
420	1996.8	7.514836057131772e-09
421	1926.0	6.978311308805448e-09
422	2040.0	7.390849741452318e-09
423	1915.2	7.528138911096473e-09
424	2086.8	7.28775693874357e-09
425	6814.4	0.3930839509249569
426	6678.8	0.39308394967508326
427	1813.2	7.767120397565281e-09
428	1891.2	8.345422214671736e-09
429	2148.0	7.562696246847224e-09
430	6767.6	0.3930839503349528
431	6723.2	0.39308394995809953
432	1860.0	7.452803404967677e-09
433	6794.0	0.39308394973692695
434	1888.8	7.3756599814639315e-09
435	1916.4	7.4355316229580314e-09
436	1886.4	7.2715731786847725e-09
437	6886.4	0.39308395027665477
438	1914.0	8.27093779667286e-09
439	1947.6	5.891341040987361e-09
440	2018.4	7.978734644307944e-09
441	6688.4	0.393083949920633
442	1929.6	7.93838008257573e-09
443	1911.6	7.236889170654108e-09
444	2032.8	7.147988329924009e-09
445	2032.8	7.365464129561986e-09
446	21141.2	1.5723357785090302
447	1920.0	8.120627787712157e-09
448	1926.0	7.3041273793990136e-09
449	11524.0	0.7861678916751613
450	2254.8	7.71347038081567e-09
451	2290.8	7.312185243315811e-09
452	2196.0	6.3373927147326444e-09
453	2094.0	7.905089869557337e-09
454	2947.2	7.039521508071475e-09
455	2265.6	6.459867399804173e-09
456	2223.6	7.0142899055998065e-09
457	2865.6	7.61182628579557e-09
458	2234.4	7.833111029318837e-09
459	1994.4	7.801262220754738e-09
460	2944.8	6.022555201166913e-09
461	2359.2	6.90638091055986e-09
462	2018.4	6.837609953960108e-09
463	2073.6	7.229503554944244e-09
464	2095.2	8.441756800900132e-09
465	2122.8	7.151305509383121e-09
466	2076.0	8.005080177603632e-09
467	2235.6	6.413286497201515e-09
468	2076.0	7.405477577471812e-09
469	2733.6	6.685678882058687e-09
470	2092.8	8.635384007618397e-09
471	2304.0	7.113705105334473e-09
472	2150.4	7.630348123772598e-09
473	2013.6	7.597651105217937e-09
474	2196.0	7.251667407987323e-09
475	2289.6	7.412669190540492e-09
476	2122.8	6.7731282272861796e-09
477	2952.0	7.127751865427826e-09
478	2202.0	6.710564401978686e-09
479	2256.0	6.694490446903378e-09
480	3913.2	7.130303164307574e-09
481	2347.2	7.036965001921649e-09
482	2362.8	7.786723173780687e-09
483	2227.2	6.099443177401867e-09
484	2149.2	6.542618344096828e-09
485	2152.8	7.472068800609018e-09
486	2263.2	7.908632239373888e-09
487	2269.2	8.550134954433004e-09
488	2281.2	7.308300455761891e-09
489	2226.0	8.05813946498529e-09
490	2224.8	7.605871564854538e-09
491	2275.2	7.2298288961186015e-09
492	2511.6	6.385261011579639e-09
493	2708.4	6.9911891923074696e-09
494	2349.6	6.584859383971389e-09
495	2241.6	7.034674948823149e-09
496	2120.4	7.458876657043223e-09
497	2275.2	7.511601131298496e-09
498	2268.0	7.841470707440716e-09
499	2197.2	7.611453076264464e-09
500	3001.2	7.463573510246557e-09
501	3104.4	7.228392879603846e-09
502	3004.8	6.118117641195393e-09
503	2862.0	8.507252363083901e-09
504	2673.6	8.03385582404193e-09
505	2745.6	7.777479981985781e-09
506	2948.4	7.667026132872321e-09
507	2917.2	7.640760945940847e-09
508	2964.0	7.570390119565863e-09
509	2764.8	7.976947259991074e-09
510	2992.8	6.670100149361814e-09
511	4275.6	6.193816991521189e-09
512	2970.0	5.786304744873435e-09
513	2905.2	8.148111553472507e-09
514	2748.0	6.2065733443702255e-09
515	3902.4	6.710755665954482e-09
516	2635.2	8.107710764641562e-09
517	3019.2	7.148848889728228e-09
518	3031.2	7.1865492664004045e-09
519	3025.2	8.074299564890626e-09
520	2850.0	6.523494163683315e-09
521	2659.2	7.845882152486557e-09
522	2678.4	7.0325148987792775e-09
523	2665.2	7.593353405864208e-09
524	2961.6	7.957465835936954e-09
525	2935.2	6.59001880149411e-09
526	3738.0	6.463840596571589e-09
527	2898.0	7.579141219616381e-09
528	2768.4	7.529945712290618e-09
529	3535.2	8.323855016157533e-09
530	2752.8	6.5376038093691925e-09
531	2851.2	7.574324020302393e-09
532	3020.4	7.814740632082952e-09
533	2742.0	7.61457133930357e-09
534	2854.8	7.347927585026621e-09
535	2864.4	7.0725103271422014e-09
536	2865.6	7.367989060139308e-09
537	2744.4	7.526654079194693e-09
538	2905.2	6.672258157550977e-09
539	9094.8	6.943459944520302e-09
540	2895.6	6.067105739660617e-09
541	3798.0	8.048750443371918e-09
542	2792.4	7.662727712771912e-09
543	2984.4	7.534887886181352e-09
544	2962.8	8.406128415044742e-09
545	2971.2	7.427500498027549e-09
546	5598.0	7.69867706108666e-09
547	2844.0	7.340813895617943e-09
548	2839.2	6.604292849242706e-09
549	2931.6	6.048221542784193e-09
550	4821.6	7.440785915310688e-09
551	4294.8	6.831747888602156e-09
552	3081.6	8.339657810498817e-09
553	4808.4	7.567098615605642e-09
554	2740.8	6.164931007864709e-09
555	3493.2	8.200560880171332e-09
556	5623.2	7.453738147816872e-09
557	4008.0	7.786069294921286e-09
558	5457.6	9.01150699559899e-09
559	2565.6	7.3963617451290486e-09
560	1934.4	6.062557444207049e-09
561	6781.2	7.738249598970363e-09
562	1964.4	5.886221286954379e-09
563	2443.2	7.753349240674767e-09
564	10363.2	8.345297917081493e-09
565	9258.0	8.26224294720027e-09
566	6094.8	8.797230890883755e-09
567	3904.8	6.923813288931615e-09
568	5618.4	7.558553505880803e-09
569	6421.2	8.145788322216835e-09
570	4989.6	7.977387902020179e-09
571	4173.6	6.248213110847673e-09
572	6080.4	7.609244241845129e-09
573	9614.4	7.10855803477727e-09
574	6588.0	8.743825373499194e-09
575	3744.0	8.073623109640265e-09
576	4170.0	7.162762372627148e-09
577	2246.4	7.058526768125527e-09
578	5659.2	7.741763935269284e-09
579	5060.4	7.71767927109478e-09
580	4683.6	8.44402403014701e-09
581	4960.8	8.501826649777992e-09
582	5209.2	8.582534756208304e-09
583	5126.4	6.832858961155064e-09
584	2732.4	6.538366417641466e-09
585	5149.2	7.947149549127442e-09
586	5875.2	7.88341168553759e-09
587	2620.8	7.050314278395719e-09
588	4819.2	7.87779676064101e-09
589	5170.8	8.222263247249184e-09
590	6753.6	7.936152527457421e-09
591	3808.8	7.884883977770252e-09
592	2914.8	8.030841622432961e-09
593	6374.4	8.361046029362074e-09
594	4045.2	7.207724609443829e-09
595	4040.4	7.091717441718729e-09
596	5460.0	7.77658750272556e-09
597	4666.8	7.280598910088179e-09
598	3748.8	7.380932825257573e-09
599	3064.8	7.333978403226276e-09
600	2341.2	8.805428513539982e-09
601	2308.8	7.973070623159183e-09
602	2311.2	8.221648576862494e-09
603	2578.8	8.101521182746652e-09
604	2277.6	7.926614951372535e-09
605	2234.4	7.996823204123598e-09
606	2288.4	8.209119480755907e-09
607	2211.6	8.223423244833953e-09
608	2388.0	8.204140730013274e-09
609	2284.8	9.09758336679333e-09
610	2348.4	8.214364973771586e-09
611	2332.8	8.465535918174975e-09
612	2293.2	7.924250023658063e-09
613	2215.2	8.077965833150157e-09
614	7122.8	1.7973157458807094
615	2319.6	8.561573761979703e-09
616	2266.8	8.40180265574672e-09
617	2395.2	7.71277758868875e-09
618	2257.2	8.198199078764857e-09
619	2265.6	7.700003880145735e-09
620	2354.4	8.109130732776961e-09
621	2332.8	7.599520115408756e-09
622	2241.6	8.342118813028984e-09
623	2313.6	8.165110584330595e-09
624	2283.6	7.652521061495249e-09
625	2248.8	7.709299746126735e-09
626	2254.8	7.703454871377712e-09
627	2319.6	8.640529485795233e-09
628	2244.0	8.047773073343737e-09
629	2311.2	7.719824190427438e-09
630	2451.6	8.327065722299241e-09
631	2289.6	8.485521273224228e-09
632	2343.6	7.6961844570005e-09
633	2335.2	7.896822531308718e-09
634	2290.8	8.359000986269383e-09
635	2384.4	8.049790193360784e-09
636	2270.4	8.921567883294226e-09
637	2256.0	7.858586663457743e-09
638	2340.0	7.762304915671557e-09
639	2322.0	7.974453790492791e-09
640	2301.6	9.222434614804524e-09
641	2326.8	6.929383717390639e-09
642	2302.8	7.176392654902038e-09
643	2290.8	8.463406900303901e-09
644	2288.4	8.223410992058112e-09
645	2382.0	7.744875046602074e-09
646	2292.0	8.07084454348664e-09
647	2299.2	8.510913451402796e-09
648	2332.8	7.913313592976913e-09
649	2284.8	8.20718004182581e-09
650	2366.4	7.763732124356048e-09
651	2406.0	8.794439738765446e-09
652	2338.8	7.971611345247157e-09
653	2436.0	8.186245474524224e-09
654	2454.0	8.204619218735271e-09
655	2264.4	8.475754122715075e-09
656	2310.0	8.2597986666763e-09
657	2464.8	7.53186187773717e-09
658	2289.6	8.180144652760624e-09
659	2271.6	8.968913860596824e-09
660	2426.4	8.636054127263551e-09
661	2187.6	8.704813530450665e-09
662	2492.4	8.523215521021667e-09
663	2302.8	8.953736213676506e-09
664	2302.8	9.270753766380245e-09
665	2319.6	8.346905656328177e-09
666	2282.4	7.88924548809473e-09
667	2276.4	8.636068097567911e-09
668	2306.4	7.290979769550744e-09
669	2547.6	8.208401517215919e-09
670	2253.6	8.8034333552692e-09
671	2320.8	7.407493760984137e-09
672	2319.6	8.201037339738856e-09
673	2228.4	8.310976120149476e-09
674	2415.6	7.826320618308913e-09
675	2256.0	8.153002779496669e-09
676	2286.0	7.918710999733934e-09
677	2383.2	7.673443610103286e-09
678	2284.8	7.907418895710364e-09
679	2385.6	8.939705235748464e-09
680	2288.4	7.458447716876452e-09
681	2266.8	8.884055874328996e-09
682	2337.6	8.418540922810687e-09
683	2469.6	8.533597412433446e-09
684	2269.2	8.521842658328738e-09
685	2280.0	8.178552196793212e-09
686	2290.8	7.90150581591874e-09
687	2307.6	7.765590395628532e-09
688	2413.2	7.830100286512355e-09
689	2186.4	8.48493381492471e-09
690	2313.6	8.030893538699544e-09
691	2410.8	7.9157751455145e-09
692	2356.8	8.364395640773961e-09
693	2313.6	8.031755599409842e-09
694	2323.2	8.132429393657306e-09
695	2143.2	8.570211556832334e-09
696	2384.4	8.294881008331837e-09
697	2354.4	7.981802422805358e-09
698	2566.8	8.121446505058645e-09
699	2325.6	8.821132849417857e-09
700	50000.0	6.069243694560454
701	45147.6	6.666218121702538
702	50000.0	5.472270783757838
703	50000.0	9.153599597412207
704	50000.0	11.243008066619504
705	50000.0	10.546548354646855
706	50000.0	6.467226813615869
707	50000.0	7.76067056060189
708	50000.0	8.556634779041257
709	50000.0	6.666216605363083
710	50000.0	8.855119468934008
711	50000.0	6.268235002197211
712	50000.0	5.273276952667776
713	50000.0	6.168737076816443
714	50000.0	8.15865115620395
715	50000.0	6.046104584845326
716	50000.0	7.661176674564011
717	50000.0	7.76065739843001
718	50000.0	5.372773362158976
719	50000.0	5.372766781073034
720	50000.0	8.95460725937814
721	50000.0	5.969749304740669
722	50000.0	3.880335784082855
723	50000.0	5.273279476121081
724	50000.0	6.168739096487877
725	50000.0	10.250299424173038
726	50000.0	5.27327897233918
727	50000.0	6.865207912999837
728	50000.0	7.462186882816789
729	50000.0	6.8652079129998285
730	50000.0	7.2631788774472
731	50000.0	8.457140389221507
732	50000.0	11.541507416283958
733	50000.0	6.467226813615865
734	50000.0	6.885946142572213
735	50000.0	8.25814706191327
736	50000.0	8.059155250494609
737	50000.0	4.68755373220625
738	45148.8	4.9747922637731765
739	50000.0	13.165340781930217
740	50000.0	5.472271287539739
741	50000.0	7.661171627657325
742	50000.0	9.452094399408047
743	50000.0	7.561681780962306
744	50000.0	6.765713523180044
745	50000.0	9.55159131722501
746	50000.0	12.635944673789888
747	50000.0	6.109526221401941
748	50000.0	12.237969651709966
749	50000.0	9.085206073280043
750	50000.0	3.0478840416326234
751	50000.0	3.7182988467621234
752	50000.0	1.6481564611661887
753	50000.0	3.7366995570288895
754	50000.0	4.89786117232706
755	50000.0	4.2625597585212285
756	50000.0	4.66747271935598
757	50000.0	3.2105850203509982
758	50000.0	1.8386641843942009
759	50000.0	3.0765084954539907
760	50000.0	3.223556490591181
761	50000.0	5.372285207990069
762	50000.0	2.1574807354723418
763	50000.0	5.35229643805387
764	50000.0	4.9156347543881065
765	50000.0	4.164344663413875
766	50000.0	2.9242723321369
767	50000.0	5.040440814591535
768	50000.0	3.7853256052949105
769	50000.0	3.4300045610461276
770	50000.0	4.7451960491409055
771	50000.0	5.725103180887781
772	50000.0	2.8739515938656175
773	50000.0	2.9112025944710065
774	50000.0	5.217159725873045
775	50000.0	2.6442179752646204
776	50000.0	4.837967455965169
777	50000.0	3.7376600046079202
778	50000.0	3.765621483250654
779	50000.0	6.230905422122162
780	50000.0	2.016582292509539
781	50000.0	3.2037951108749647
782	50000.0	4.829839293260875
783	50000.0	2.6718437318841826
784	50000.0	3.0407126106179327
785	50000.0	4.015485987772463
786	50000.0	2.0633258672219363
787	50000.0	4.810366045252168
788	50000.0	2.4442892152155435
789	50000.0	2.7415564288029546
790	50000.0	5.298521152445838
791	50000.0	2.751430313542999
792	50000.0	3.240102809724294
793	50000.0	2.1008556605005517
794	50000.0	3.533903253146124
795	50000.0	4.062347240913347
796	50000.0	4.7893786954224264
797	50000.0	5.88698546502535
798	50000.0	5.8826435005575055
799	50000.0	2.656998087408584
800	50000.0	5.3721474108766305
801	50000.0	6.821116207245906
802	50000.0	3.2704508461526984
803	50000.0	6.782474931733455
804	50000.0	12.725221407124797
805	50000.0	5.805617749522598
806	50000.0	5.238655007860508
807	50000.0	6.2481538690315155
808	50000.0	7.232400214004224
809	50000.0	15.232535726030548
810	50000.0	7.863437451287204
811	50000.0	9.281473744996863
812	50000.0	9.796700550030856
813	50000.0	9.51210575237295
814	50000.0	9.27573944184985
815	50000.0	7.457676584533677
816	50000.0	15.597151606453767
817	50000.0	8.445626213857908
818	50000.0	8.636019723263958
819	50000.0	9.816837305357218
820	50000.0	6.882442245600451
821	50000.0	9.297342529762098
822	50000.0	6.937511436823013
823	50000.0	2.765863002050614
824	50000.0	6.778058688382345
825	50000.0	7.408153682017398
826	50000.0	7.582947883258967
827	50000.0	3.44610047817543
828	50000.0	6.472989957650613
829	50000.0	4.160580798135939
830	50000.0	5.530987745515112
831	50000.0	7.697398340586505
832	50000.0	4.8458567054586945
833	50000.0	4.258136247986516
834	50000.0	2.2895508218563867
835	50000.0	3.2873600252713295
836	50000.0	8.620847410450938
837	50000.0	4.553458907023886
838	50000.0	13.57998456571004
839	50000.0	2.9482996926767937
840	50000.0	6.090800775611358
841	50000.0	5.261303004825229
842	50000.0	7.906647680618361
843	50000.0	4.680685160169591
844	50000.0	6.079965718445573
845	50000.0	13.6336806795485
846	50000.0	9.242011442519033
847	50000.0	6.979490140073869
848	50000.0	6.467871620464194
849	50000.0	6.587147412818207
850	50000.0	22.015988159526614
851	50000.0	27.380979529211714
852	50000.0	7.865953716119823
853	50000.0	26.4295025309925
854	50000.0	33.066077882741084
855	50000.0	20.370024568527093
856	50000.0	20.942776397065398
857	50000.0	27.791639734628507
858	50000.0	30.49269872536514
859	50000.0	52.12944126885208
860	50000.0	25.84247038212692
861	50000.0	36.76598928435877
862	50000.0	21.87483825268427
863	50000.0	24.706082603588875
864	50000.0	35.34154292357169
865	50000.0	21.386844114423617
866	50000.0	50.708449857200314
867	50000.0	26.23506509549593
868	50000.0	25.15733166793661
869	50000.0	19.48679763149847
870	50000.0	31.290203836312855
871	50000.0	35.204874696205444
872	50000.0	15.188806323366242
873	50000.0	12.608378268342944
874	50000.0	19.81811869641644
875	50000.0	16.81312326925521
876	50000.0	12.875811664656922
877	50000.0	10.533057919897486
878	50000.0	26.598889563939746
879	50000.0	12.137543242274873
880	50000.0	20.576754973453124
881	50000.0	27.998052286530623
882	50000.0	19.855062771769973
883	50000.0	11.408045038800184
884	50000.0	8.698887042486362
885	50000.0	11.667293309803686
886	50000.0	29.73178480691454
887	50000.0	18.447124081534746
888	50000.0	40.498284352378974
889	50000.0	13.994364934898124
890	50000.0	17.912334520247267
891	50000.0	22.715867562728384
892	50000.0	20.22254950728331
893	50000.0	20.00510884921986
894	50000.0	25.395129994413416
895	50000.0	47.391078677602536
896	50000.0	24.654087846035317
897	50000.0	23.427487278204644
898	50000.0	18.58906611675661
899	50000.0	21.116995052713943
900	50000.0	0.26417861158084277
901	50000.0	0.3731498039718872
902	50000.0	0.3959795599224661
903	50000.0	0.22050954355472835
904	50000.0	0.18223839837325287
905	50000.0	0.21563324244149076
906	50000.0	0.22017770799884726
907	50000.0	0.24358351924404625
908	50000.0	0.27659760198976
909	50000.0	0.3029646267814261
910	50000.0	0.36074752435225543
911	50000.0	0.22753464416874927
912	50000.0	0.2812830054373894
913	50000.0	0.35996853834200593
914	50000.0	0.18691768897393182
915	50000.0	0.27008994428265376
916	50000.0	0.25488603161008105
917	50000.0	0.4293578220289575
918	50000.0	0.31754337118020504
919	50000.0	0.3286575186530655
920	50000.0	0.2552050762093542
921	50000.0	0.37966069835023575
922	50000.0	0.3238212785895973
923	50000.0	0.20105826921589412
924	50000.0	0.5252382698823862
925	50000.0	0.2194830822937366
926	50000.0	0.24217150940385376
927	50000.0	0.2726905340533271
928	50000.0	0.4347471559848229
929	50000.0	0.29433673236787394
930	50000.0	0.15336513970385166
931	45108.0	0.35146932634356387
932	50000.0	0.2943387147372182
933	50000.0	0.27486536740379164
934	45612.0	0.2997232093576548
935	50000.0	0.15430846120589264
936	50000.0	0.18802470944677144
937	50000.0	0.2976035609924885
938	50000.0	0.42967664520318805
939	50000.0	0.3314218123214395
940	50000.0	0.21816526895279117
941	50000.0	0.21554700699317006
942	50000.0	0.24002207792524252
943	50000.0	0.1963414540849115
944	50000.0	0.39332445842802083
945	50000.0	0.34297220663272315
946	50000.0	0.32877295803863793
947	50000.0	0.38571752510735724
948	50000.0	0.20975149194194956
949	50000.0	0.3275937324981347
950	50000.0	1.3352944820317258
951	50000.0	1.3200143881962618
952	50000.0	1.4630223827766677
953	50000.0	1.4279352971201837
954	50000.0	1.441785994251064
955	50000.0	1.4876035004529826
956	50000.0	1.1751546948603195
957	50000.0	1.2946647888228102
958	50000.0	1.5023195767454847
959	50000.0	1.5012063844364443
960	50000.0	0.967290990945586
961	50000.0	1.5208137655219371
962	50000.0	1.50032809493284
963	50000.0	1.3647714610169455
964	50000.0	1.4864247184246366
965	50000.0	1.6180780641747194
966	50000.0	1.455534319639781
967	50000.0	1.4213188026355748
968	50000.0	1.5211706445498305
969	50000.0	1.4443186883236694
970	50000.0	1.291012274409296
971	50000.0	1.405292696683642
972	50000.0	1.3779813411631718
973	50000.0	1.5521735260132838
974	50000.0	1.4579749420962762
975	50000.0	1.5669185800611134
976	50000.0	1.4397279400085634
977	50000.0	1.5400476577070004
978	50000.0	1.4832665451175733
979	50000.0	1.2053416384473696
980	50000.0	1.3793023581297914
981	50000.0	1.5643751910167731
982	50000.0	1.3267240374738554
983	50000.0	1.6919554044853982
984	50000.0	1.3919351560242907
985	50000.0	1.2831424304724213
986	50000.0	1.3084169084423865
987	50000.0	1.3559339315842647
988	50000.0	1.4283535536543501
989	50000.0	1.387108531660205
990	50000.0	1.2496570300435283
991	50000.0	1.3344640805138088
992	50000.0	1.7247429965754513
993	50000.0	1.3226229643828753
994	50000.0	1.2496570300435283
995	50000.0	1.3541727032509505
996	50000.0	1.3143160181064366
997	50000.0	1.4392405383687965
998	50000.0	1.524081434831757
999	50000.0	1.2947402129857015
1000	45790.8	2.8098731899534086
1001	50000.0	1.245255535304286
1002	50000.0	6.218617304346509
1003	50000.0	5.5822879258130875
1004	50000.0	1.8524854650148501
1005	50000.0	3.1698055872966875
1006	50000.0	2.8001860598698585
1007	50000.0	2.24643962356462
1008	50000.0	2.2939290866596402
1009	50000.0	4.33973637689301
1010	42638.8	2.7384465063247743
1011	50000.0	5.5718472616860755
1012	47569.2	2.679560725552058
1013	50000.0	2.697278210395792
1014	47666.4	2.934325577597506
1015	608.4	5.83075858175698e-09
1016	50000.0	1.245255535304286
1017	35331.6	4.559028697714362
1018	50000.0	1.9377404958739326
1019	50000.0	2.0445399191687392
1020	50000.0	7.856584531404772
1021	40144.0	3.8124013188532557
1022	38489.6	2.8085300244994427
1023	50000.0	1.5029394297011298
1024	50000.0	1.7626108811340189
1025	25316.8	1.0410728707177799
1026	41036.8	5.305769391481542
1027	10483.6	0.7786900050257903
1028	50000.0	5.780481760125891
1029	35186.0	1.2114034126877997
1030	45577.2	2.5718024109111863
1031	50000.0	2.355597675803604
1032	50000.0	3.04659907815433
1033	42289.6	3.819883203801509
1034	50000.0	4.006999271844583
1035	12672.8	0.7371224059156949
1036	525.6	4.843296833887611e-09
1037	50000.0	5.072961439512583
1038	11399.2	0.4732815486343953
1039	50000.0	2.6809473037077742
1040	33789.6	1.2186543465451334
1041	50000.0	5.642178909647864
1042	40025.6	3.3280806987524785
1043	50000.0	2.271034986058294
1044	25303.6	0.9688702502786294
1045	50000.0	2.118634928020234
1046	37744.8	2.6239794419223506
1047	44988.4	0.9962044289931526
1048	35943.2	1.613734463612048
1049	50000.0	1.8815655798414384
1050	40892.8	1.695022383891261
1051	2839.2	5.14678052308002e-09
1052	50000.0	2.5269928430331072
1053	35246.0	1.3684992027015888
1054	45957.6	6.163119831503704
1055	20464.4	4.4311526756637445
1056	50000.0	2.6977084840801036
1057	15490.8	2.3286008935915925
1058	50000.0	1.7881712678947033
1059	44147.2	1.4841378796449225
1060	25405.6	0.9774994321454631
1061	47570.4	6.7649135026563005
1062	50000.0	1.4497420801906897
1063	50000.0	11.125618450408203
1064	49369.2	13.1880171617705
1065	22503.2	0.6556853522780084
1066	50000.0	0.6918569111917672
1067	50000.0	2.5905477300896895
1068	50000.0	4.71758324842993
1069	35291.6	5.891049690123418
1070	10924.0	1.750409848948408
1071	46023.6	1.8230538612388503
1072	11697.2	0.5062737499000571
1073	22805.6	4.607910708190206
1074	50000.0	5.200538187485621
1075	50000.0	5.83591717506127
1076	50000.0	15.643181450697593
1077	35051.2	6.442820414665858
1078	10613.2	1.021705282926686
1079	20920.4	1.0927734065603405
1080	42696.4	4.529734875400826
1081	39677.6	1.3684992031776058
1082	45088.8	3.4444492152343065
1083	1101.6	5.22244044772412e-09
1084	50000.0	2.400678648199963
1085	45528.0	1.7217807284118227
1086	45099.6	1.7594989738960105
1087	50000.0	0.8181711060249114
1088	50000.0	0.6918569111917574
1089	50000.0	3.912017758210529
1090	50000.0	2.5905477300897632
1091	10652.8	2.1361894103203194
1092	50000.0	5.06273745642982
1093	50000.0	0.6918569111917688
1094	50000.0	4.317953727643848
1095	10644.4	0.13837138696937504
1096	45573.6	1.4777106489978007
1097	46073.2	5.817303355140142
1098	10604.8	0.6572600456774891
1099	50000.0	4.76527045759259
1100	50000.0	0.856374237134143
1101	50000.0	0.6213395391062527
1102	50000.0	0.7460033573423404
1103	50000.0	0.2757173693714851
1104	50000.0	0.7549956873198427
1105	50000.0	0.45717611901094835
1106	50000.0	0.6892113847988091
1107	50000.0	0.756381553573551
1108	50000.0	0.6536443120289169
1109	50000.0	0.7688208510121151
1110	50000.0	0.5143337701742349
1111	50000.0	0.6107752127675126
1112	50000.0	0.6752530901193613
1113	50000.0	0.4646173948010713
1114	50000.0	0.8888628251267681
1115	50000.0	0.7574032846574212
1116	50000.0	0.6825889981102077
1117	50000.0	0.8517890153921629
1118	50000.0	0.7089905093484956
1119	50000.0	0.5961499235802222
1120	50000.0	0.46368853241900326
1121	50000.0	1.0619807626498086
1122	50000.0	0.6422543185126866
1123	50000.0	0.5758520240419339
1124	50000.0	0.6069858701977078
1125	50000.0	0.35298876931632617
1126	50000.0	0.9940728818272078
1127	50000.0	0.7000675499204998
1128	50000.0	0.8160033264753904
1129	50000.0	0.4781269866244263
1130	50000.0	0.8051198573820952
1131	50000.0	0.8408120168827853
1132	50000.0	0.6242055005575762
1133	50000.0	0.5000682026424864
1134	50000.0	0.6183022042573348
1135	50000.0	0.9301225832739686
1136	50000.0	0.375918119497091
1137	50000.0	0.7952674363624697
1138	50000.0	0.9234595300400489
1139	50000.0	0.36217203023275013
1140	50000.0	0.6432924785449782
1141	50000.0	0.6955110876605987
1142	50000.0	0.4007498433574768
1143	50000.0	0.840226687672434
1144	50000.0	0.31838033643286934
1145	50000.0	0.7184070200427237
1146	50000.0	0.46009930132068816
1147	50000.0	0.7703096273178474
1148	50000.0	1.0577894586428314
1149	50000.0	0.9290992691252778
1150	50000.0	18.113819388237793
1151	50000.0	15.010245374588271
1152	50000.0	15.97138554515567
1153	50000.0	6.257095760576952
1154	50000.0	15.774243250516552
1155	50000.0	9.547601149650767
1156	50000.0	8.353336577266028
1157	50000.0	17.738001475997542
1158	50000.0	9.61534944724382
1159	50000.0	11.861982035611476
1160	50000.0	13.711889520344528
1161	50000.0	14.36538984240743
1162	50000.0	14.73118054734742
1163	50000.0	16.538429115259408
1164	50000.0	13.546144547198637
1165	50000.0	8.375555890523183
1166	50000.0	8.872767205108506
1167	50000.0	9.221185700494988
1168	50000.0	18.557530331283086
1169	50000.0	12.87343458309952
1170	50000.0	17.09194106854213
1171	50000.0	11.054199361977032
1172	50000.0	7.888344425677651
1173	50000.0	16.356510731524324
1174	50000.0	12.256055126198007
1175	50000.0	16.14012702748102
1176	50000.0	12.307616783463079
1177	50000.0	7.284908275853157
1178	50000.0	11.692911820091137
1179	50000.0	8.109177222429453
1180	50000.0	12.84824388037606
1181	50000.0	13.62754712827462
1182	50000.0	8.714423672461209
1183	50000.0	14.824125723809342
1184	50000.0	10.334696396377511
1185	50000.0	15.02124848815625
1186	50000.0	15.548690444687386
1187	50000.0	13.663827032226305
1188	50000.0	11.076332356349742
1189	50000.0	14.317559842045423
1190	50000.0	9.6442305343031
1191	50000.0	16.24365874514772
1192	50000.0	9.747411021997804
1193	50000.0	16.676383565183734
1194	50000.0	13.106830405216556
1195	50000.0	10.94745781576675
1196	50000.0	10.328537474986138
1197	50000.0	9.457263151415654
1198	50000.0	15.000312589233838
1199	50000.0	12.453106376247568
