	0	1
0	1221.6	7.999128216605696e-09
1	1142.4	7.131190747065671e-09
2	1254.0	7.274813877995888e-09
3	1228.8	8.51296989766425e-09
4	1196.4	8.200002972335879e-09
5	1230.0	7.05011133680449e-09
6	1188.0	7.752360377127145e-09
7	1134.0	7.641254539004063e-09
8	1179.6	7.149198440035107e-09
9	1195.2	7.325663902355329e-09
10	1184.4	6.952782752489447e-09
11	1224.0	7.221038106198914e-09
12	1188.0	8.123470414388542e-09
13	1215.6	7.323741380590824e-09
14	1132.8	7.849714643832133e-09
15	1220.4	8.04784234930916e-09
16	1183.2	7.685010151919504e-09
17	1192.8	6.320197134710324e-09
18	1219.2	7.239434074064942e-09
19	1178.4	7.155506942408026e-09
20	1201.2	8.173081546488574e-09
21	1221.6	7.45301212084248e-09
22	1221.6	6.751752774941023e-09
23	1233.6	8.296687771166121e-09
24	1166.4	6.900984572531303e-09
25	1172.4	7.248106229013766e-09
26	1245.6	8.070640962315396e-09
27	1188.0	7.974245603786288e-09
28	1234.8	7.619760859323403e-09
29	1183.2	7.391171226109008e-09
30	1159.2	7.660066960177382e-09
31	1220.4	7.037640516844356e-09
32	1244.4	7.429659660490958e-09
33	1190.4	7.511703926593726e-09
34	1177.2	7.66991162924614e-09
35	1213.2	5.7533875854418774e-09
36	1200.0	6.790172511395977e-09
37	1224.0	8.190765676011529e-09
38	1238.4	6.856989100901406e-09
39	1222.8	6.439319106836957e-09
40	1225.2	6.626881536713719e-09
41	1204.8	7.75597691707234e-09
42	1202.4	8.065626136494842e-09
43	1256.4	8.002038974174833e-09
44	1191.6	7.588067935814939e-09
45	1222.8	7.3524074738948005e-09
46	1214.4	7.363263539523495e-09
47	1206.0	5.9755943108999704e-09
48	1158.0	6.879510579179997e-09
49	1212.0	6.7795850879562844e-09
50	1851.6	7.641778071915237e-09
51	1790.4	7.646345827206156e-09
52	1699.2	7.80589253980733e-09
53	1845.6	8.314047864416566e-09
54	1861.2	7.266458063356995e-09
55	2253.6	7.429532701239779e-09
56	1891.2	6.826367626096646e-09
57	1880.4	7.56773448347121e-09
58	1900.8	5.809986332039015e-09
59	1848.0	6.703452614702409e-09
60	1771.2	8.37111631994814e-09
61	2014.8	7.1895392533187335e-09
62	1860.0	7.636175764243726e-09
63	1831.2	7.423901947090857e-09
64	1920.0	6.939193566739152e-09
65	1804.8	7.887753403402272e-09
66	1861.2	6.464564262079936e-09
67	1798.8	8.04495325912817e-09
68	1837.2	7.27743446038466e-09
69	1844.4	8.382647031733121e-09
70	1791.6	7.239099402648516e-09
71	1814.4	8.375934523829597e-09
72	1764.0	7.096536530643874e-09
73	1758.0	7.394860895919253e-09
74	1862.4	7.493820588280088e-09
75	1896.0	7.870307556888136e-09
76	1786.8	7.0989871663493915e-09
77	1899.6	7.940372103074862e-09
78	1888.8	8.095081931706834e-09
79	1933.2	7.034766979432682e-09
80	1777.2	6.075469482304956e-09
81	1843.2	7.942679491114015e-09
82	1732.8	6.592753124458923e-09
83	1845.6	7.762385154441515e-09
84	1863.6	7.839176874371678e-09
85	1896.0	7.282615448505933e-09
86	1898.4	7.914782877157689e-09
87	1860.0	6.984591091335834e-09
88	1760.4	7.263741734578202e-09
89	1858.8	7.556404620984517e-09
90	1774.8	7.943217242802358e-09
91	1813.2	7.929671361475956e-09
92	1884.0	7.761355836107585e-09
93	1818.0	7.323890022389989e-09
94	1854.0	8.272151384037235e-09
95	1833.6	7.945608062481142e-09
96	1842.0	7.420743526709131e-09
97	1778.4	7.431007251993191e-09
98	1813.2	7.1251744243095985e-09
99	1892.4	7.397096262755459e-09
100	50000.0	3.152092583439194
101	50000.0	4.23708161584313
102	50000.0	2.6000354704861754
103	48211.8	3.3022467889355496
104	46634.2	3.433270428399722
105	49084.8	2.6743409685901653
106	50000.0	3.0923838684317193
107	50000.0	2.510100306456004
108	50000.0	2.6930139875108567
109	50000.0	3.3350580665967913
110	50000.0	3.79937635751052
111	50000.0	3.07388967326859
112	50000.0	2.9886759519363673
113	50000.0	4.399142617519608
114	50000.0	3.9305310138879745
115	48036.6	2.4458499002441747
116	49447.4	2.2750896351857484
117	45322.2	2.4501391531783505
118	50000.0	3.810588749164647
119	50000.0	2.332721261237055
120	48514.4	2.0478417215981644
121	50000.0	3.496671797076761
122	50000.0	4.081371894022224
123	50000.0	4.8250549433706444
124	44491.8	1.924464827390565
125	47422.8	3.135046347774155
126	50000.0	4.296064389129374
127	50000.0	2.214220571209581
128	50000.0	2.551793102014897
129	45439.2	2.9759630575958695
130	48941.8	1.592070674583684
131	50000.0	3.0707748619020725
132	50000.0	3.4373790051529105
133	50000.0	8.897717191680778
134	45165.6	2.6036017056059064
135	50000.0	6.335593342611099
136	49786.0	2.7863806246644214
137	50000.0	3.3658183004978186
138	50000.0	2.5687356248148188
139	50000.0	6.7781436696733035
140	48730.4	2.751850674307147
141	50000.0	2.834752218532056
142	50000.0	3.287381815452992
143	50000.0	2.7299848061929364
144	40379.2	2.885383690425609
145	50000.0	2.9072001774039613
146	49439.0	2.487397643920022
147	50000.0	2.8234498857987935
148	50000.0	2.203761671771521
149	47888.8	2.5104991352312025
150	50000.0	6.429711246995112
151	50000.0	5.808041994074382
152	50000.0	5.39704010235592
153	50000.0	5.702069248869851
154	50000.0	7.914059932846298
155	50000.0	5.771289455845894
156	50000.0	6.183649858523531
157	50000.0	5.682594155420209
158	50000.0	5.6227182649371095
159	50000.0	7.047585827941124
160	50000.0	6.778681435657864
161	50000.0	7.883088240963632
162	50000.0	5.653446185896496
163	50000.0	5.758730241750711
164	50000.0	7.0203116255035
165	50000.0	4.676305049432682
166	50000.0	6.863772034805267
167	50000.0	5.909739057225928
168	50000.0	4.1370295901039125
169	50000.0	7.539246870590178
170	50000.0	7.9536387635452765
171	50000.0	5.334110812971919
172	50000.0	5.9627475403022485
173	50000.0	7.274781149652374
174	50000.0	5.288650898335486
175	50000.0	6.907276619110974
176	50000.0	7.026604204130497
177	50000.0	4.951940135806208
178	50000.0	7.081398405399876
179	50000.0	7.506206517121008
180	50000.0	6.179396100090458
181	50000.0	4.777005603193125
182	50000.0	6.464626214299547
183	50000.0	9.152672319487895
184	50000.0	6.823743108946604
185	50000.0	8.050567321509114
186	50000.0	6.786184492789306
187	50000.0	6.621054103697581
188	50000.0	4.496034101402995
189	50000.0	8.131223404851934
190	50000.0	5.524707895508567
191	50000.0	6.848564042439539
192	50000.0	6.607216767916038
193	50000.0	6.410774386211787
194	50000.0	8.315942635637107
195	50000.0	5.305402497477841
196	50000.0	6.859828826858596
197	50000.0	5.442414365472676
198	50000.0	5.2110614627726735
199	50000.0	6.369612622268599
200	144.0	0.0
201	157.2	0.0
202	144.0	0.0
203	122.4	0.0
204	116.4	0.0
205	152.4	0.0
206	122.4	0.0
207	116.4	0.0
208	141.6	0.0
209	117.6	0.0
210	109.2	0.0
211	118.8	0.0
212	148.8	0.0
213	157.2	0.0
214	127.2	0.0
215	129.6	0.0
216	122.4	0.0
217	144.0	0.0
218	116.4	0.0
219	116.4	0.0
220	135.6	0.0
221	136.8	0.0
222	116.4	0.0
223	118.8	0.0
224	133.2	0.0
225	148.8	0.0
226	153.6	0.0
227	116.4	0.0
228	136.8	0.0
229	127.2	0.0
230	148.8	0.0
231	128.4	0.0
232	122.4	0.0
233	129.6	0.0
234	136.8	0.0
235	153.6	0.0
236	150.0	0.0
237	148.8	0.0
238	129.6	0.0
239	118.8	0.0
240	144.0	0.0
241	141.6	0.0
242	117.6	0.0
243	116.4	0.0
244	147.6	0.0
245	116.4	0.0
246	118.8	0.0
247	141.6	0.0
248	158.4	0.0
249	109.2	0.0
250	1984.8	8.461799021732268e-10
251	2022.0	8.651556058580294e-10
252	2104.8	8.827666377810163e-10
253	2037.6	8.600901267484223e-10
254	2024.4	8.563295770981813e-10
255	2011.2	8.659654674000691e-10
256	2170.8	8.773622306925722e-10
257	2017.2	7.113305971465018e-10
258	1902.0	8.143454251252254e-10
259	2101.2	9.610318592630281e-10
260	1965.6	9.904969707459808e-10
261	2074.8	8.185794551155123e-10
262	1995.6	7.247880102705685e-10
263	1947.6	9.338591467065873e-10
264	2245.2	8.286663790612414e-10
265	1964.4	8.473949836158467e-10
266	2103.6	9.380891484213284e-10
267	2086.8	8.530625026566839e-10
268	2010.0	9.277021056932781e-10
269	2142.0	7.851755652183903e-10
270	1878.0	9.014840226448716e-10
271	1977.6	9.146651261505495e-10
272	1861.2	7.957069895106555e-10
273	2007.6	6.83932171683656e-10
274	2048.4	8.315348726087007e-10
275	2028.0	9.079838242777502e-10
276	2104.8	9.809740697090989e-10
277	2070.0	8.382507429501702e-10
278	2020.8	8.32503383077039e-10
279	1945.2	8.668805869930198e-10
280	2092.8	8.388320861710705e-10
281	2016.0	7.892268891964298e-10
282	2118.0	9.138816650963282e-10
283	2010.0	8.41619615179581e-10
284	1982.4	9.249731104575846e-10
285	2005.2	7.522345330673381e-10
286	2053.2	8.343156785392906e-10
287	2026.8	9.083167610266915e-10
288	2014.8	8.846369870855859e-10
289	2110.8	9.881882731751092e-10
290	1950.0	8.844004281514881e-10
291	1936.8	9.138240878466641e-10
292	1866.0	9.325380585350758e-10
293	2054.4	7.533374127239179e-10
294	1975.2	9.070357038340858e-10
295	1921.2	9.057826593439914e-10
296	2024.4	9.811353410504847e-10
297	2046.0	7.887325948343632e-10
298	2101.2	8.629611656335953e-10
299	2026.8	9.780919576671564e-10
300	1406.8	0.0
301	50000.0	92.9400000057183
302	50000.0	35.35000000286747
303	50000.0	3.8200000055457934
304	50000.0	21.750000004488705
305	50000.0	64.7900000038614
306	50000.0	54.07000000500375
307	1503.6	0.0
308	50000.0	22.63000000370865
309	50000.0	15.540000005989867
310	968.4	0.0
311	50000.0	396.04000000643134
312	50000.0	128.11000000364646
313	3088.4	0.0
314	50000.0	311.0100000041743
315	2723.8	0.0
316	50000.0	29.260000004379954
317	8689.2	0.0
318	50000.0	43.19000000503625
319	50000.0	1000.0000000040069
320	50000.0	290.9700000057843
321	7993.2	0.0
322	2079.6	0.0
323	1720.8	0.0
324	50000.0	412.9200000041342
325	50000.0	216.94000000417662
326	50000.0	117.50000000508048
327	50000.0	53.48000000598406
328	50000.0	7.780000005584528
329	50000.0	72.60000000452757
330	1707.6	0.0
331	50000.0	14.650000004356542
332	2247.8	0.0
333	50000.0	10.210000003819145
334	50000.0	39.06000000483748
335	1821.2	0.0
336	50000.0	263.2000000033866
337	50000.0	14.14000000477275
338	50000.0	42.420000004752026
339	50000.0	2.3500000073913334
340	2328.8	0.0
341	1610.2	0.0
342	50000.0	675.0100000056566
343	1608.0	0.0
344	1533.6	0.0
345	1318.8	0.0
346	50000.0	56.81000000483741
347	50000.0	42.09000000486591
348	50000.0	45.790000005034585
349	2039.2	0.0
350	2199.6	8.614612751605555e-09
351	11707.6	0.7861678926733902
352	5056.8	6.075810399835256e-09
353	2065.2	7.417561988621818e-09
354	6803.6	0.39308394956072723
355	2167.2	6.487343225641644e-09
356	2335.2	6.9674243897795765e-09
357	2168.4	8.171557101519033e-09
358	2100.0	7.791241203193092e-09
359	7067.6	0.3930839501655917
360	11494.0	0.3930839501790867
361	2115.6	6.055836957879922e-09
362	6826.4	0.2640259346670247
363	6826.4	0.39308395065400925
364	11808.4	0.7861678918030404
365	6827.6	0.39308395034253724
366	6738.8	0.3930839501630853
367	2124.0	7.146836062871039e-09
368	2053.2	6.80194851820529e-09
369	13054.0	0.7861678924884322
370	1990.8	7.1302396947582874e-09
371	21453.2	1.4804523604658524
372	6932.0	0.00010261612358237144
373	2034.0	7.594949996316522e-09
374	11759.2	0.7861678930842894
375	1974.0	8.111389384905531e-09
376	2227.2	7.21971364908497e-09
377	2058.0	7.3215195819402e-09
378	2065.2	8.197739470071976e-09
379	2917.2	6.928493542774727e-09
380	6906.8	0.3930839495837515
381	1947.6	7.95195647710255e-09
382	7013.6	0.3930839501761687
383	2156.4	7.241862728372441e-09
384	2044.8	6.75750002246028e-09
385	6848.0	0.39308395021470893
386	2188.8	7.398724133562332e-09
387	8239.6	0.3930839506320346
388	9373.8	0.3930839492832038
389	6914.0	0.393083949993426
390	6887.6	0.005276979583469693
391	2053.2	7.939978964756319e-09
392	6831.2	0.39308395014027575
393	6995.6	0.3930839496492683
394	2102.4	7.180945320504324e-09
395	6843.2	0.3930839502040533
396	2122.8	7.143664118675611e-09
397	11657.2	0.7861678920302622
398	2216.4	6.710214603098117e-09
399	6934.4	0.393083950617523
400	2918.4	6.342850148350544e-09
401	2001.6	7.125530426321292e-09
402	1987.2	7.115999191437611e-09
403	1957.2	8.374208970165443e-09
404	1951.2	7.019236519314286e-09
405	2023.2	7.2917766940773066e-09
406	2098.8	7.728009656488832e-09
407	2059.2	6.421237450949617e-09
408	1892.4	6.656558347332373e-09
409	1999.2	8.09373800819902e-09
410	1870.8	7.049331646669626e-09
411	6756.8	0.3243538400825067
412	1893.6	6.6664746247849755e-09
413	2004.0	7.457508094286864e-09
414	3022.8	8.077277327775679e-09
415	6938.0	0.39308394994469154
416	2032.8	7.766361141530398e-09
417	1983.6	7.639109918770344e-09
418	1984.8	7.200356583067547e-09
419	11558.8	0.7861678930956854
420	1994.4	7.246439775957312e-09
421	2082.0	7.289585255448333e-09
422	2055.6	7.64615623842145e-09
423	1917.6	7.678352012772055e-09
424	2828.4	7.099188890770463e-09
425	2053.2	7.3168207500538075e-09
426	6872.0	0.38834524339445115
427	2052.0	7.867094972879867e-09
428	1962.0	7.375568760406641e-09
429	1970.4	7.336195613632592e-09
430	2062.8	7.1178541137416995e-09
431	1950.0	7.862905932607224e-09
432	2127.6	6.7388366295739395e-09
433	1894.8	6.983358472888569e-09
434	1986.0	7.2262863537916304e-09
435	1896.0	7.643646694689944e-09
436	1939.2	6.8857970683689784e-09
437	2035.2	7.97790831437206e-09
438	1969.2	7.3274703572149e-09
439	1911.6	8.01549290805581e-09
440	1926.0	7.428951860072317e-09
441	1964.4	7.92457600090087e-09
442	2016.0	6.731068602891849e-09
443	1897.2	7.018234247054403e-09
444	7799.6	0.3866968650517078
445	2064.0	6.717306691838786e-09
446	2101.2	7.335591600638508e-09
447	1956.0	8.339930458202949e-09
448	1909.2	6.900867444066465e-09
449	6771.6	7.1406788405973745e-09
450	1819.2	7.078611663338737e-09
451	1857.6	8.005165695679731e-09
452	2236.8	6.682013591068397e-09
453	1713.6	7.436529623094772e-09
454	4132.8	8.137501804327599e-09
455	1864.8	7.99744701801817e-09
456	1813.2	7.295721741605522e-09
457	2929.2	7.986720812697293e-09
458	1966.8	7.327057598204151e-09
459	2313.6	7.67434270551042e-09
460	2158.8	7.230231515049405e-09
461	2131.2	7.524413978414778e-09
462	1692.0	7.577806201803855e-09
463	1752.0	7.326458368455523e-09
464	1846.8	7.797729249256309e-09
465	1772.4	6.823927510866887e-09
466	1785.6	6.5725033552835236e-09
467	1898.4	8.039556871815706e-09
468	1800.0	7.502486638012775e-09
469	2606.4	8.16159129995431e-09
470	1819.2	8.017351584486239e-09
471	1795.2	7.430049110291342e-09
472	1873.2	8.022913277324353e-09
473	1689.6	7.462459683665924e-09
474	1854.0	6.963593069484524e-09
475	1830.0	6.388769691395228e-09
476	1754.4	6.828500593209529e-09
477	2835.6	7.720199431637542e-09
478	1804.8	7.4488464441006935e-09
479	1820.4	7.796564421885672e-09
480	2872.8	6.712986064730871e-09
481	1915.2	7.177074832302082e-09
482	2014.8	7.737514126114636e-09
483	2360.4	7.263722566569394e-09
484	1934.4	6.4528467204621594e-09
485	1936.8	7.178120613122403e-09
486	2307.6	7.743779746405852e-09
487	1797.6	7.275173281521681e-09
488	1916.4	7.466296749816593e-09
489	1915.2	8.643377170188789e-09
490	1900.8	7.074613804827275e-09
491	1981.2	7.344347641903008e-09
492	2410.8	6.9496733734240165e-09
493	2684.4	7.555617240295838e-09
494	3505.2	5.945492748146017e-09
495	1890.0	6.907281331975319e-09
496	1828.8	7.07870121165849e-09
497	1911.6	8.092259650890296e-09
498	1951.2	7.233351635989563e-09
499	1860.0	7.829686990171841e-09
500	3062.4	6.548274101414989e-09
501	1926.0	7.3765970738902436e-09
502	1878.0	6.919402810578982e-09
503	1884.0	7.084278009627462e-09
504	1869.6	7.400733562865531e-09
505	1858.8	7.019582833203099e-09
506	1938.0	5.944899170339432e-09
507	1936.8	8.097322391670483e-09
508	2190.0	7.473369106687845e-09
509	1802.4	8.510424026222526e-09
510	2115.6	6.848981207831437e-09
511	5050.0	7.641067388983162e-09
512	3764.6	7.741093781864361e-09
513	1904.4	7.555587176114153e-09
514	1894.8	6.934913702790839e-09
515	1906.8	7.347326544055308e-09
516	1909.2	7.613371086883269e-09
517	2076.0	7.912933925222954e-09
518	1951.2	7.669134995509128e-09
519	2016.0	7.61004585512761e-09
520	4052.2	7.832634238832274e-09
521	1749.6	7.432835214153014e-09
522	1875.6	7.97827122519515e-09
523	1892.4	7.021600092479606e-09
524	3873.6	7.0298193814830006e-09
525	2371.2	6.887726754699734e-09
526	2473.2	6.538872861466523e-09
527	4205.6	7.626256149384966e-09
528	1758.0	6.741911632707236e-09
529	2041.2	7.4327773567963645e-09
530	1952.4	6.645672155145111e-09
531	1899.6	7.824605592638422e-09
532	2409.6	7.888517699665168e-09
533	2470.8	8.257157270037935e-09
534	1946.4	6.070390941628413e-09
535	1950.0	7.49893973338783e-09
536	1969.2	7.50783580310905e-09
537	1773.6	7.2244504687797324e-09
538	3060.0	6.942046018609774e-09
539	11798.0	6.6478728997248245e-09
540	1880.4	6.715692678622865e-09
541	7656.2	7.629517515008226e-09
542	1762.8	7.337580367715775e-09
543	2602.8	6.953229514996381e-09
544	2116.8	7.442649497596667e-09
545	1980.0	8.158414429569241e-09
546	4403.0	6.9214472954771285e-09
547	1936.8	5.898825102966738e-09
548	1974.0	8.267834274630741e-09
549	1831.2	7.467043966468668e-09
550	28010.0	0.0064524687990433986
551	6270.2	6.951283145435647e-09
552	9373.2	1.570576692899479e-08
553	22664.0	1.3702997682376644e-08
554	11921.6	8.47834514117493e-09
555	4342.8	7.443532231914904e-09
556	18443.2	7.836322981063217e-09
557	8217.2	9.40920528223023e-09
558	19053.8	1.1598766049730487e-08
559	2158.8	5.784789981805366e-09
560	7601.0	6.457890655519361e-09
561	21488.8	1.2469737716954443e-05
562	2184.0	6.443986466985905e-09
563	2100.0	7.75163931641844e-09
564	38452.2	6.975751152780978e-05
565	31961.4	0.00033063808364822335
566	24779.4	7.889784882717476e-07
567	7188.6	6.9778916060961365e-09
568	26856.6	7.212135474530016e-09
569	23444.2	1.3994247139815957e-08
570	18261.2	1.290380598144763e-07
571	6866.8	7.587507503282364e-09
572	16716.8	0.002314851023284342
573	27993.4	6.9563257191966425e-06
574	29360.8	1.1149182449375527e-08
575	9660.6	7.155784893827842e-09
576	7295.0	7.55289409128236e-09
577	3272.2	6.969306747145278e-09
578	28965.0	0.09397696512384399
579	13646.6	1.9343246581232856e-08
580	12246.8	9.109337914421456e-08
581	15944.8	8.702406631617687e-09
582	31217.4	2.789938378414224e-08
583	11026.2	8.234980171621482e-09
584	2596.8	6.189745506531035e-09
585	28455.2	5.463114924925625e-07
586	18665.0	7.828638608415482e-09
587	7882.6	6.746386515214991e-09
588	26165.6	3.143245022068028e-05
589	21833.6	3.2760669005094124e-08
590	21909.4	1.935054575968951e-05
591	12801.0	1.2748703820912355e-08
592	3908.6	6.328343029144284e-09
593	32637.4	2.2686361522075716e-05
594	13350.2	0.009398320971634984
595	9774.4	8.332086510795601e-09
596	20803.4	9.124574158483104e-09
597	9829.2	7.277094895123767e-09
598	3500.4	6.9134102399396884e-09
599	2534.4	6.878102585357778e-09
600	2433.6	7.965823785401182e-09
601	2436.0	8.754923787607068e-09
602	2419.2	7.969888792012316e-09
603	2674.8	7.609405122949051e-09
604	2396.4	7.712816933062788e-09
605	2430.0	7.872939127874446e-09
606	2392.8	7.700844068312695e-09
607	2439.6	8.089208635912838e-09
608	2463.6	8.399844661185753e-09
609	2463.6	7.980516488861242e-09
610	2452.8	7.739558505793055e-09
611	2422.8	8.314587205590435e-09
612	2481.6	7.54926475463645e-09
613	2349.6	8.407374804653519e-09
614	2476.8	7.724361968475068e-09
615	2427.6	9.134828328913571e-09
616	2420.4	7.96960370391824e-09
617	2368.8	9.295106228302855e-09
618	2386.8	7.2229349689857145e-09
619	2426.4	8.017698792106077e-09
620	2461.2	7.972590762006119e-09
621	2403.6	8.87225309845533e-09
622	2353.2	8.544670879790164e-09
623	2407.2	8.148902159282965e-09
624	2491.2	8.019736130162263e-09
625	2392.8	7.97207135196933e-09
626	2421.6	8.006655934765736e-09
627	2476.8	7.939704770616833e-09
628	2416.8	7.9560449281096e-09
629	2406.0	7.660916693145207e-09
630	2480.4	8.335735985285386e-09
631	2438.4	7.671732545260468e-09
632	2394.0	8.640901997516057e-09
633	2452.8	8.192273144776869e-09
634	2390.4	8.476800516686871e-09
635	2440.8	8.637803720373877e-09
636	2325.6	8.336273680295792e-09
637	2373.6	8.146967889326366e-09
638	2400.0	7.757818967322069e-09
639	2416.8	8.139676965289366e-09
640	2455.2	8.120643256843937e-09
641	2431.2	8.431937705116262e-09
642	2404.8	8.128896100651876e-09
643	2451.6	8.152001509401303e-09
644	2390.4	8.296153304909637e-09
645	2370.0	8.247714040375225e-09
646	2400.0	8.169234786474622e-09
647	2413.2	8.512963202420381e-09
648	2464.8	8.02914432816827e-09
649	2421.6	8.279339893543258e-09
650	1279.2	7.004908863255529e-09
651	1323.6	7.175320286074609e-09
652	1338.0	6.289160347822819e-09
653	1273.2	8.032825590932728e-09
654	1317.6	7.281888357131284e-09
655	1347.6	7.021315268828796e-09
656	1321.2	7.367416441186448e-09
657	1327.2	7.52421530511402e-09
658	1346.4	6.693181354882255e-09
659	1315.2	6.655821023526094e-09
660	1443.6	7.211767088318703e-09
661	1273.2	7.4336831129319255e-09
662	1310.4	7.14283905302046e-09
663	1354.8	7.463660735377814e-09
664	1306.8	6.716307432991606e-09
665	1282.8	7.308570289989564e-09
666	1330.8	8.34867964223446e-09
667	1383.6	7.246094992574091e-09
668	1372.8	6.783050757360026e-09
669	1368.0	6.817389084098963e-09
670	1310.4	7.930756096790557e-09
671	1273.2	7.391136236346635e-09
672	1249.2	6.81971269725587e-09
673	1371.6	7.220924939905289e-09
674	1326.0	7.63117178553451e-09
675	1318.8	6.493145183342946e-09
676	1284.0	6.605101386336276e-09
677	1371.6	7.237041113346454e-09
678	1304.4	7.289737894591781e-09
679	1382.4	6.146690075081833e-09
680	1335.6	6.902537899823749e-09
681	1291.2	7.993750954296048e-09
682	1330.8	5.8584385915561604e-09
683	1370.4	7.112570045154599e-09
684	1348.8	6.928410116280678e-09
685	1279.2	7.267604211328094e-09
686	1332.0	7.420225965036478e-09
687	1323.6	7.398507373901267e-09
688	1306.8	7.139221290021922e-09
689	1284.0	8.141561070147666e-09
690	1270.8	6.660535761907865e-09
691	1387.2	7.554413096973924e-09
692	1338.0	7.630990718236832e-09
693	1329.6	6.49759288695787e-09
694	1368.0	7.913856350335147e-09
695	1327.2	6.130429430904237e-09
696	1316.4	6.2824583669203005e-09
697	1256.4	7.368072880960459e-09
698	1380.0	7.206565871035288e-09
699	1288.8	6.855463732778846e-09
700	46643.6	2.6290485115288087
701	45714.4	1.6043935502287803
702	41110.2	1.6336281862922626
703	49401.6	2.5490127606969644
704	49844.6	2.2539059189933788
705	50000.0	3.1111780308979378
706	43155.0	1.9625880773831041
707	50000.0	1.7003015555188203
708	45160.8	2.211563750731549
709	47721.2	1.9711305012005051
710	49376.6	2.0688038576409715
711	50000.0	1.3413376578550846
712	45171.6	1.8676871841166034
713	46566.2	1.3336738118902804
714	50000.0	2.3826221734778237
715	46667.4	1.8664952686501013
716	45854.4	2.781523638693229
717	50000.0	2.113332486653162
718	45465.6	2.5856885071302416
719	50000.0	3.0158395457195204
720	44599.6	1.0081033809881954
721	42744.8	2.591627027231981
722	37810.2	1.5943724411392601
723	50000.0	2.2525636376389313
724	47795.6	1.9923356808418575
725	44232.0	0.9695029629213954
726	46830.8	1.6384258478007971
727	47464.2	1.3876523901694762
728	50000.0	3.0089042822286034
729	50000.0	1.987753119956237
730	46649.8	2.3208954264716826
731	50000.0	2.51847091729241
732	44281.8	2.963910478786656
733	50000.0	1.621117367850443
734	50000.0	2.061860015022393
735	46712.6	2.2825325443173092
736	50000.0	3.268204423618915
737	50000.0	2.6863894550686327
738	49400.0	1.9761563408957268
739	48939.6	2.487396670905601
740	48022.2	2.452999577400425
741	50000.0	3.488762892706107
742	50000.0	2.0556619489785333
743	47828.4	2.1984769173840255
744	42962.4	1.8895235066973697
745	50000.0	2.1295047057578236
746	50000.0	4.759856857390455
747	48342.0	2.0149468339746646
748	49523.0	4.159294271450279
749	45189.6	1.8564240125284592
750	50000.0	3.0805363612738876
751	50000.0	4.37910442211911
752	50000.0	2.945719726698519
753	50000.0	3.8723312143266475
754	50000.0	5.532812417206645
755	50000.0	3.704786225109314
756	50000.0	3.6769690229099843
757	50000.0	2.3204217917962255
758	50000.0	2.636666100393375
759	50000.0	3.553502273957168
760	50000.0	3.6435704084316796
761	50000.0	4.262154401626391
762	50000.0	2.501373818721727
763	50000.0	3.805321726330706
764	50000.0	6.144674598322753
765	50000.0	3.1625871364424176
766	50000.0	3.7635781771740313
767	50000.0	6.241109509759862
768	50000.0	3.4900667163597645
769	50000.0	4.185530074647463
770	50000.0	5.502782960075917
771	50000.0	3.514345671753054
772	50000.0	3.8073575389489136
773	50000.0	1.8868727801567071
774	50000.0	4.4386424694525415
775	50000.0	2.7587571395769817
776	50000.0	6.034727249237655
777	50000.0	3.1008352833951305
778	50000.0	3.446662076002675
779	50000.0	5.746302960613955
780	50000.0	3.2721888910824446
781	50000.0	4.1841530271035055
782	50000.0	4.64617676778826
783	50000.0	3.3648118381337624
784	50000.0	3.248894924140699
785	50000.0	5.102068298436149
786	50000.0	1.8272568914205336
787	50000.0	4.301455134417
788	50000.0	2.2974619802109473
789	50000.0	5.221049716819427
790	50000.0	4.723214077231384
791	50000.0	2.446407776019137
792	50000.0	2.025077098865115
793	50000.0	2.696974940210177
794	50000.0	2.1308445894939814
795	50000.0	2.680756849825979
796	50000.0	6.0988461304868355
797	50000.0	5.1692106030329725
798	50000.0	6.062195429515763
799	50000.0	2.327170996030642
800	50000.0	5.349692704620867
801	50000.0	7.295173149084874
802	50000.0	3.2024340684813226
803	50000.0	6.5724332310472375
804	50000.0	13.211160446747561
805	50000.0	5.728505997006418
806	50000.0	5.203129236349705
807	50000.0	6.160425048172454
808	50000.0	7.155166566162526
809	50000.0	14.486651201566175
810	50000.0	7.6445196139559854
811	50000.0	9.552556507577238
812	50000.0	9.981609837162582
813	50000.0	9.091982211026455
814	50000.0	9.43366142133549
815	50000.0	7.14395314028166
816	50000.0	15.166901705044063
817	50000.0	8.579117902875755
818	50000.0	9.127955370792836
819	50000.0	10.047920214387712
820	50000.0	6.5909572346730965
821	50000.0	9.249730923358964
822	50000.0	6.8752892656034685
823	50000.0	2.798168105842629
824	50000.0	7.117770125154129
825	50000.0	7.408153703313859
826	50000.0	7.537134835489473
827	50000.0	3.4572298014271055
828	50000.0	6.628807637803449
829	50000.0	3.943183991764054
830	50000.0	5.534313877047697
831	50000.0	7.502783402923384
832	50000.0	4.713102201954577
833	50000.0	4.326181211062306
834	50000.0	2.330552571711247
835	50000.0	3.2963514854335423
836	50000.0	8.717286125886826
837	50000.0	4.600400020975148
838	50000.0	13.779980732643901
839	50000.0	3.0949315575756153
840	50000.0	6.022509029951407
841	50000.0	5.30381821052631
842	50000.0	7.819195684603971
843	50000.0	4.6761056516009685
844	50000.0	6.079965725065594
845	50000.0	14.416386312510792
846	50000.0	9.076195434965118
847	50000.0	7.013603059211569
848	50000.0	6.690728282168189
849	50000.0	6.608206365392105
850	50000.0	22.134760849614526
851	50000.0	28.241795190272164
852	50000.0	7.1225710889443565
853	50000.0	26.960063781553817
854	50000.0	32.18655879837111
855	50000.0	20.312833776858348
856	50000.0	21.635487690669844
857	50000.0	27.737815484997448
858	50000.0	30.06473057656123
859	50000.0	51.8063939923847
860	50000.0	26.62777348141097
861	50000.0	34.819170032092856
862	50000.0	20.870288260038215
863	50000.0	27.356492691892925
864	50000.0	33.98194109397316
865	50000.0	21.26303190818119
866	50000.0	46.186672003122126
867	50000.0	23.757898244997055
868	50000.0	24.580532704483307
869	50000.0	20.268717187929557
870	50000.0	30.223439515429646
871	50000.0	35.989222726927125
872	50000.0	16.10071459458776
873	50000.0	11.944875620030547
874	50000.0	18.978217006971896
875	50000.0	16.931622854810524
876	50000.0	12.215833002046137
877	50000.0	10.906422384172348
878	50000.0	26.421718867498335
879	50000.0	12.54257743510598
880	50000.0	20.6780973022137
881	50000.0	28.633102482628438
882	50000.0	19.01233741454496
883	50000.0	11.650021564730329
884	50000.0	8.977852285199173
885	50000.0	12.165845951146894
886	50000.0	29.869222681543363
887	50000.0	18.36198308932642
888	50000.0	42.058357601079706
889	50000.0	14.064632059043493
890	50000.0	18.27964427585617
891	50000.0	23.00533198609678
892	50000.0	20.33598611130528
893	50000.0	17.166469494905044
894	50000.0	25.235067107261706
895	50000.0	47.7151496590289
896	50000.0	25.00458167914271
897	50000.0	23.91333549419415
898	50000.0	18.95195488866496
899	50000.0	21.71383820734415
900	50000.0	0.10170881172698891
901	50000.0	0.223207258251791
902	50000.0	0.27363014697466037
903	50000.0	0.1327889926791407
904	50000.0	0.17370199118546897
905	50000.0	0.16127678513062715
906	50000.0	0.2145137731275808
907	50000.0	0.153956886015885
908	50000.0	0.11578032016268498
909	44586.8	0.047861156729726774
910	50000.0	0.23696335142579733
911	50000.0	0.19936690065482754
912	50000.0	0.15828513673473116
913	50000.0	0.13749604220475006
914	46368.6	0.13044150724624703
915	50000.0	0.15046443230465806
916	50000.0	0.10639233502238454
917	48883.2	0.10399312790030298
918	50000.0	0.10543331949962323
919	50000.0	0.18907118583631774
920	50000.0	0.16077884299238487
921	50000.0	0.16799768086424346
922	50000.0	0.16695935694882724
923	48396.0	0.1246350817538227
924	50000.0	0.1956171663497061
925	50000.0	0.14146494928773395
926	50000.0	0.1511936169220048
927	50000.0	0.16893535044082472
928	45468.0	0.07383473946708126
929	50000.0	0.20789094842762026
930	50000.0	0.1414379552267679
931	50000.0	0.11708296404188748
932	50000.0	0.14078603515417232
933	48258.0	0.19028566883251816
934	50000.0	0.1599553102161332
935	50000.0	0.10289116038188642
936	50000.0	0.10430732847531524
937	43217.8	0.11050314788148033
938	50000.0	0.20883612480269848
939	50000.0	0.19375119005825833
940	50000.0	0.18533987865834084
941	50000.0	0.22648199626322113
942	50000.0	0.23364447038846664
943	50000.0	0.11145123201836729
944	46477.0	0.13924124064057003
945	50000.0	0.14096641436348117
946	50000.0	0.21049805133191288
947	50000.0	0.24638145757284846
948	50000.0	0.30082014003623386
949	50000.0	0.1031922395446184
950	50000.0	0.9545627177353486
951	50000.0	1.0833902654523524
952	50000.0	1.0823627575944585
953	50000.0	0.7998366114873309
954	50000.0	0.7244956358601022
955	50000.0	0.8073870380060046
956	50000.0	0.8701025228645729
957	50000.0	1.0866647190017973
958	50000.0	0.889815427755291
959	48355.4	0.6284716949084116
960	50000.0	0.8032880652450298
961	50000.0	0.9513879468559573
962	50000.0	0.8571106854166057
963	49162.2	0.5686792806001695
964	50000.0	0.8046014559550059
965	48733.4	0.917779788985154
966	49057.0	0.5388199618474379
967	45919.2	0.7424237655876371
968	50000.0	0.889815427755291
969	50000.0	0.9685453731944536
970	50000.0	0.8547114548857323
971	50000.0	1.0101072023145663
972	50000.0	0.9358413176132722
973	50000.0	1.091426317829398
974	50000.0	0.9617273080286315
975	50000.0	0.7991270786939348
976	50000.0	0.6988038908762086
977	48548.2	0.6949933757997206
978	50000.0	0.7075092258308647
979	50000.0	0.8118009525488494
980	47027.2	0.8158633721703001
981	50000.0	0.7377224348345518
982	50000.0	0.8656860078498825
983	50000.0	0.846325097083174
984	50000.0	0.9501639273816267
985	50000.0	0.8456156568272093
986	50000.0	0.7795256816374079
987	50000.0	0.7597654070456594
988	50000.0	1.05347432040173
989	50000.0	0.9301801310526265
990	47720.4	0.7403806012776037
991	50000.0	0.9393420898905044
992	50000.0	0.8624652740238501
993	50000.0	0.924665233702448
994	47720.4	0.7403806012776037
995	50000.0	1.0516237549951966
996	50000.0	0.9927003995740172
997	50000.0	0.7720646093755111
998	50000.0	1.0277008279921103
999	50000.0	0.8917560912691453
1000	46788.8	1.7144332437833434
1001	50000.0	1.0721791302506885
1002	40375.8	1.6398893623094313
1003	38180.2	1.6086748475830492
1004	45626.4	1.027509879591005
1005	45070.8	2.747707963426452
1006	38125.8	1.6349435537592405
1007	42154.6	1.251443253407993
1008	40669.6	1.5870916565506108
1009	48252.4	2.4926696798580967
1010	38975.4	1.9086343212173236
1011	50000.0	2.408202326209032
1012	50000.0	1.5474483455891765
1013	46878.8	2.236023554746289
1014	20758.0	0.08155691082675555
1015	674.4	4.389328792043649e-09
1016	38206.6	0.7640244324832608
1017	12123.8	0.2588084786690736
1018	50000.0	2.07201018652452
1019	45081.6	1.0990861736606958
1020	45772.4	1.8799597362292193
1021	40741.6	1.7916859677848198
1022	12455.2	0.38867455919071314
1023	50000.0	1.097398170446447
1024	50000.0	1.7339632042427375
1025	5110.8	6.9626779758663836e-09
1026	13343.2	4.777630165938187e-09
1027	2704.8	6.144082604299246e-09
1028	37466.2	1.3281999901879482
1029	6105.2	0.07951860807813595
1030	24982.6	0.714746299521125
1031	50000.0	0.9716807321981429
1032	39830.0	1.7309269214017982
1033	16546.8	3.1286256461681014e-08
1034	50000.0	2.231396716796066
1035	4836.6	5.225337983385323e-09
1036	624.0	5.1427191358656315e-09
1037	50000.0	1.130820914514945
1038	22787.8	0.3708627388718268
1039	50000.0	1.9902531189601074
1040	27093.4	0.4981022166153767
1041	41710.4	1.3875965291218388
1042	41120.8	2.444136218325741
1043	50000.0	1.8300619535289997
1044	12592.0	0.2867737929582902
1045	50000.0	2.108642925090301
1046	18981.8	0.5583301345416494
1047	40331.8	0.5918152536189243
1048	19895.6	4.630935588804459e-09
1049	50000.0	1.4696706378334554
1050	36870.6	0.8632424240741875
1051	811.2	5.20193502287298e-09
1052	50000.0	1.5659220242254022
1053	20688.8	0.7819995473809835
1054	40758.6	1.9291705163866393
1055	40153.6	0.9961786244507914
1056	50000.0	1.3962790221607295
1057	4568.8	4.886598779750235e-09
1058	45501.6	0.7489854154814826
1059	27432.8	0.3504837662185908
1060	20486.0	0.3796046272991401
1061	36607.4	2.5897034231142073
1062	50000.0	0.6266304584027951
1063	47356.4	1.8393406605663045
1064	46033.0	3.976302251326473
1065	21143.6	0.6556853518258903
1066	46487.8	0.6056438234414309
1067	50000.0	2.338493954965525
1068	45586.8	0.5226724263140204
1069	44491.4	2.4684881804105343
1070	1559.6	5.235292858073484e-09
1071	50000.0	1.5606734767759227
1072	11333.2	0.12377421247716072
1073	11804.4	0.7017736341699351
1074	50000.0	1.9549988966047045
1075	50000.0	2.11205443433441
1076	42959.2	3.212985385101228
1077	12411.8	0.19737322926712958
1078	2643.4	5.61194355391501e-09
1079	20444.0	0.7819995469444724
1080	41563.0	1.050681907483642
1081	12510.6	4.705424231259486e-09
1082	41470.0	0.47301144451501437
1083	1662.0	4.174258152409165e-09
1084	50000.0	1.886691384056747
1085	35405.0	0.9151530214100945
1086	40160.8	1.563999088913667
1087	46673.4	0.6064152362323039
1088	50000.0	0.6454453269853552
1089	35253.2	0.824014715668611
1090	50000.0	2.3451549169508445
1091	13383.6	0.1383713877101468
1092	48496.4	3.6624969210015017
1093	45076.8	0.622671220646646
1094	50000.0	1.9754379443023953
1095	15384.0	0.13837138740246627
1096	45603.6	0.9695240005735026
1097	24959.8	0.6343196254187895
1098	763.2	5.6960075736769326e-09
1099	45170.0	2.1358804273018586
1100	50000.0	0.5148598458518894
1101	50000.0	0.7380841249820137
1102	50000.0	0.6168945705430277
1103	50000.0	0.4375966332634159
1104	50000.0	0.8634186554183536
1105	50000.0	0.8566776694438136
1106	50000.0	0.5595040270395906
1107	50000.0	0.41253620458353896
1108	50000.0	0.39533382148620577
1109	50000.0	0.6364193245707301
1110	50000.0	0.590741641155253
1111	50000.0	0.7663012768181484
1112	50000.0	0.7618997222056962
1113	50000.0	0.501405264268145
1114	50000.0	0.5735435379580489
1115	50000.0	0.5675241745949183
1116	50000.0	0.5627389135383685
1117	50000.0	0.5009467192338003
1118	50000.0	0.46009100221037585
1119	50000.0	0.5490815708835268
1120	50000.0	0.5858082608258854
1121	50000.0	0.6392444093862172
1122	50000.0	0.7371092226574694
1123	50000.0	0.44851139347024843
1124	50000.0	0.46215057880501986
1125	50000.0	0.49990104271464497
1126	50000.0	0.5455172151554516
1127	50000.0	0.3115900539198867
1128	50000.0	0.4392350284717157
1129	50000.0	0.8742147322326342
1130	50000.0	0.8525237730043245
1131	50000.0	0.8697499104956933
1132	50000.0	0.27903279516507895
1133	50000.0	0.5751090492172104
1134	50000.0	0.4367013698527068
1135	50000.0	0.5343038671070645
1136	50000.0	0.6518475729059213
1137	50000.0	0.5222707081618827
1138	50000.0	0.6726436766590653
1139	50000.0	0.23744485312926686
1140	50000.0	0.6100941210969424
1141	50000.0	0.5980736025970128
1142	50000.0	0.29684768068483114
1143	50000.0	0.3625188943075623
1144	50000.0	0.4703479921481068
1145	50000.0	0.5289861472603532
1146	50000.0	1.0033577571318735
1147	50000.0	0.5673333069942685
1148	50000.0	0.606295473689803
1149	50000.0	0.380655956645775
1150	50000.0	8.770607250045925
1151	50000.0	8.006841287602326
1152	50000.0	6.228062694161226
1153	50000.0	2.7506744727343313
1154	50000.0	6.814912154744553
1155	50000.0	2.1521032415088923
1156	50000.0	4.469307403519349
1157	50000.0	8.810956040508412
1158	50000.0	2.90854389843644
1159	50000.0	5.70993611106446
1160	50000.0	7.508376486440623
1161	50000.0	7.0760217018941445
1162	50000.0	9.60083321167795
1163	50000.0	5.157600648459594
1164	50000.0	4.397511573563781
1165	50000.0	4.94680222502908
1166	50000.0	3.418423145428869
1167	50000.0	4.255282771337971
1168	50000.0	6.676779157519219
1169	50000.0	6.009875247034104
1170	50000.0	6.850176016436279
1171	50000.0	3.913137307909465
1172	50000.0	2.439503907076971
1173	50000.0	8.348121453376063
1174	50000.0	6.910945321508777
1175	50000.0	5.751502987022558
1176	50000.0	3.7492508896220897
1177	50000.0	2.0761180910225403
1178	50000.0	3.433506585996465
1179	50000.0	2.9307450984838255
1180	50000.0	8.691519246591191
1181	50000.0	5.042325366453763
1182	50000.0	3.5539338375886893
1183	50000.0	8.425142444810799
1184	50000.0	3.3796734938315964
1185	50000.0	7.630564234748427
1186	50000.0	7.963697364978247
1187	50000.0	7.697467818554701
1188	50000.0	3.2816245899104914
1189	50000.0	4.025998334999765
1190	50000.0	4.436175126438576
1191	50000.0	7.1934031253136395
1192	50000.0	3.019202389574038
1193	50000.0	6.653919354708629
1194	50000.0	9.19569994696255
1195	50000.0	4.095056410393466
1196	50000.0	4.352310373023746
1197	50000.0	3.9993475533470195
1198	50000.0	9.585312493245073
1199	50000.0	3.9646497416654918
