	0	1
0	4449.5	8.061543191124608e-09
1	4436.8	7.965002312620546e-09
2	4700.6	8.294881860275271e-09
3	4858.9	7.58203330322465e-09
4	4052.3	7.382030253611773e-09
5	4074.3	7.689286190495404e-09
6	4404.7	8.095525418376407e-09
7	4432.8	7.50201977550872e-09
8	4123.8	8.590645120103488e-09
9	4485.6	8.597276726968888e-09
10	4055.3	7.96191499599156e-09
11	4583.8	8.160342913123548e-09
12	4206.5	7.09662022293212e-09
13	4401.7	7.933514107769257e-09
14	4338.8	7.870050103527253e-09
15	4323.5	7.565240013506207e-09
16	4535.9	6.621276399749498e-09
17	4464.7	7.611876394776332e-09
18	4529.2	8.085173662602986e-09
19	4092.3	7.974265882707225e-09
20	8889.1	2.2709553065080782e-05
21	9052.7	3.19464026122803e-05
22	4431.1	7.563252804641348e-09
23	4349.1	7.2176556071684455e-09
24	4172.3	7.931451684622282e-09
25	4253.6	7.61131401275241e-09
26	4618.1	8.601885872197538e-09
27	4040.2	7.122315610643742e-09
28	4489.2	7.368773659035215e-09
29	4177.9	7.469026844494789e-09
30	4324.7	7.9620164198024e-09
31	4555.7	8.515659203920787e-09
32	5198.5	8.067005608064826e-09
33	4731.4	7.63395267321419e-09
34	4689.6	8.058208087224563e-09
35	4488.1	8.179007032420728e-09
36	4488.3	8.305339141363035e-09
37	4251.6	8.422479887927607e-09
38	4763.7	8.5535785827703e-09
39	4545.9	8.041824391704893e-09
40	4693.9	7.828003194810605e-09
41	4601.4	8.043604748958839e-09
42	4421.3	7.5021088846598e-09
43	9738.2	0.0007507604967058886
44	4348.0	8.05389959756668e-09
45	4234.8	8.544322774068206e-09
46	8853.5	8.427131592315917e-05
47	4512.0	8.441496317781153e-09
48	4302.0	7.891927410890558e-09
49	9193.9	4.754766137635002e-06
50	5731.5	8.00897778324209e-09
51	5465.3	8.001869682611492e-09
52	5925.2	7.495179137451397e-09
53	9851.1	1.0758346945976116
54	5768.2	6.638472840782159e-09
55	5509.7	7.855006409641983e-09
56	6058.9	7.953466445262547e-09
57	5963.6	7.959945614166294e-09
58	5468.8	8.605175398991982e-09
59	5650.6	8.558553054207575e-09
60	5813.2	8.493229098298043e-09
61	5531.1	6.819875616789042e-09
62	5875.4	7.2650811016882345e-09
63	5764.6	7.656611738062925e-09
64	10383.6	0.4528143104112671
65	5791.4	8.071874984159494e-09
66	5842.3	8.358277406103298e-09
67	5686.2	6.836437951876141e-09
68	5665.6	8.338233329908895e-09
69	5896.5	7.132280834548408e-09
70	5315.6	7.95230159371513e-09
71	5429.7	7.75302193675846e-09
72	5645.7	8.21771126919091e-09
73	5809.9	7.616036293833575e-09
74	5882.4	8.319943021000998e-09
75	6056.0	7.708749647809475e-09
76	5595.5	6.936187647571763e-09
77	5282.5	7.592774576361807e-09
78	5723.9	8.221457313892485e-09
79	5465.4	7.09913473522489e-09
80	5553.8	7.4059571816789394e-09
81	5381.5	7.584632376082824e-09
82	5603.2	6.7103601585632665e-09
83	5723.4	8.54252997440733e-09
84	5934.1	7.959151103289706e-09
85	5541.7	7.286000049229828e-09
86	5470.1	7.912190610592618e-09
87	5708.6	7.835770537345637e-09
88	6033.4	8.136235544110311e-09
89	5482.7	8.517664026818115e-09
90	5311.6	7.524742626453756e-09
91	5699.5	7.426484800585076e-09
92	5795.1	7.404599582094729e-09
93	5865.0	8.108883160225747e-09
94	5741.2	8.199739250279937e-09
95	5862.6	8.111396551288936e-09
96	5732.9	7.749619891219166e-09
97	5945.6	8.108409480120701e-09
98	5630.5	8.321534260543391e-09
99	5526.9	7.61431512576913e-09
100	50000.0	2.8218505745023186
101	50000.0	3.9798107590751384
102	50000.0	2.97477606284568
103	50000.0	2.6216516944531816
104	50000.0	2.972664051037419
105	50000.0	2.907848937291989
106	50000.0	3.759031630824674
107	50000.0	2.0063782923784563
108	50000.0	2.7962693866738335
109	50000.0	1.6621686662547615
110	50000.0	2.777195671323806
111	50000.0	5.6938836200155025
112	50000.0	4.0660718204256705
113	50000.0	2.8877853490338685
114	50000.0	2.9150144080949776
115	50000.0	3.056075860754837
116	50000.0	3.064093928541702
117	50000.0	2.9743970329005713
118	50000.0	3.083196570534659
119	50000.0	2.9257100119619697
120	50000.0	2.622171962291937
121	45548.2	2.1049353019022776
122	50000.0	3.9861961692563357
123	50000.0	2.8595990515212177
124	50000.0	2.985837055759847
125	45493.1	2.061382174841069
126	45649.3	2.114409570384194
127	45608.0	3.004493467024079
128	50000.0	3.723918225826022
129	50000.0	2.867289382259373
130	50000.0	2.792676592144121
131	50000.0	2.132435235778138
132	50000.0	2.5516776757989867
133	50000.0	8.930576385181661
134	50000.0	3.2102056530286456
135	50000.0	3.836588647309783
136	50000.0	2.956358926309593
137	50000.0	3.3964148468524042
138	50000.0	1.8166004967657685
139	50000.0	7.493210199987057
140	50000.0	3.1112518159680587
141	50000.0	3.6046296672177043
142	50000.0	3.0502909899175576
143	50000.0	3.780765481006103
144	50000.0	3.493467079756023
145	50000.0	3.2215628144519988
146	50000.0	2.7243390992935037
147	50000.0	2.997780562354359
148	45424.5	2.591474759167883
149	50000.0	2.849756346700129
150	50000.0	4.656713741410327
151	50000.0	5.963730276929045
152	50000.0	5.6030220663629136
153	50000.0	5.004991652388569
154	50000.0	5.074930947573765
155	50000.0	5.098366673401012
156	50000.0	4.729630850109084
157	50000.0	3.6166642105764466
158	50000.0	5.250269933499554
159	50000.0	4.2242531838378
160	50000.0	5.360471365488036
161	50000.0	6.117565057105745
162	50000.0	4.987046563660703
163	50000.0	5.064052008500705
164	50000.0	4.644652355384802
165	50000.0	5.129656016970822
166	50000.0	5.021493879950151
167	50000.0	4.707092555401332
168	50000.0	3.959380412850777
169	50000.0	5.500612340868309
170	50000.0	4.951680196549835
171	50000.0	3.785713422214323
172	50000.0	5.770021258355573
173	50000.0	5.646818997319203
174	50000.0	4.745116819397883
175	50000.0	3.315166654212291
176	50000.0	5.236940626149542
177	50000.0	4.793578307567676
178	50000.0	4.782886963752527
179	50000.0	4.339505749998964
180	50000.0	4.166147681081654
181	50000.0	4.222655547796364
182	50000.0	5.024242647239272
183	50000.0	6.9741068228532175
184	50000.0	5.170029826599579
185	50000.0	6.358221779130794
186	50000.0	5.083704982812998
187	50000.0	5.395149677633466
188	50000.0	3.1359366641167776
189	50000.0	6.862259651871957
190	50000.0	5.403444604604961
191	50000.0	5.72203025834636
192	50000.0	5.228512563514871
193	50000.0	5.518479724362678
194	50000.0	5.34144062924347
195	50000.0	4.634739939167771
196	50000.0	5.325505882867984
197	50000.0	5.018864993183334
198	50000.0	4.170870021574115
199	50000.0	4.544394690795427
200	5337.5	0.0
201	6736.9	0.0
202	8542.5	0.0
203	7012.7	0.0
204	6587.1	0.0
205	7381.9	0.0
206	7979.8	0.0
207	6269.6	0.0
208	7244.2	0.0
209	8307.1	0.0
210	6914.5	0.0
211	8882.1	0.0
212	7468.8	0.0
213	6736.9	0.0
214	7081.7	0.0
215	6590.6	0.0
216	6923.8	0.0
217	5584.5	0.0
218	7635.6	0.0
219	6269.6	0.0
220	7626.4	0.0
221	5110.1	0.0
222	7588.2	0.0
223	7174.2	0.0
224	7003.2	0.0
225	5982.3	0.0
226	6054.2	0.0
227	6573.6	0.0
228	5110.1	0.0
229	7081.7	0.0
230	5982.3	0.0
231	6379.7	0.0
232	8013.8	0.0
233	5470.5	0.0
234	5110.1	0.0
235	5801.9	0.0
236	6202.4	0.0
237	7285.6	0.0
238	6590.6	0.0
239	7174.2	0.0
240	8272.1	0.0
241	7243.0	0.0
242	8157.8	0.0
243	6269.6	0.0
244	5927.1	0.0
245	7721.6	0.0
246	7031.7	0.0
247	7243.0	0.0
248	6618.4	0.0
249	6913.7	0.0
250	50000.0	0.08163144388410085
251	50000.0	0.07867031368609254
252	50000.0	0.07416322300683328
253	50000.0	0.1283873231714287
254	50000.0	0.05236117075770572
255	50000.0	0.20993011556164975
256	50000.0	0.11788369066722777
257	50000.0	0.06720542427846883
258	50000.0	0.006794535475714611
259	50000.0	0.07527226253602738
260	50000.0	0.0024960102541826757
261	50000.0	0.02040148123039606
262	50000.0	0.16873410715389403
263	50000.0	0.00028585615285039984
264	50000.0	0.010526772985525807
265	50000.0	0.02044153529380826
266	50000.0	0.0933060995338735
267	50000.0	0.009295821874647725
268	50000.0	0.1823104213039197
269	50000.0	0.02821203930525686
270	50000.0	0.03079014539872772
271	50000.0	0.0020247604314395286
272	50000.0	0.010682846361325531
273	50000.0	0.08610356201590973
274	50000.0	0.18873116173707177
275	50000.0	0.12979038654434474
276	50000.0	0.07372289245310502
277	50000.0	0.04752498585152996
278	50000.0	0.056082254544128816
279	50000.0	0.011890128282939809
280	50000.0	0.0574408072674162
281	50000.0	0.03173887277612984
282	50000.0	0.1553217400955774
283	50000.0	0.011418848447145477
284	50000.0	0.03222014351828002
285	50000.0	0.0059875480255620036
286	50000.0	0.06147654012734706
287	50000.0	0.02877414441036662
288	46087.8	0.030472449356828385
289	50000.0	0.08617733863999728
290	50000.0	0.04726214547502976
291	50000.0	0.01345990332377894
292	50000.0	0.0063861352723459126
293	50000.0	0.06084697996185016
294	50000.0	0.007628964760353141
295	50000.0	0.09131444592117868
296	50000.0	0.03156471554466385
297	50000.0	2.7367260530330972e-05
298	50000.0	0.05404300754170986
299	50000.0	0.04483027259919283
300	2827.9	0.0
301	50000.0	92.94000000493944
302	50000.0	35.35000000460291
303	50000.0	3.820000005163359
304	50000.0	21.750000004918483
305	50000.0	64.7900000066645
306	50000.0	54.070000004199095
307	8374.9	0.0
308	50000.0	22.63000000494683
309	50000.0	15.540000006206657
310	4119.9	0.0
311	50000.0	396.0400000046255
312	50000.0	128.1100000043375
313	2771.7	0.0
314	50000.0	311.01000000379975
315	4189.5	0.0
316	50000.0	29.260000004283853
317	4196.5	0.0
318	50000.0	43.19000000510297
319	50000.0	1000.0000000051401
320	50000.0	290.97000000309293
321	5210.7	0.0
322	4733.7	0.0
323	5183.5	0.0
324	50000.0	412.9200000044887
325	50000.0	216.9400000069521
326	50000.0	117.5000000046527
327	50000.0	53.48000000444512
328	50000.0	7.780000004701409
329	50000.0	72.60000000473205
330	2846.8	0.0
331	50000.0	14.650000004362877
332	10489.0	0.0
333	50000.0	10.210000003804174
334	50000.0	39.06000000567243
335	3796.8	0.0
336	50000.0	263.2000000054461
337	50000.0	14.140000002872608
338	50000.0	42.42000000725009
339	50000.0	2.350000005140987
340	5432.8	0.0
341	2879.4	0.0
342	50000.0	675.0100000058277
343	3515.5	0.0
344	5122.0	0.0
345	2448.2	0.0
346	50000.0	56.8100000041394
347	50000.0	42.09000000513732
348	50000.0	45.7900000034406
349	2946.4	0.0
350	6270.6	8.111871755558976e-09
351	6144.6	6.633503087616349e-09
352	10744.0	0.24218900574287622
353	6400.5	7.638334865334586e-09
354	6549.4	7.83211905429252e-09
355	10615.3	0.07974509415418544
356	6438.7	6.24512166807419e-09
357	6386.7	7.003934277312414e-09
358	10712.9	0.270917114273861
359	6483.3	7.125861480155728e-09
360	10539.9	2.0344316568248995e-05
361	6584.0	8.045773413389715e-09
362	6150.5	6.945323574562779e-09
363	6924.8	7.710308325407271e-09
364	6032.9	8.258371470482963e-09
365	6277.5	7.718226908018243e-09
366	6208.4	6.2383924322862435e-09
367	6507.2	7.2659622843993884e-09
368	6424.2	8.70860178205535e-09
369	6589.9	7.753470969733165e-09
370	10213.2	0.26755062793043216
371	14949.2	0.4767828998138108
372	6304.7	7.948870277066842e-09
373	6272.1	7.266581346942813e-09
374	10999.4	0.15263436494391014
375	6292.4	7.850537394100968e-09
376	6594.2	7.67984916840728e-09
377	15107.5	0.45083990465579404
378	6451.5	7.798935876799516e-09
379	6726.7	6.62189935633394e-09
380	6370.7	7.77187267342454e-09
381	6143.1	8.20423185366509e-09
382	15647.1	0.46659143219117516
383	6181.2	7.973266342737769e-09
384	6374.5	8.41317757485315e-09
385	6268.9	7.777968116652486e-09
386	6520.6	7.98546310632079e-09
387	6267.5	8.105785876363309e-09
388	6433.2	7.93665595587606e-09
389	10981.0	0.1849362128385326
390	10825.5	0.2850530111573867
391	6566.6	8.002923322973824e-09
392	6339.2	7.3908043995502176e-09
393	6086.0	8.040924513885065e-09
394	6485.9	7.960573097850499e-09
395	6408.2	7.755662015305839e-09
396	10744.4	0.2115417815702063
397	10582.7	0.2704453349989403
398	10728.8	0.21916359653196005
399	6291.6	8.445330663696277e-09
400	6231.8	6.5835971303661305e-09
401	6270.5	7.007502116774783e-09
402	5749.8	7.655740116915235e-09
403	6193.4	8.489940914232666e-09
404	6040.9	8.060048470668187e-09
405	6222.6	8.130066478522441e-09
406	6102.4	8.149465452727265e-09
407	6386.7	7.298989786744526e-09
408	6292.5	7.740872757469778e-09
409	6208.4	7.946728168075223e-09
410	6420.1	7.481841181991189e-09
411	10673.5	0.06705833924563656
412	6186.7	8.288623846860273e-09
413	6285.5	7.841334352061518e-09
414	5556.3	8.145693388195516e-09
415	10335.5	5.857820420615979e-07
416	6419.2	7.755036051107747e-09
417	6080.8	8.003606763881988e-09
418	6358.3	7.288019910796151e-09
419	6300.5	6.669522089587899e-09
420	6157.2	7.335602052818097e-09
421	6053.1	6.897241008803429e-09
422	6327.2	8.077229968114567e-09
423	5964.5	7.816100381485996e-09
424	6270.3	8.000644263323335e-09
425	6231.2	7.994131452283392e-09
426	6313.0	8.134480328867087e-09
427	6249.1	7.074542327601987e-09
428	6142.8	7.91665142286293e-09
429	6309.3	7.711750221270099e-09
430	5955.7	7.1779401311666614e-09
431	6263.5	8.23057323450974e-09
432	6236.7	7.422779582221047e-09
433	10611.1	0.11134380531077628
434	6044.5	7.546881261287099e-09
435	6291.1	8.069469637369646e-09
436	6253.3	7.1023803636126815e-09
437	6426.3	6.976897031812002e-09
438	6079.1	8.410187721085682e-09
439	6024.2	7.440721252859464e-09
440	5801.2	7.879691014491371e-09
441	10849.1	0.10387914086453247
442	6552.3	7.909961642627458e-09
443	6151.0	8.533317485566782e-09
444	6407.1	7.586640562392506e-09
445	6188.2	8.120809115884099e-09
446	10296.5	0.06760049106142765
447	6144.4	7.782504240275269e-09
448	5812.9	7.123410197850286e-09
449	6109.9	7.75377851252974e-09
450	5544.0	8.518694071883769e-09
451	5652.3	7.838095613496841e-09
452	5618.5	8.956442602379588e-09
453	5703.7	8.024681087633577e-09
454	5393.1	8.172485128818459e-09
455	5570.9	7.572333402461543e-09
456	5487.8	8.819863961014156e-09
457	5318.3	7.910559717299633e-09
458	5709.6	8.189032483831222e-09
459	5498.7	8.670346158695823e-09
460	4943.4	7.017364698053561e-09
461	5849.7	8.617551571600796e-09
462	5645.7	8.614436742864205e-09
463	6058.1	8.390459525388327e-09
464	5604.7	8.089026443289232e-09
465	6015.1	8.682224254703264e-09
466	5336.0	8.803977009161093e-09
467	5389.4	8.198598634537647e-09
468	5556.9	8.519446679772767e-09
469	5956.9	7.70564119246392e-09
470	5649.8	7.872839921701162e-09
471	6036.5	7.484276684675093e-09
472	5866.5	8.026971171737942e-09
473	5566.9	7.945676446298731e-09
474	5552.2	8.39219958650989e-09
475	14636.0	0.8146950890278821
476	5611.0	6.345887667569711e-09
477	14435.8	7.904105647354429
478	5343.6	8.381167750623835e-09
479	9689.1	0.4433738610146123
480	19064.2	6.408249182951567
481	5314.7	8.300113455522144e-09
482	5568.9	8.817903076369757e-09
483	5678.7	8.225816601421154e-09
484	5748.6	8.519362133267702e-09
485	5711.3	7.908393136929581e-09
486	5505.8	8.364290749426036e-09
487	5419.3	8.426169798073536e-09
488	5518.8	8.125027564699045e-09
489	5520.9	8.513498544004655e-09
490	5892.6	7.86959488461782e-09
491	5310.9	7.359087269028974e-09
492	5629.1	6.808152628179317e-09
493	10362.4	0.5629638413500602
494	5763.0	8.180266542890867e-09
495	6030.7	7.587748880652273e-09
496	10024.3	0.9291973036282659
497	5757.2	7.837676426514513e-09
498	5569.2	7.806444185376227e-09
499	5137.5	7.663141136974304e-09
500	5823.4	8.297181252578999e-09
501	5944.9	6.7044093496245376e-09
502	5793.8	6.8349466136596404e-09
503	5661.0	6.4668828499072135e-09
504	6334.8	8.68039950309045e-09
505	5492.3	7.250212752418947e-09
506	7195.5	7.291391131836459e-09
507	6888.4	7.691096628285721e-09
508	13026.7	0.010607681413629961
509	6141.2	7.2844113687217456e-09
510	5341.5	7.214581558574778e-09
511	15157.4	0.15012958444848573
512	5903.1	8.26877182992121e-09
513	14861.8	0.04186148607916955
514	5958.1	8.491681301986306e-09
515	5209.4	7.967519041386665e-09
516	6445.8	7.470738873783289e-09
517	6306.7	7.504503502192307e-09
518	5239.2	7.126742954036048e-09
519	6166.4	8.18465313265634e-09
520	7353.7	8.287581485714689e-09
521	5544.2	8.028667391472117e-09
522	8191.2	8.103659688981155e-09
523	5503.8	6.92009370630737e-09
524	6275.4	7.839458494358711e-09
525	5587.9	7.401569385293628e-09
526	10216.5	0.08923313179736371
527	5235.3	7.174843853671557e-09
528	6196.8	6.775747817542013e-09
529	5575.0	8.207547044009522e-09
530	6183.3	7.961538601567706e-09
531	6517.7	7.514516571316443e-09
532	5544.1	7.585382197907164e-09
533	6897.3	7.837000739449694e-09
534	5881.7	7.57386977754185e-09
535	6852.5	7.863000765601733e-09
536	5342.9	8.099550145853328e-09
537	5644.6	6.872291796131748e-09
538	5840.9	8.343614352844503e-09
539	10964.9	0.08165691194627107
540	11013.5	0.0038574088965184204
541	11261.6	0.15948845085462984
542	5327.3	8.533887867591404e-09
543	11330.3	0.04193188324404836
544	10502.7	0.06817490898525683
545	5896.9	7.873577629278803e-09
546	19764.2	1.0673509588024144
547	5466.8	6.598653365019467e-09
548	5186.4	7.910062497621576e-09
549	5180.6	8.535954727046892e-09
550	18244.7	9.777124642003209e-06
551	13564.8	0.06789601874890469
552	33427.8	0.002189398651454141
553	42218.0	0.009936861724399152
554	20563.8	5.3966851120239985e-05
555	16273.6	0.0006300416645162889
556	41948.9	1.4802754218270233
557	8386.2	7.213643057053593e-09
558	45979.2	0.007645439108215008
559	8464.1	7.963528463135275e-09
560	12292.0	35.13134508531782
561	12694.9	0.08408080906650582
562	8305.4	6.560664248272235e-09
563	8314.6	7.744837032519858e-09
564	46015.2	3.5400754118329667
565	37958.6	0.8882535797654085
566	50000.0	0.10370184749029232
567	29760.6	0.5848316151732124
568	38230.6	1.4156154903539224
569	42045.9	0.06770367017308394
570	50000.0	1.246438229750495
571	17672.9	1.7633508166348046e-06
572	46116.5	0.015478291543075834
573	50000.0	1.1650627161277654
574	50000.0	0.02343836476378718
575	21180.8	0.13254160278688792
576	29065.2	149.19186415519778
577	7802.1	5.7735768074428695e-09
578	46082.2	0.19756361274016818
579	25913.5	0.013321959775235297
580	16357.4	0.004691440475246929
581	50000.0	0.02156311240363121
582	38043.4	0.0012453395791135896
583	30267.9	0.15531122662772734
584	12482.9	8.108180947617747
585	46074.0	0.01945572027091399
586	30233.3	0.012031699410685315
587	8232.1	5.691201968672314e-09
588	41813.6	0.12792540536333225
589	26395.5	6.821216651175827e-05
590	29100.6	0.4544906088611763
591	13183.2	0.023865372627291007
592	8284.2	7.2747642969094125e-09
593	46087.7	0.1881983151495753
594	8902.0	7.465302664257559e-09
595	17677.4	0.012437109283393857
596	42204.1	0.07207524392436138
597	29705.0	0.7043849049825706
598	8722.5	5.7595213247116366e-09
599	8402.1	5.7383548431155954e-09
600	8704.7	7.981805926140895e-09
601	8206.5	8.236448499938866e-09
602	8802.6	8.330515838708661e-09
603	20793.9	2.2176769471491453
604	8125.0	8.09451583290385e-09
605	8597.0	8.270762278023588e-09
606	8361.0	8.52203829065707e-09
607	8695.6	7.858274185158685e-09
608	8722.4	8.301803233828647e-09
609	8428.3	9.121295026029522e-09
610	8749.5	8.549724334883757e-09
611	8780.5	8.510705204283022e-09
612	8735.1	8.15978778228574e-09
613	8486.4	8.85692167698903e-09
614	8556.5	8.524545152056488e-09
615	12945.7	0.38420857597372077
616	8230.4	8.349120915211749e-09
617	8473.0	8.445194809194344e-09
618	8720.1	7.776265534205576e-09
619	8621.9	9.039413956020324e-09
620	17175.3	0.8183514304326482
621	8350.2	8.42226083518353e-09
622	7934.5	8.526974022366728e-09
623	8835.1	8.23949708999891e-09
624	8196.0	8.768845173100807e-09
625	8627.6	8.86950199442902e-09
626	8548.8	8.415160278316128e-09
627	8637.8	8.457090771730692e-09
628	8075.8	8.128437874270334e-09
629	8715.5	8.213210738586149e-09
630	8989.4	8.313068734918897e-09
631	8505.6	8.1702763141024e-09
632	8944.4	8.705484963253606e-09
633	8340.6	7.802406479651789e-09
634	8543.5	8.15609181977047e-09
635	8546.0	8.401310282266578e-09
636	8573.6	8.067161512064567e-09
637	8313.5	8.608902951961665e-09
638	12630.2	0.27167068061854377
639	8990.9	8.7712431363512e-09
640	8357.6	7.505091246315637e-09
641	12978.6	9.668162573134242e-08
642	8453.6	8.621792680648508e-09
643	8428.2	8.340688277325007e-09
644	8168.2	8.984537574088935e-09
645	9004.4	8.526025002470975e-09
646	24893.8	1.4421539982913174
647	12335.6	0.4921686283054402
648	8876.1	8.302898621076407e-09
649	12743.3	0.22018417862686915
650	4909.1	8.10193605752887e-09
651	5191.2	9.167173174929814e-09
652	5052.3	6.563682720644664e-09
653	4847.5	8.418075642976695e-09
654	4799.1	8.768473664657833e-09
655	5006.4	8.495368370013657e-09
656	5180.6	8.193694657516388e-09
657	5139.8	7.960776759820096e-09
658	4930.5	7.780985485234885e-09
659	5088.9	6.776744147572314e-09
660	9553.2	0.00041265839265250935
661	4745.9	6.9823410798872445e-09
662	4951.6	6.931964099968457e-09
663	9701.4	0.0002758518092999534
664	5204.7	8.292840777767396e-09
665	4714.1	7.129210489659006e-09
666	4870.9	8.00968576628094e-09
667	9669.3	0.00015303884183578363
668	5300.3	7.623537702098302e-09
669	5071.3	8.242264783885521e-09
670	5209.8	7.689921316543868e-09
671	4937.7	8.555198827517458e-09
672	4674.9	8.405939781695416e-09
673	4395.0	8.149741098563806e-09
674	4984.4	8.184079853699829e-09
675	4820.1	8.146222780736827e-09
676	4530.1	6.673138744770188e-09
677	9291.5	0.00011765337093588588
678	4332.8	7.843015032238978e-09
679	9888.5	0.00024356010958698904
680	4898.6	8.807634910116241e-09
681	4913.0	8.181641245127573e-09
682	4906.7	7.4017125819297276e-09
683	4868.2	8.075434009110538e-09
684	4816.8	8.022933729038608e-09
685	4839.3	6.738020436038388e-09
686	5008.0	8.359325777174428e-09
687	5270.9	8.33942546901896e-09
688	5165.0	7.647869430051994e-09
689	4902.9	8.24195476588283e-09
690	4845.9	8.233204156260303e-09
691	5436.9	7.721481999009797e-09
692	5081.4	7.248257378934711e-09
693	4871.1	8.178427618050488e-09
694	5088.4	7.884618484874974e-09
695	4914.0	8.020739653805362e-09
696	4746.0	7.514650025849666e-09
697	5095.2	7.920870803642497e-09
698	5073.6	8.2008136175645e-09
699	4640.1	8.208195263284592e-09
700	50000.0	0.8996795082600617
701	50000.0	2.381753875979374
702	50000.0	1.5823361914281042
703	50000.0	1.9132868432957817
704	50000.0	1.8525030428763956
705	50000.0	2.42238876961256
706	50000.0	3.041288213414391
707	50000.0	1.8577526212102682
708	50000.0	1.3030144926976848
709	50000.0	1.2259732865707125
710	50000.0	1.2447932934911043
711	50000.0	1.8775289804891937
712	50000.0	2.1184181831767814
713	45532.0	1.2216725360376959
714	50000.0	1.880508993388181
715	50000.0	2.3110866516533464
716	50000.0	2.4335736279059708
717	50000.0	1.6208155808278133
718	50000.0	1.1050989293969433
719	50000.0	2.1510033017015813
720	41091.5	0.7214490324712495
721	50000.0	1.6900428223390436
722	50000.0	2.483405412959835
723	50000.0	1.7277843926703358
724	50000.0	1.5442536874706072
725	50000.0	1.1809372416332315
726	50000.0	1.1039387828399203
727	50000.0	1.704452699406167
728	50000.0	1.0463321603777567
729	45389.2	0.7611613515203375
730	50000.0	2.388513598100912
731	50000.0	1.0501481874380476
732	50000.0	1.9780355467813977
733	50000.0	2.394469384805607
734	50000.0	1.089843338676902
735	50000.0	1.1363892704551897
736	50000.0	1.3266054636209539
737	50000.0	1.7521564854394096
738	50000.0	2.3475901990253343
739	50000.0	2.6067298591547616
740	50000.0	0.6876755377661163
741	50000.0	1.1170187849825333
742	50000.0	1.2223593270044322
743	50000.0	1.738659299256998
744	45462.8	1.0622065124280788
745	50000.0	1.663314994923081
746	50000.0	3.007749850493305
747	50000.0	1.3178775551656647
748	50000.0	2.07309944975758
749	50000.0	1.3019880264943036
750	50000.0	3.430630099619075
751	50000.0	4.237629180327088
752	50000.0	0.7645008552178049
753	50000.0	3.9963382606013242
754	50000.0	4.969199253253119
755	50000.0	5.314399881926556
756	50000.0	2.055995938539978
757	50000.0	2.4996459073747705
758	50000.0	1.1814366917765295
759	50000.0	4.195827836066771
760	50000.0	3.0070355170761256
761	50000.0	3.5559308529862257
762	50000.0	3.7017931654856175
763	50000.0	4.32935736259166
764	50000.0	5.900239739080075
765	50000.0	2.2990605223333516
766	50000.0	3.459343937346433
767	50000.0	6.299251932671977
768	50000.0	3.668762500775044
769	50000.0	4.57106806037807
770	50000.0	5.20466554609229
771	50000.0	2.7644153021092217
772	50000.0	2.6794625751354935
773	50000.0	2.4562580787885517
774	50000.0	4.007184196775501
775	50000.0	2.39097680906055
776	50000.0	5.247448839564864
777	50000.0	1.72603803004558
778	50000.0	4.128026102764831
779	50000.0	5.293538530897495
780	50000.0	2.4760583923055224
781	50000.0	4.209589812144775
782	50000.0	4.985458066279346
783	50000.0	2.7069335793299887
784	50000.0	4.238763140836615
785	50000.0	4.950879474594646
786	50000.0	2.4191766547102223
787	50000.0	5.248315078693136
788	50000.0	3.9290089722716792
789	50000.0	2.60689288220623
790	50000.0	5.107463409208932
791	50000.0	1.74351363234057
792	50000.0	2.2775112314130435
793	50000.0	2.2411947969057886
794	50000.0	2.7421092051272695
795	50000.0	2.115989828065362
796	50000.0	5.915092502260194
797	50000.0	5.226003627486258
798	50000.0	5.380979236727642
799	50000.0	2.6514578877779402
800	50000.0	5.351347646919312
801	50000.0	7.278229991272535
802	50000.0	3.130311229475115
803	50000.0	6.7141437647782976
804	50000.0	10.570236412776225
805	50000.0	5.728505979318667
806	50000.0	5.203129236346028
807	50000.0	6.1619603658033135
808	50000.0	7.1545844334038025
809	50000.0	13.75849534302714
810	50000.0	7.657353314482329
811	50000.0	9.35290697247472
812	50000.0	10.170789742276876
813	50000.0	9.092344745128356
814	50000.0	9.492578523726882
815	50000.0	7.026706015279762
816	50000.0	14.667893802704473
817	50000.0	8.617205109256883
818	50000.0	9.071700698504033
819	50000.0	10.475235725100859
820	50000.0	6.266345444041653
821	50000.0	9.228868248669945
822	50000.0	6.940834907653324
823	50000.0	2.3443075606754094
824	50000.0	7.279700561341654
825	50000.0	7.410276078840335
826	50000.0	7.0873841746352095
827	50000.0	3.4480615599903808
828	50000.0	6.5760512507956435
829	50000.0	4.2159809199578815
830	50000.0	5.534313869359886
831	50000.0	7.512923749831268
832	50000.0	4.737271791467785
833	50000.0	4.078595108464136
834	50000.0	2.330720654957658
835	50000.0	3.296351475639129
836	50000.0	8.87802806185081
837	50000.0	4.774660558953996
838	50000.0	13.851574769897061
839	50000.0	3.1883564279700343
840	50000.0	6.02481367020386
841	50000.0	5.348851604579999
842	50000.0	7.836080595943601
843	50000.0	4.661117293871404
844	50000.0	6.079965713245631
845	50000.0	13.601247521229672
846	50000.0	8.55354272681408
847	50000.0	7.021232182576361
848	50000.0	6.284422738422743
849	50000.0	6.607265252481821
850	50000.0	22.29076230990625
851	50000.0	27.00679119885221
852	50000.0	4.725206937277944
853	50000.0	25.802392017735816
854	50000.0	30.53472936264693
855	50000.0	20.113308063061197
856	50000.0	20.826174803628376
857	50000.0	26.992039638283984
858	50000.0	29.17066026805574
859	50000.0	51.76050837277379
860	50000.0	25.933070592838344
861	50000.0	36.09648362998394
862	50000.0	20.56645845376368
863	50000.0	26.744842180187668
864	50000.0	33.982625495915144
865	50000.0	20.881286703699907
866	50000.0	48.39268637742123
867	50000.0	24.489556590596322
868	50000.0	24.788267099501347
869	50000.0	20.67142151507996
870	50000.0	29.45433615837002
871	50000.0	34.59243330305334
872	50000.0	15.119318386086192
873	50000.0	12.295459638053922
874	50000.0	19.40881018705735
875	50000.0	16.86181569636066
876	50000.0	12.789568181067377
877	50000.0	10.2609813040935
878	50000.0	24.85358733982241
879	50000.0	11.785183257125125
880	50000.0	20.59932409469865
881	50000.0	28.18177043168139
882	50000.0	18.358662956237055
883	50000.0	11.093089750482344
884	50000.0	8.8717792657137
885	50000.0	11.939573706022099
886	50000.0	27.977283990414946
887	50000.0	18.108956736505593
888	50000.0	39.443360736601655
889	50000.0	14.044363424315867
890	50000.0	9.739106242123754
891	50000.0	22.578682700492145
892	50000.0	20.037922487239218
893	50000.0	17.177500661547647
894	50000.0	25.659733906352425
895	50000.0	45.7889857701536
896	50000.0	24.780119423140327
897	50000.0	23.105131498621773
898	50000.0	19.064552837760573
899	50000.0	21.621600031141277
900	45349.1	0.05507825701984572
901	45440.2	0.07365044533326888
902	45452.3	0.06398018651328866
903	50000.0	0.008532253025185631
904	50000.0	0.0722623797327607
905	50000.0	0.060552684986194726
906	50000.0	0.060310230572292414
907	50000.0	0.08545254349077994
908	50000.0	0.07255253897976477
909	45483.7	0.03727678691028995
910	46312.6	0.06293960062058321
911	50000.0	0.06761696330572846
912	45331.7	0.030779653663834415
913	47489.8	0.060111234548408096
914	50000.0	0.0608743494401379
915	50000.0	0.10960135987176275
916	50000.0	0.06500475099181013
917	45381.0	0.023087016932050376
918	50000.0	0.03510126644109075
919	50000.0	0.08360972912500345
920	50000.0	0.06639528304777062
921	45426.7	0.033583391456334336
922	50000.0	0.06061562497794064
923	50000.0	0.02279293781588727
924	50000.0	0.09609530915125682
925	45893.6	0.047309820985154794
926	50000.0	0.07304150663692308
927	50000.0	0.041657547286056126
928	50000.0	0.034752010007852795
929	50000.0	0.05597293399852621
930	50000.0	0.0659907026002637
931	45484.0	0.031357259650413916
932	50000.0	0.04623688526833316
933	50000.0	0.1063210163554146
934	50000.0	0.028443927781838952
935	50000.0	0.020225588183924614
936	50000.0	0.021293025572884438
937	50000.0	0.04627415000317168
938	50000.0	0.04328602999252364
939	50000.0	0.07074436551066174
940	50000.0	0.0777739301173618
941	45378.4	0.08006809425950027
942	50000.0	0.10443073223336174
943	50000.0	0.07979728709940855
944	50000.0	0.02544352639640124
945	50000.0	0.0367157684685564
946	50000.0	0.05979304475022964
947	45410.6	0.08301545001600648
948	50000.0	0.1118090507100387
949	50000.0	0.014943853692031616
950	50000.0	1.453963048914448
951	50000.0	1.5034585408087944
952	50000.0	1.2854972966344387
953	50000.0	1.3640550038727004
954	50000.0	1.4635882315304007
955	50000.0	1.3477938132027907
956	50000.0	1.4668555215410213
957	50000.0	1.4558967328826131
958	50000.0	1.2971855504539858
959	50000.0	1.4763948477557247
960	50000.0	1.2874949873440036
961	50000.0	1.43487387438281
962	50000.0	1.511328425243726
963	50000.0	1.4954254956083906
964	50000.0	1.3326958115302396
965	50000.0	1.267299650369918
966	50000.0	1.4319457132499847
967	50000.0	1.3928929121887532
968	50000.0	1.2865185335246097
969	50000.0	1.393576613513215
970	50000.0	1.3308541345829328
971	50000.0	1.293756141470499
972	50000.0	1.4398235753479418
973	50000.0	1.3014187059214444
974	50000.0	1.2634538185705384
975	50000.0	1.3283583226445852
976	50000.0	1.4499387003931066
977	50000.0	1.36362379821148
978	50000.0	1.402148824820434
979	50000.0	1.351603981499987
980	50000.0	1.2766480501731707
981	50000.0	1.274112572627941
982	50000.0	1.264836130750958
983	50000.0	1.1545034963473986
984	50000.0	1.3592909870718939
985	50000.0	1.2943124494665965
986	50000.0	1.3825853348378032
987	50000.0	1.2657947902803706
988	50000.0	1.3347179885710163
989	50000.0	1.3238487635671907
990	50000.0	1.430797145703444
991	50000.0	1.3733019659976118
992	50000.0	1.3911307437092924
993	50000.0	1.4709263133863701
994	50000.0	1.430797145703444
995	50000.0	1.4774723014864253
996	50000.0	1.3980402744399183
997	50000.0	1.4723965374001864
998	50000.0	1.2028711155757426
999	50000.0	1.452577200198387
1000	50000.0	2.936036149316566
1001	50000.0	1.2452555353042927
1002	50000.0	5.880868169426444
1003	50000.0	7.870397736276916
1004	50000.0	1.24625777958032
1005	50000.0	3.16980558729669
1006	50000.0	2.9233947638303492
1007	49554.0	1.3991392950955357
1008	50000.0	2.778107055210861
1009	50000.0	2.7476901337067203
1010	45322.2	7.617242391543333
1011	50000.0	6.281506508673779
1012	50000.0	1.7962804061236006
1013	47453.8	2.761709384516845
1014	50000.0	2.778058229010314
1015	2551.3	5.009423565671791e-09
1016	50000.0	1.2452555353042927
1017	50000.0	5.29839758289837
1018	50000.0	1.9377736503058163
1019	45229.4	4.736523302585471
1020	50000.0	7.856584531404776
1021	50000.0	7.71053114417702
1022	45195.2	4.756344553118102
1023	50000.0	0.6923160465626024
1024	50000.0	1.0496038747484664
1025	28940.1	0.18044478852427204
1026	50000.0	10.413323108608603
1027	16604.6	2.9342262980880924e-06
1028	50000.0	5.781364650659453
1029	26131.1	0.23557372114741604
1030	41628.8	0.06941924583248474
1031	50000.0	0.6926383168430776
1032	50000.0	2.6195620727807265
1033	50000.0	1.4686278018870191
1034	50000.0	2.0527012035206638
1035	20592.9	1.5938000752420585e-08
1036	2567.5	4.893547724184378e-09
1037	50000.0	3.1260761436819977
1038	20738.8	0.15630572871594392
1039	50000.0	5.444853676800464
1040	50000.0	1.3960715564254802
1041	50000.0	8.145038248851069
1042	50000.0	5.057651891216281
1043	50000.0	1.875562098230222
1044	18485.7	0.38754810372757087
1045	50000.0	2.1186349280202483
1046	50000.0	3.170069805550683
1047	50000.0	1.2452555353043135
1048	50000.0	3.027583961477595
1049	50000.0	1.9192954854040079
1050	50000.0	14.785046473710654
1051	4740.1	5.740982210218179e-09
1052	50000.0	2.3998830760076952
1053	26013.5	0.7819995473326142
1054	50000.0	7.271629193626628
1055	47546.3	10.030519403738406
1056	50000.0	0.6922238101370798
1057	17869.9	3.270555757134026e-08
1058	50000.0	2.453104555429545
1059	50000.0	1.955012542363285
1060	27642.1	0.1954999117082803
1061	50000.0	7.756270847781186
1062	50000.0	0.8200931138960531
1063	50000.0	11.125618450408243
1064	50000.0	27.81163717327298
1065	50000.0	0.8907509901283717
1066	50000.0	0.6921305601037467
1067	50000.0	2.5905477300896966
1068	50000.0	11.125618450408197
1069	50000.0	7.958342984911814
1070	12717.2	8.130908460128111e-07
1071	50000.0	1.9550210820783498
1072	38000.9	8.514619209996194
1073	50000.0	11.65955844106303
1074	50000.0	2.5940178778546894
1075	50000.0	3.303206893481531
1076	50000.0	16.894637783133827
1077	50000.0	12.681568687718302
1078	42556.6	2.3345291842400537
1079	23498.8	0.19549994730344372
1080	50000.0	8.627371899728583
1081	50000.0	1.0714510421464822
1082	50000.0	0.6441816924671357
1083	40361.9	0.3235247265133664
1084	50000.0	1.832378619849024
1085	50000.0	1.8308843799899457
1086	45044.9	1.5639990886406483
1087	50000.0	0.691909395380511
1088	50000.0	0.6918569111917655
1089	39209.1	4.375557001172053
1090	50000.0	2.5905477300897797
1091	27265.6	7.636914024144047e-06
1092	50000.0	4.075824533988056
1093	49677.4	0.6226712209280978
1094	50000.0	5.696973343439219
1095	18866.6	8.51147389400177e-09
1096	50000.0	0.6926154329881548
1097	50000.0	6.713627700941859
1098	26692.2	0.039637143304589416
1099	50000.0	9.37739980980285
1100	50000.0	0.1881512700298578
1101	50000.0	0.762022401794572
1102	50000.0	0.6302291049635834
1103	50000.0	0.5029232576357109
1104	50000.0	0.39844148699887566
1105	50000.0	0.6006728680269362
1106	50000.0	0.6965769821415075
1107	50000.0	0.5706181301151112
1108	50000.0	0.26902635010119713
1109	50000.0	0.2963096623146287
1110	50000.0	0.37062983828419327
1111	50000.0	0.3590327308846287
1112	50000.0	0.40935805714498363
1113	50000.0	0.48924128201929734
1114	50000.0	0.48947969638329825
1115	50000.0	0.5683721553920857
1116	50000.0	0.336923850373699
1117	50000.0	0.43296668670392346
1118	50000.0	0.3669106788017904
1119	50000.0	0.7080225930992133
1120	50000.0	0.4963579683383822
1121	50000.0	0.5140175716803717
1122	50000.0	0.5753286229500724
1123	50000.0	0.4803551514958633
1124	50000.0	0.4185770312568894
1125	50000.0	0.424430492969336
1126	50000.0	0.3502949983461368
1127	50000.0	0.46279112456981036
1128	50000.0	0.7661003401467463
1129	50000.0	0.6457620091403657
1130	50000.0	0.35571805625567066
1131	50000.0	0.37573193272091515
1132	50000.0	0.34124965355262643
1133	50000.0	0.48701081865397305
1134	50000.0	0.5219888797786921
1135	50000.0	0.5219008588239283
1136	50000.0	0.5497446862986552
1137	50000.0	0.6106964794787735
1138	50000.0	0.571634339400124
1139	50000.0	0.4267918884289701
1140	50000.0	0.46708359334818284
1141	50000.0	0.4465257888121318
1142	50000.0	0.5363566464505978
1143	50000.0	0.6307293200250289
1144	50000.0	0.46074234241645956
1145	50000.0	0.7721284472159426
1146	50000.0	0.4542082607560798
1147	50000.0	0.4897637560656465
1148	50000.0	0.7654383198182987
1149	50000.0	0.49207903233412587
1150	50000.0	4.530655509658388
1151	50000.0	4.952656752557974
1152	50000.0	5.250262713338478
1153	50000.0	1.9128878930478215
1154	50000.0	4.032107374080633
1155	50000.0	1.8657282893775744
1156	50000.0	2.0708453261404305
1157	50000.0	7.450802681503157
1158	50000.0	2.3764404329689772
1159	50000.0	3.534839712222278
1160	50000.0	5.284978450058693
1161	50000.0	4.577275316459795
1162	50000.0	7.8477813532041605
1163	50000.0	1.960246482115446
1164	50000.0	2.4469497965931293
1165	50000.0	3.0087426383676705
1166	50000.0	1.7885573547190519
1167	50000.0	2.327816323754421
1168	50000.0	4.873035962570235
1169	50000.0	2.2193694814393314
1170	50000.0	3.6262137923111895
1171	50000.0	2.5527235530106545
1172	50000.0	1.9994430628403648
1173	50000.0	6.36239784632968
1174	50000.0	7.820163100670506
1175	50000.0	4.084346343515077
1176	50000.0	1.8819462384082466
1177	50000.0	2.3305046728683108
1178	50000.0	2.603762405872726
1179	50000.0	1.8595937073820004
1180	50000.0	7.510921460625193
1181	50000.0	5.235804270707391
1182	50000.0	2.44564959686982
1183	50000.0	7.004679556890688
1184	50000.0	1.9128956175380984
1185	50000.0	4.942840229329903
1186	50000.0	7.119039954179118
1187	50000.0	6.698036021126432
1188	50000.0	1.881715082410198
1189	50000.0	2.4239407327360887
1190	50000.0	2.635367993651451
1191	50000.0	5.308310161760464
1192	50000.0	1.696223362700812
1193	50000.0	5.6393090611939245
1194	50000.0	6.749637241786452
1195	50000.0	2.4882169135072627
1196	50000.0	2.377329205101579
1197	50000.0	2.02916668252083
1198	50000.0	6.4319560167653735
1199	50000.0	2.3677113074710556
